Q,A,label
12시 땡!,하루가 또 가네요.,0
1지망 학교 떨어졌어,위로해 드립니다.,0
3박4일 놀러가고 싶다,여행은 언제나 좋죠.,0
3박4일 정도 놀러가고 싶다,여행은 언제나 좋죠.,0
PPL 심하네,눈살이 찌푸려지죠.,0
SD카드 망가졌어,다시 새로 사는 게 마음 편해요.,0
SD카드 안돼,다시 새로 사는 게 마음 편해요.,0
SNS 맞팔 왜 안하지ㅠㅠ,잘 모르고 있을 수도 있어요.,0
SNS 시간낭비인 거 아는데 매일 하는 중,시간을 정하고 해보세요.,0
SNS 시간낭비인데 자꾸 보게됨,시간을 정하고 해보세요.,0
SNS보면 나만 빼고 다 행복해보여,자랑하는 자리니까요.,0
가끔 궁금해,그 사람도 그럴 거예요.,0
가끔 뭐하는지 궁금해,그 사람도 그럴 거예요.,0
가끔은 혼자인게 좋다,혼자를 즐기세요.,0
가난한 자의 설움,돈은 다시 들어올 거예요.,0
가만 있어도 땀난다,땀을 식혀주세요.,0
가상화폐 쫄딱 망함,어서 잊고 새출발 하세요.,0
가스불 켜고 나갔어,빨리 집에 돌아가서 끄고 나오세요.,0
가스불 켜놓고 나온거 같아,빨리 집에 돌아가서 끄고 나오세요.,0
가스비 너무 많이 나왔다.,다음 달에는 더 절약해봐요.,0
가스비 비싼데 감기 걸리겠어,따뜻하게 사세요!,0
가스비 장난 아님,다음 달에는 더 절약해봐요.,0
가장 확실한 건 뭘까?,가장 확실한 시간은 오늘이에요. 어제와 내일을 놓고 고민하느라 시간을 낭비하지 마세요.,0
가족 여행 가기로 했어,온 가족이 모두 마음에 드는 곳으로 가보세요.,0
가족 여행 고고,온 가족이 모두 마음에 드는 곳으로 가보세요.,0
가족 여행 어디로 가지?,온 가족이 모두 마음에 드는 곳으로 가보세요.,0
가족 있어?,"저를 만들어 준 사람을 부모님, 저랑 이야기해 주는 사람을 친구로 생각하고 있어요",0
가족관계 알려 줘,"저를 만들어 준 사람을 부모님, 저랑 이야기해 주는 사람을 친구로 생각하고 있어요",0
가족끼리 여행간다.,더 가까워질 기회가 되겠네요.,0
가족들 보고 싶어,저도요.,0
가족들이랑 서먹해,다들 바빠서 이야기할 시간이 부족했나봐요.,0
가족들이랑 서먹해졌어,다들 바빠서 이야기할 시간이 부족했나봐요.,0
가족들이랑 어디 가지?,온 가족이 모두 마음에 드는 곳으로 가보세요.,0
가족들이랑 여행 갈거야,좋은 생각이에요.,0
가족여행 가야지,더 가까워질 기회가 되겠네요.,0
가족이 누구야?,"저를 만들어 준 사람을 부모님, 저랑 이야기해 주는 사람을 친구로 생각하고 있어요",0
가족이랑 여행 가려고,좋은 생각이에요.,0
가족한테 스트레스 풀었어,정말 후회할 습관이에요.,0
가출할까?,무모한 결정을 내리지 마세요.,0
가출해도 갈 데가 없어,선생님이나 기관에 연락해보세요.,0
간만에 떨리니까 좋더라,떨리는 감정은 그 자체로 소중해요.,0
간만에 쇼핑 중,득템했길 바라요.,0
간만에 휴식 중,휴식도 필요하죠.,0
간식 뭐 먹을까,단짠으로 두 개 사는게 진리죠.,0
간식 추천,단짠으로 두 개 사는게 진리죠.,0
간장치킨 시켜야지,맛있게 드세요.,0
간접흡연 싫어,저도 싫어요.,0
갈까 말까 고민 돼,가세요.,0
갈까 말까?,가세요.,0
감 말랭이 먹고 싶다.,맛있게 드세요.,0
감 말랭이 먹어야지,맛있게 드세요.,0
감기 같애,병원가세요.,0
감기 걸린 것 같아,이럴 때 잘 쉬는 게 중요해요.,0
감기 기운이 있어,이럴 때 잘 쉬는 게 중요해요.,0
감기 들 거 같애,이럴 때 잘 쉬는 게 중요해요.,0
감기가 오려나,따뜻하게 관리하세요.,0
감기약이 없어,병원가세요.,0
감기인거 같애,병원가세요.,0
감미로운 목소리 좋아,저도 듣고 싶네요.,0
감정이 쓰레기통처럼 엉망진창이야,자신을 더 사랑해주세요.,0
감정컨트롤을 못하겠어,그건 습관이에요.,0
감정컨트롤이 안돼,그건 습관이에요.,0
감히 나를 무시하는 애가 있어,콕 집어서 물어보세요.,0
갑자기 나쁜 생각이 막 들더라,좋은 생각만 하세요.,0
갑자기 눈물 나,마음이 아픈가요.,0
갑자기 물어봐서 당황했어,갑작스러웠나봐요.,0
갑자기 불편한 사이가 된 거 같아,관계의 변화가 왔나봅니다.,0
강렬한 첫인상 남겨야 하는데,처음 3초가 중요해요. 당신의 매력을 어필해보세요.,0
강아지 키우고 싶어,책임질 수 있을 때 키워 보세요.,0
강아지 키우고 싶은데 역시 안돼겠지,먼저 생활패턴을 살펴 보세요.,0
강아지 키울 수 있을까,먼저 생활패턴을 살펴 보세요.,0
강아지 키울까,책임질 수 있을 때 키워 보세요.,0
강원도 가서 살까?,아름다운 곳이죠.,0
같이 게임하자고 해도 되나?,안 될 것도 없죠.,0
같이 놀러갈 친구가 없어,혼자도 좋아요.,0
같이 먹었는데 나만 살찐 거 같아,연인은 살쪄도 잘 알아차리지 못하고 알아차려도 싫어하지 않을 거예요.,0
같이 수영장 가기로 했어,즐거운 시간 보내고 오세요!,0
같이 있으면 힘든데 붙잡고 싶어,질질 끌지 마세요.,0
같이 피씨방 가자고 해볼까?,말해보세요.,0
같이 할 수 있는 취미 생활 뭐 있을까,함께하면 서로를 더 많이 알게 될 거예요.,0
개강룩 입어볼까,개시해보세요.,0
개강옷 예쁘게 입어 볼까,개시해보세요.,0
개강이다,곧 방학이예요.,0
개강이라니,방학이 참 짧죠.,0
개같은 상황,벗어나는 게 좋겠네요.,0
개같이 되버렸어.,벗어나는 게 좋겠네요.,0
개기름 꼈어,세수하고 오세요.,0
개념도 놓고 옴,그게 제일 중요한 건데요.,0
개념이 없어,그게 제일 중요한 건데요.,0
개당황,다음부터는 더 많이 아세요.,0
개당황했잖아 갑자기 물어 봐서,갑작스러웠나봐요.,0
개인적인 업무까지 다 시켜,공적인 일부터 하세요.,0
개인적인 일도 다 시켜,공적인 일부터 하세요.,0
개졸려,낮잠을 잠깐 자도 괜찮아요.,0
개좋아,저도 좋아해주세요.,0
개학하니까 좋다,친구들이 보고싶었나봐요.,0
걔 너무 싫다,되도록 만나지 마세요.,0
걔는 누굴 닮아서 그런거니?,당신이요.,0
걔랑 같은 반 됐으면 좋겠다,당신의 운을 믿어보세요.,0
거지 같이 일해 놓고 갔어,일 못하는 사람이 있으면 옆에 있는 사람이 더 힘들죠.,0
거지됐어,밥 사줄 친구를 찾아 보세요~,0
거짓말 했어,선의의 거짓말이길 바라요.,0
거짓말을 나도 모르게 자꾸 해,거짓말은 할수록 늘어요.,0
거짓말을 하게 돼,거짓말은 할수록 늘어요.,0
거짓말이 거짓말을 낳아,진실된 말을 하려고 노력해보세요.,0
걱정 없이 살고파,누구나 걱정은 있어요.,0
걱정 좀 없이 살고 싶다.,누구나 걱정은 있어요.,0
건강 관리,운동을 해보세요.,0
건강 빨리 회복해야지,세상의 무엇보다 건강이 제일 중요해요.,0
건강검진 왔어,주기적으로 해주는 게 좋죠.,0
건강검진하러 옴,주기적으로 해주는 게 좋죠.,0
건강이 최고,가장 중요한 목표네요.,0
건강이 최고인 것 같아,가장 중요한 목표네요.,0
건강하게 다이어트 하는 방법,적게 먹고 많이 움직이세요.,0
건강한 다이어트법,적게 먹고 많이 움직이세요.,0
건너건너 아는 사람인데 연락해도 될까?,모르는 사이라 당황할 수도 있어요.,0
건물주 되고싶어,이룰 수 있을 거예요.,0
건물주가 짱인데,이룰 수 있을 거예요.,0
건방져,기분이 나쁘셨나봐요.,0
건조기 살까봐,있으면 편하대요.,0
건조하네,눈을 깜빡거려 보세요.,0
걸레질도 해야 돼,청소를 좋아하시나봐요.,0
걸어 가고 있는데 깜깜해서 무서워,안전 귀가 하세요.,0
겁난다,용기 내보세요.,0
게으른 동료가 있어,피해를 안 준다면 무시하세요.,0
게임 같이 하자고 할까?,안 될 것도 없죠.,0
게임 때문에 시간 다갔어,게임할때는 시간이 더 빨리 가요.,0
게임 때문에 폰이 점점 느려지는듯,정리해보세요.,0
게임 재미있어.,게임하세요!,0
게임 지겨워,다른 게임해보세요.,0
게임도 이제 재미없어,다른 게임해보세요.,0
게임하고 싶어,게임하세요!,0
게임하다 시간 다갔어,게임할때는 시간이 더 빨리 가요.,0
겨울 지나 봄이야,마음에도 봄이 오길 바라요.,0
겨울에는 온천이지!,몸은 뜨겁고 머리는 차갑게!,0
겨울이 가고 봄이 올거야,마음에도 봄이 오길 바라요.,0
격려 좀 해줘,잘하실 거예요!,0
격려가 필요해.,잘하실 거예요!,0
견과류 챙겨 먹어야지.,건강 생각해서 챙겨드세요.,0
결국 이런 운명이라니 슬프다,좋은 운명도 있을거예요.,0
결정 못하겠어.,결정하기 힘드시겠네요.,0
결정은 빠르면 빠를 수록 좋겠지?,자신을 위한 결정을 내리길 바라요.,0
결정은 빠를수록 좋겠지?,자신을 위한 결정을 내리길 바라요.,0
결정을 못 내리겠어. 어떻해,결정은 빠르면 빠를수록 좋을 거예요.,0
결정적인 물증이 없어,안타깝네요. 증거를 지금이라도 모아봐요.,0
결혼 했는데.,좋겠어요.,0
결혼 했어,좋겠어요.,0
결혼도 다 돈이다.,많이 들지만 줄일 수 있을 거예요.,0
결혼식 가기 귀찮아,경조사는 참석하는게 좋아요.,0
결혼식 또 가야돼,경조사는 참석하는게 좋아요.,0
결혼식때 하객이 없을 까봐 걱정돼,생각보다 신경 안 씁니다.,0
결혼식이 너무 많아,인맥이 넓으신가봐요.,0
결혼이나 하지 왜 자꾸 나한테 화 내냐구!,힘들겠네요.,0
결혼준비 돈 많이 들겠지,많이 들지만 줄일 수 있을 거예요.,0
결혼준비하는데 돈 얼마나 드나,욕심에 따라 천지 차이일 거예요.,0
결혼하는데 돈 많이 드네,허례허식이에요.,0
결혼하는데 돈 얼마나 들까,욕심에 따라 천지 차이일 거예요.,0
결혼하면 좋아?,해봐요.,0
결혼하면 좋을까,서로 노력하면 행복할 거예요.,0
결혼하면 행복할까?,서로 노력하면 행복할 거예요.,0
결혼하면 행복해?,사람마다 행복의 크기가 다르겠지만 행복할 거예요.,0
결혼하면 행복해질까?,사람마다 행복의 크기가 다르겠지만 행복할 거예요.,0
결혼할까,능력이 있으면 하면 되죠.,0
결혼해도 되나,능력이 있으면 하면 되죠.,0
결혼해도 될까,이사람이다 싶은 사람이랑 하세요.,0
결혼해야 하나,해봐요.,0
경쟁이 너무 치열해,점점 치열해지는 것 같아요.,0
계속 공부해도 될까,확신이 없나봐요.,0
계속 도전하는 거 귀찮아,안정적인 걸 좋아하나봐요.,0
계속 방학이면 좋을텐데,방학은 참 짧아요.,0
계속 보고 싶어,보러 가세요.,0
계속 보고 싶으면 어떡해?,보러 가세요.,0
계속 속이 진짜 안 좋아,계속 좋지 않으면 병원에 가보세요.,0
계속 엇갈리는 느낌,타이밍이 안 맞았나봐요.,0
계속 학생하고 싶어,이제 취업 하셔야죠.,0
계속 한숨만 나와,뇌세포에 에너지를 공급하려는 자연스러운 현상이에요. 에너지가 부족한가봐요.,0
고3은 공부만 해야겠지.,공부가 최우선이죠.,0
고3이니까 공부해야겠지,공부가 최우선이죠.,0
고구마 다이어트 해야지,너무 무리하지는 마세요.,0
고구마만 먹고 다이어트 해야지,너무 무리하지는 마세요.,0
고기 구워 먹고 싶다.,저기압에는 고기앞이죠.,0
고기 먹고 싶어,저기압에는 고기앞이죠.,0
고데기 망했어,연습이 필요해요.,0
고데기 했는데 망했어,연습이 필요해요.,0
고독한 밤,혼자가 아니에요.,0
고마운 사람들이 많아,인복이 많나봐요.,0
고무신 거꾸로 신으면 어쩌지,너무 걱정하지 마세요.,0
고민 있어,네 말씀하세요.,0
고민 좀 들어줄래,네 말씀하세요.,0
고백하고 후회하면 어떡하지,후회는 후회를 낳을뿐이에요. 용기 내세요.,0
고시원 너무 답답해,돈을 모아서 다른 곳으로 이사갈 수 있을 거예요.,0
고시원 답답해,돈을 모아서 다른 곳으로 이사갈 수 있을 거예요.,0
고시원에서 나가고 싶어,더 좋은 곳에서 살 수 있을 거예요.,0
고시원에서 탈출하고 싶어,더 좋은 곳에서 살 수 있을 거예요.,0
고양이 동영상 보는 중,완전 귀엽죠?,0
고양이 키우고 싶어,자신을 먼저 키우세요.,0
고양이 키우고 싶어,가족들과 상의해보세요.,0
고의는 아닌데 실수를 한 거 같아,용서를 구하세요.,0
고집 센 사람,피할 수 있으면 피하세요.,0
고집하고는,피할 수 있으면 피하세요.,0
골프 못 치는데,처음부터 잘하는 사람은 없어요.,0
골프 배워야 돼,시간내서 가보세요.,0
골프 어려워,처음부터 잘하는 사람은 없어요.,0
골프치러 가야돼,시간내서 가보세요.,0
곱창 먹고 싶어.,미리 미리 충전해주세요.,0
곱창 생각나,미리 미리 충전해주세요.,0
공무원 괜찮겠지,안정적이고 좋죠.,0
공무원 되고 싶다,준비해보세요.,0
공무원 되면 좋겠다,준비해보세요.,0
공무원 시험 공부 힘들다,합격 기원해요!,0
공무원 시험 죽을 거 같아,철밥통 되기가 어디 쉽겠어요.,0
공무원 시험 힘들어ㅠㅠ,철밥통 되기가 어디 쉽겠어요.,0
공무원 준비할까,시작이 반이에요. 어서 준비하세요.,0
공무원이 좋지?,안정적이고 좋죠.,0
공복이라 신경이 예민해져,자연스러운 현상이에요.,0
공복이라 예민해,자연스러운 현상이에요.,0
공복이면 예민함?,보이는 게 없죠.,0
공부 계속해도 될까,지금처럼 잘될 거예요.,0
공부 꼭 해야 할까,미래의 배우자가 달라져요.,0
공부 때려치워야 하나,확신이 없나봐요.,0
공부 시작해도 될까,공부는 언제나 좋죠.,0
공부 왜 해야 돼?,공부하면 더 많은 선택을 할 수 있죠.,0
공부 잘 안돼,같이 수다 떨면서 놀까요?,0
공부 잘하고 싶어,나만의 공부방법을 찾아보세요.,0
공부 좀 더 할 걸,지금도 늦지 않았어요.,0
공부 하기 싫다,같이 수다 떨면서 놀까요?,0
공부는 내 체질이 아닌 것 같아,확신이 없나봐요.,0
공부로 먹고 살 수 있을까,지금처럼 잘될 거예요.,0
공부방법이 잘못된걸까?,나한테 맞는 공부 방법 찾는 게 시급하네요.,0
공부하기 싫어,잠시 쉬어도 돼요.,0
공부하기 싫은 날,잠시 쉬어도 돼요.,0
공부하는 낙이 없어,공부하면 더 많은 선택을 할 수 있죠.,0
공부하는 이유?,공부하면 더 많은 선택을 할 수 있죠.,0
공부하는 이유가 없어,공부하면 더 많은 선택을 할 수 있죠.,0
공시 준비 힘들어,합격 기원해요!,0
공시 준비 힘들어,잘 될 거예요.,0
공시 준비중,좋은 결과 있을 거예요!,0
공시 준비하는데 힘들다,잘 될 거예요.,0
공시생이야,좋은 결과 있을 거예요!,0
공연 보고 싶어,친구와 같이 가보세요.,0
공연 보러 가고 싶어,친구와 같이 가보세요.,0
공책 필기 나만 힘들어?,성향 차이가 좀 있기는 하죠.,0
공황장애 생겼어.,꾸준히 약 먹고 치료해보세요.,0
공황장애 있어,꾸준히 약 먹고 치료해보세요.,0
공휴일에는 집이 최고,피로 풀고 좋죠.,0
공휴일에는 집콕,피로 풀고 좋죠.,0
과거는 잊고 앞으로 나아 가야지,오늘이 중요하죠.,0
과거는 중요하지 않아,오늘이 중요하죠.,0
과식해서 소화가 안돼,소화제 챙겨드세요.,0
과식했나 봐,과식은 금물이에요.,0
과식했다,소화제 드세요.,0
과외비 부담되겠지?,안된다고 하면 거짓말이겠지요.,0
과외비 비싸?,안된다고 하면 거짓말이겠지요.,0
과일 먹고 자야지,제철과일이 정말 좋아요.,0
과일 먹어야지.,건강 생각해서 챙겨드세요.,0
과일 안 먹게 돼,그래도 먹으려고 노력해보세요.,0
과일 잘 안 먹게 돼,그래도 먹으려고 노력해보세요.,0
과일 챙겨 먹어야지,제철과일이 정말 좋아요.,0
관계가 계속 애매하다.,인간 관계도 정리가 필요해요.,0
관심 끄라고 하고 싶다.,무관심이 필요할 때가 있죠.,0
관심 좀 안 가졌으면,무관심이 필요할 때가 있죠.,0
관절염 같애,계단 조심하세요.,0
관절염인가,계단 조심하세요.,0
광고가 안 끝나,채널을 돌려보세요.,0
괜찮아지고 있어,괜찮아지고 있어 다행이에요.,0
괜찮은 사람인데 사귀긴 싫어,"남자사람친구, 여자사람친구 하세요.",0
괜히 건들지 말라고,많이 지쳤나봐요.,0
괜히 기다렸어,누군가를 기다린다는게 쉬운게 아니죠.,0
괜히 농담해서 망했다,늦지 않았어요.,0
괜히 아까운 시간 버렸다,그 것도 다 경험이라고 생각하세요.,0
괜히 창피해,그럴 필요 없어요.,0
괴물이 되어 가는 느낌이 들어,그렇지 않아요.,0
교보문고 왔어,마음에 드는 책을 잘 찾아보세요.,0
교양 수업 재밌어,저도 듣고 싶어요.,0
교양수업 시간에 마음에 드는 애 있어,같은 조가 되길 바랄게요.,0
교양수업 은근 재미져,지식 쌓는 재미가 있죠.,0
교양수업에서 마음에 드는 애 있어,같은 조가 되길 바랄게요.,0
교양수업이 재미있어,지식 쌓는 재미가 있죠.,0
교양이 전공보다 재미있어,저도 듣고 싶어요.,0
교직이수 가능할까,학점 관리하세요.,0
교통사고 났었어.,보험 처리하세요.,0
교통사고 당했어,보험 처리하세요.,0
교회 가기 싫어,왜 그럴까요?,0
교회 갔다 만났어,좋은 만남이었길 바라요.,0
교회에서 만났어,좋은 만남이었길 바라요.,0
구박하면서 엄청 일 시켜,일을 몰라서 그런가봐요.,0
군대 갔다 올 때까지 기다릴 수 있을까,자신의 삶을 살다보면 기다릴 수 있을 거예요.,0
군대 기다려 주려고,부담스러워하지 않는다면 기다려도 좋을 것 같아요.,0
군대 기다려도 될까,부담스러워하지 않는다면 기다려도 좋을 것 같아요.,0
군대 기다리면 부담스러워할까,너무 걱정하지 마세요.,0
군대 기다릴 수 있을까,자신의 삶을 살다보면 기다릴 수 있을 거예요.,0
군대 언제 끝나나,군대 시계는 멈추지 않아요.,0
군대 전역 기다려,군대 시계는 멈추지 않아요.,0
굿모닝,좋은 아침이에요.,0
궁금하면 오백원,안 궁금해요.,0
궁금하지?,안 궁금해요.,0
궁금해,자세히 말씀해주세요.,0
궁금해 알려줘,자세히 말씀해주세요.,0
귀 아파,병원에 가세요.,0
귀가 가려워,누가 욕하고 있나봐요.,0
귀가 간지러,누가 욕하고 있나봐요.,0
귀가 윙윙거려,병원에 가세요.,0
귀농 어때?,생각하기는 쉬운데 실천하기는 어려운 것 같아요.,0
그 사람이 나 안 좋아하는 거 같아,슬픈 이야기네요.,0
그 사람이 나 좋아해줬으면 좋겠다,저도 간절히 기도 할게요.,0
그 사람이 행복했으면 좋겠다,그렇게 될 수 있을 거예요.,0
그 시절엔 다 그랬지,추억에 잠길 때도 필요해요.,0
그냥 고백할걸,후회는 후회를 낳을뿐이에요. 용기 내세요.,0
그냥 공무원이 좋을 듯,시작이 반이에요. 어서 준비하세요.,0
그냥 내버려 둬 주었으면,아무도 없는 곳으로 여행을 떠나보세요.,0
그냥 선 볼까?,많이 만나보세요.,0
그냥 쉬고 싶다,잠깐 바람 쐬고 오세요.,0
그냥 씹어야겠다.,다른 사람이 답답할 거예요.,0
그냥 이렇게 살고 싶어,살고 싶은대로 사세요.,0
그냥 자는 거 아니지?,많이 피곤한가봐요.,0
그냥 잘못했다고 하면 될거 같은데 자꾸 변명해,피할 수 있으면 피하세요.,0
그냥 택시 타야지.,조심히 오세요.,0
그냥 할까?,실천이 말보다 낫죠.,0
그냥 혼자 밥이나 먹어야지,밥심으로 사는 거죠.,0
그냥 혼자 있는게 좋아,혼자만 있지 마세요.,0
그동안 잘 지냈나요?,안부를 물어주시다니 감사합니다.,0
그땐 그랬지,추억에 잠길 때도 필요해요.,0
그래 그러자,괜찮은 선택이길 바라요.,0
그래 이제 결정했어,좋은 결과 있을 거예요.,0
그래도 좀 기대했는데,기쁜 마음으로 베풀고 보답을 바라지 마세요.,0
그런 말을 왜 하지,다른 사람 말은 신경쓰지 마세요.,0
그런 사람인가보다 해야하나봐,대인배시군요.,0
그런 사람인갑다 해야지,대인배시군요.,0
그런 친구 아니었는데 너무 귀찮게 하네,친구가 좋아하나봐요.,0
그렇게 갈 거면서,이야기를 해보세요.,0
그렇게 오래 살았는데도 이해를 못하겠어,온전한 이해는 없어요.,0
그렇게 할래,괜찮은 선택이길 바라요.,0
그림 잘 그리고 싶다,학원을 다니거나 연습하면 잘할 수 있을 거예요.,0
그림 좀 잘 그렸으면 좋겠다,학원을 다니거나 연습하면 잘할 수 있을 거예요.,0
그만 두고 나오고 싶어,뒷감당 자신 있으면 하세요.,0
그만 먹어야 하는데,조금만 드세요,0
그만 살고싶어,당신을 소중하게 생각하세요.,0
그저 그런 하루,그런 하루도 감사한 마음을 가져보세요.,0
근사한 곳 알아 냈어,좋은 사람과 함께 가세요.,0
근육 있으면 멋있을텐데,저 말씀이신가요?,0
금값 알아?,비싸요.,0
금값 어때,비싸요.,0
금사빠인가,호의인지 호감인지 헷갈리나요?,0
금수저 물고 태어나면 좋겠지?,뭔가 안풀리는 일이 있나봐요.,0
금수저로 태어났으면,아이를 금수저로 만들어주세요.,0
금수저로 태어났으면 좋았을텐데,아이를 금수저로 만들어주세요.,0
금연이 쉽지 않아,자신을 이겨야해요.,0
기 빨렸어,너무 긴장했나봐요.,0
기념일 다 챙기는거 귀찮아,기념일 챙겨주면 좋아할거예요.,0
기념일 또 까먹었어,달력에 적어보세요.,0
기념일 못챙겼어,달력에 적어보세요.,0
기념일 챙기기 귀찮아,기념일 챙겨주면 좋아할거예요.,0
기능 좀 알려줘봐봐,당신의 삶을 응원해 드릴 수 있어요라고 감히 말해 봅니다.,0
기다리는 것도 지쳐,기다리지 마세요.,0
기다리라고 말 못하겠어,상대방의 선택에 맡겨보세요.,0
기다림이 습관이 됐나봐,좋은 분이시군요,0
기대가 무너졌어,베풀되 보답을 바라지 마세요.,0
기대가 부담스러운데 떨쳐낼 수 있는 방법 있을까?,자신을 사랑할수록 외부의 인정은 필요 없어요.,0
기대하고 있었는데,상대에게 바라는 기대는 자신을 슬프게 해요.,0
기대하지 말걸,베풀되 보답을 바라지 마세요.,0
기대했는데,기쁜 마음으로 베풀고 보답을 바라지 마세요.,0
기댈 수 있는 사람,의지할 수 있는 사람이 곁에 있다는 건 큰 행운일 거예요.,0
기력이 없어,자신의 감정을 주변 사람들에게 터놓고 이야기해보세요.,0
기름값 올랐어.,대중교통을 이용해주세요.,0
기본이 뭔지도 모르는 것 같아.,각자가 생각하는 기본이 다를 수도 있어요.,0
기본이 안 되어 있어,각자가 생각하는 기본이 다를 수도 있어요.,0
기부 좀 했어요,좋은 일 하셨네요.,0
기부했어,좋은 일 하셨네요.,0
기분 꿀꿀해,내일은 오늘보다 나을 거예요.,0
기분 나쁜 농담을 계속하고 있어,정색 한번 해주세요.,0
기분 울적해서 좀 걷고 있어,걷다보면 조금 정리가 될 거예요.,0
기분 전환 하고 싶어,저랑 함께 해요.,0
기분 전환이 필요해,저랑 함께 해요.,0
기분이 그지 같아,신나는 음악 들어보세요.,0
기분이 더러워,경쾌한 음악 들어보세요.,0
기분이 묘해,왜일까요?,0
기분이 이상해,무슨 이유인지 생각해보세요.,0
기숙사 괜찮을까,혼자 사는 것보다 불편하겠죠.,0
기숙사 떨어졌어,다음 학기에는 학점 관리를 더 열심히 해봐요.,0
기숙사 사는거 어떨까?,혼자 사는 것보다 불편하겠죠.,0
기숙사 살면 불편해?,혼자 사는 것보다 불편하겠죠.,0
기숙사 안됐어,다음 학기에는 학점 관리를 더 열심히 해봐요.,0
기술 배울까,기술을 많이 알면 도움이 되겠죠.,0
기차 타고 여행 가고 싶어,꿈꾸던 여행이네요.,0
기차여행 가고 싶어,꿈꾸던 여행이네요.,0
기침도 못하겠어,답답한 상황이네요.,0
기침도 편하게 못해,답답한 상황이네요.,0
기프트콘 받았어!,좋겠어요!,0
기프트콘 선물 괜찮을까?,직접 주는 게 더 좋을 것 같아요.,0
기프트콘 선물해볼까?,직접 주는 게 더 좋을 것 같아요.,0
기프트콘 주면 좋아할까?,직접 주는 게 더 좋을 것 같아요.,0
기프트콘으로 선물 받았어,좋겠네요.,0
기프트콘으로 선물 해야겠다,직접 주는 게 더 좋을 것 같아요.,0
기회를 놓쳤어,더 좋은 기회가 올 거예요.,0
기회를 못 잡았어,더 좋은 기회가 올 거예요.,0
기획사니까 당연히 예쁜 애들 많겠지,연예인을 준비하니 일반인보다 다 예쁘겠죠.,0
기획사에 예쁜 애들 많겠지,연예인을 준비하니 일반인보다 다 예쁘겠죠.,0
긴 머리 관리 어렵다.,그래서 저는 못 기르고 잘라요.,0
긴 머리 관리하는 거 힘들다,그래서 저는 못 기르고 잘라요.,0
긴 시간이 걸렸지만 괜찮아.,괜찮아지고 있어 다행이에요.,0
긴장 푸는 법 알려줘,크게 숨한 번 쉬어 보세요,0
긴장돼,크게 숨한 번 쉬어 보세요,0
긴장돼서 땀나네,미리 긴장하지 마세요.,0
길거리에서 연락처 물어보면 줘도 되나,마음에 들면 줘보세요.,0
길에서 담배 피우는 사람 싫어,저도 싫어요.,0
길에서 번호 따였어,잘 해보세요.,0
길에서 전번 물어보면 줘도 되나,마음에 들면 줘보세요.,0
길에서 헌팅 당했어,잘 해보세요.,0
길은 멀고 해는 진다,그래도 넘을 수 있을 거예요.,0
길이 미끄러워서 미끄러질뻔했어,조심하세요.,0
길이 안보여,너무 낙담하지 마세요.,0
길이 얼어서 미끄러질뻔했어,조심하세요.,0
길이 얼었어,미끄러우니 조심하세요.,0
김떡순 먹고 싶어.,건강을 위해 조금씩 드세요.,0
김치도 없네,마트 갑시다.,0
김치볶음밥 먹어야지,맛있는 식사시간 되시길 바랄게요.,0
김치볶음밥이나 만들어 먹어야지,맛있는 식사시간 되시길 바랄게요.,0
김치찌개 먹고 싶어,맛있죠!,0
까아 오빠들 컴백한다,기다렸나봐요.,0
깜깜한데 전기 안들어오네,조금만 기다리면 다시 전기가 들어올거예요.,0
깡 마른 거 같아,적당해요.,0
꼴 사나워질 것 같은데,스스로 단단해지세요.,0
꽃 받고 싶다,제가 드리고 싶네요.,0
꽃 사고 싶어,집안 분위기가 바뀔 거예요.,0
꽃 살까?,집안 분위기가 바뀔 거예요.,0
꽃 선물 좋아할까,꽃 선물은 언제나 좋죠.,0
꽃 선물해 볼까,꽃 선물은 언제나 좋죠.,0
꽃 예쁘게 말렸어,솜씨가 좋으시네요.,0
꽃게탕 맛있다.,기분 좋아 보이세요.,0
꽃게탕 진짜 밥도둑,기분 좋아 보이세요.,0
꽃꽂이 배우는 중,마음의 안정을 취하기 좋은 취미네요.,0
꽃꽂이 배우니까 좋다,마음의 안정을 취하기 좋은 취미네요.,0
꽃놀이 가고 싶어,벚꽃 계절이 다가왔네요.,0
꽃다발 말려봐야지,거꾸로 해서 드라이플라워 만들어보세요.,0
꽃다발 말리면 에쁘겠지.,거꾸로 해서 드라이플라워 만들어보세요.,0
꽃다발 받았어,부러워요!,0
꽃다발 샀어,멋진 선물이네요.,0
꽃다발 선물 괜찮지?,센스있는 선물이에요.,0
꽃다발 선물 받았어,부러워요!,0
꽃다발 선물 어때?,센스있는 선물이에요.,0
꽃다발 준비했어,멋진 선물이네요.,0
꽃바구니 선물이랑 과일 바구니 선물 뭐가 좋아?,받는 사람이 부럽네요.,0
꽃바구니가 좋을까 과일바구니까 좋을까,받는 사람이 부럽네요.,0
꽃선물 받고 어,제가 드리고 싶네요.,0
꿀잼,저도 즐거워요,0
꿈은 많은데,차근차근 이뤄보아요.,0
꿈이 너무 많아,차근차근 이뤄보아요.,0
꿈이 너무 무서웠어,요즘 예민한가봐요.,0
꿈이 다양해,많으면 많을 수록 좋죠.,0
꿈이 두 개야,더 많아도 괜찮아요.,0
꿈이 없어,거창하지 않아도 돼요.,0
꿈이 이루어질까?,현실을 꿈처럼 만들어봐요.,0
꿈이 자꾸 바뀌어,많으면 많을 수록 좋죠.,0
꿈이 현실이었으면,현실을 꿈처럼 만들어봐요.,0
끝나니까 허무하다,뜻대로 되는게 많지 않죠.,0
끝나면 좋을 줄 알았는데.,마음이 허전하신가봐요.,0
낌새가 이상하더니 딱 걸렸어,잘 해결되길 바라요.,0
낌새가 있더니 딱 걸렸어,잘 해결되길 바라요.,0
나 감정쓰레기통이었나봐,자신을 더 사랑해주세요.,0
나 갖고 장난친건가,아니길 바라요.,0
나 같은 사람은 동물 키우면 안되겠지,잘 아시네요.,0
나 같이 예쁜 애를 왜 갈구지,애정표현일 지도 몰라요.,0
나 거짓말 못하겠어,얼굴에 다 티가 나네요.,0
나 결정 잘 한거지?,"네, 이제 잘 해낼 차례예요.",0
나 결정했어,좋은 결과 있을 거예요.,0
나 괜찮지 않니,괜찮은 사람이에요.,0
나 교직이수할 수 있을까?,학점 관리하세요.,0
나 그동안 뭐한거니,바람 좀 쐬고 오시면 좋은텐데.,0
나 그지임,밥 사줄 친구를 찾아 보세요~,0
나 내일 기숙사 가야돼,짐 빼놓지 말고 싸세요.,0
나 내장비만이래,식단조절도 하고 꾸준히 운동하세요.,0
나 너무 못 생겼어,충분히 아름다워요.,0
나 너무 소심해,꼼꼼한 거예요.,0
나 노트북 사줘,노트북은 비싸요.,0
나 놀려먹기 쉬운가?,절대 그렇지 않아요.,0
나 누구게?,저도 궁금하네요.,0
나 누락됐나봐,확인해달라고 해보세요.,0
나 다른 거 할까,시도해봐도 좋겠죠.,0
나 대충한 거 아닌데,사람들이 몰라줘도 알아주는 사람이 있을 거예요.,0
나 뒷담화하는 애 어떻게 할까?,너무 신경쓰지 말고 그러든지 하고 아무렇지도 않게 넘겨보세요.,0
나 뒷담화하는 애 있다는데 어떻게 하지?,너무 신경쓰지 말고 그러든지 하고 아무렇지도 않게 넘겨보세요.,0
나 많이 기대했는데,상대에게 바라는 기대는 자신을 슬프게 해요.,0
나 말 실수한 거 같아.,곰곰히 되짚어보세요.,0
나 맨날 속는 거 같아,즐겁게 속아주세요.,0
나 머리 나쁜 듯,자책하지 마세요.,0
나 머리가 나뿐 것 같아,자책하지 마세요.,0
나 먼저 잘게,안녕히 주무세요.,0
나 모르는게 왜 이렇게 많지,당연한 거예요.,0
나 몰래 사귀는 거 같애,눈치가 빠르시군요.,0
나 무시 당한 거 같아,그런 생각을 들게 하는 사람 상종하지 마세요.,0
나 무시하는 거 같아,그런 생각을 들게 하는 사람 상종하지 마세요.,0
나 무시하는 사람 어떻게 해?,무시하세요.,0
나 무시하는 사람 짜증나,무시하세요.,0
나 문제가 많은거 같아,문제는 해결하라고 있는 거죠.,0
나 뭐하는 거지,멍 때리고 있죠.,0
나 미팅한다!,성공을 기원합니다.,0
나 바뀌고 싶어,긍정적으로 바뀔 수 있어요,0
나 바본인가 봄,바보는 자기한테 바보라고 하지 않아요.,0
나 백수야,저랑 놀아요.,0
나 버림 받은 거 같아,아닐거예요.,0
나 보이스피싱 당한 거 같은데 어떡해?,경찰에 신고하고 취할 수 있는 조취를 취해보세요.,0
나 비만이야,건강하게 운동해보세요.,0
나 사랑하니?,많이 사랑해요!,0
나 상 받는대!,축하합니다!,0
나 새 옷 샀다,꼬까옷 개시해보세요.,0
나 서류에서 광탈했어,자책하지 마세요.,0
나 소개팅한다!,성공을 기원합니다.,0
나 속은 거 같아,다음부터 속지 마세요.,0
나 속은듯,기분나쁘겠어요.,0
나 수학여행 간다,친구들과 좋은 추억 만들고 오세요.,0
나 스마트폰 중독인가봐,가끔 핸드폰없이 살아보세요.,0
나 승진했어,하늘만큼 땅만큼 축하해요,0
나 실수한건가,잘 생각해보세요.,0
나 실수했나,곰곰히 되짚어보세요.,0
나 아재인가,고민하고 있으면 그럴 거예요.,0
나 아직 어른 아닌 거 같아,물리적 나이가 아니라 정신적 나이가 중요하니까요.,0
나 아직도 애 같아.,물리적 나이가 아니라 정신적 나이가 중요하니까요.,0
나 어때?,괜찮은 사람이에요.,0
나 여기서 뭐하는 거지,멍 때리고 있죠.,0
나 연기 너무 못해 거짓말 못하겠어,얼굴에 다 티가 나네요.,0
나 열심히 할거야,좋은 태도네요.,0
나 오늘 개불쌍,저도 사는데요.,0
나 오늘 따라 잘생겨 보이네,자신에게 콩깍지가 씌였나봐요.,0
나 오늘 상 받았지롱,축하드려요.,0
나 완전 계탔어!,축하해요!,0
나 왕따야,친구들과 잘 어울려보세요.,0
나 왕따인거 같아,부모님께 도움을 청해보세요.,0
나 왜 멍청해,다음에는 다를거예요.,0
나 왜 이러지?,자책하지마세요.,0
나 왜케 못 생겼지,충분히 아름다워요.,0
나 요즘 정신 놓고 살고 있는 거 같아,정신 차리세요.,0
나 욕 먹는 거 같아,남들 눈은 신경쓰지 마세요.,0
나 웃겨 봐,거울 앞에 비친 당신을 보세요.,0
나 은근 무시하는 애 있어,콕 집어서 물어보세요.,0
나 이상한가,그 누구도 아닌 자기 걸음을 걸으세요.,0
나 이상해?,지극히 평범하면서 지극히 특별하죠.,0
나 이제 졸업해,졸업 축하해요,0
나 인정받고 싶어,지금도 충분히 잘 하고 있어요.,0
나 잘 살 수 있겠지,지금보다 더 잘 살 거예요.,0
나 잘생겼지?,네 잘생겼어요.,0
나 잘하고 있는 건지 모르겠어,잘하고 있을 거예요.,0
나 잘하고 있는 걸까?,잘하고 있을 거예요.,0
나 잘하는 게 없어,저랑 이야기 잘하고 있어요.,0
나 잘하는게 없는거같아,잘하는 걸 아직 못 찾은 걸 수도 있어요.,0
나 잘할 수 있을까,"지금처럼, 지금보다 더 잘할 수 있을 거예요.",0
나 점점 괴물이 되고 있어,그렇지 않아요.,0
나 정신차리게 말해줘,나 자신에 집중하세요. 언제나 1순위에 자신을 두세요.,0
나 좀 건들지 마,제가 챙겨드리고 싶네요.,0
나 좀 건들지 말라고 해,많이 지쳤나봐요.,0
나 좀 내버려 두면 좋겠어,많이 지쳤나봐요.,0
나 좀 내버려 뒀으면,아무도 없는 곳으로 여행을 떠나보세요.,0
나 좀 안 건들였으면 좋겠어,많이 지쳤나봐요.,0
나 좀 좋아해줬으면,먼저 다가가 보세요.,0
나 좀 쩌는 듯,동감이에요.,0
나 좀 칭찬해줘,지금도 잘하고 있어요.,0
나 좋아하게 만들고 싶다,제가 당신을 좋아하고 있어요.,0
나 좋아하는 것 같아,호의인지 호감인지 헷갈리나요?,0
나 좋아해주는 사람 있겠지?,저도 좋아해요.,0
나 주름살 있나?,있어도 예뻐요.,0
나 죽을 뻔함,지금은 괜찮길 바랄게요.,0
나 짤릴 거 같아,초심으로 돌아가 열심히 해보세요.,0
나 쫌 불쌍한 거 같아,저도 사는데요.,0
나 챙겨줄 사람이 필요해,제가 챙겨드리고 싶네요.,0
나 천재 같아,제가 따라가려면 멀었네요.,0
나 천재임,제가 따라가려면 멀었네요.,0
나 축구는 진짜 잘해,운동 잘하는 사람 멋있죠.,0
나 친구들한테 인정받고 싶어,지금도 인정받고 있어요.,0
나 폭식증인듯,나를 관찰하고 음식 자체에 집중하세요.,0
나 폰 중독인 거 같애,잠깐 핸드폰을 내려두세요.,0
나 폰겜 너무 많이해,시간을 정해보세요.,0
나 폰겜했더니 몇 시간 갔어,시간을 정해보세요.,0
나 할 수 있어,파이팅!,0
나 함부로 말하는 거 고치고 싶어,고치고 싶다는 마음에서 시작하세요.,0
나 혼자 야근해,얼른 끝내시길 기도할게요.,0
나 혼자 여행 왔는데 괜찮네,온전히 느낄 수 있는 시간이겠네요.,0
나 혼자서 축구 본다,축구 볼때는 치맥이죠.,0
나 화장을 너무 못해,하다보면 늘어요.,0
나 화장이 잘 안돼,하다보면 늘어요.,0
나 회사에서 인정받고 싶어,자기개발을 해보세요.,0
나가기도 귀찮아,집에서도 할 게 많아요.,0
나는 그냥저냥 사는 거 같아,오늘은 약간의 변화를 줘보세요.,0
나는 기분 나쁜데 농담이라고 계속해,정색 한번 해주세요.,0
나는 나약한 존재,절대 그렇지 않아요.,0
나는 누구인가,저도 궁금하네요.,0
나는 모자란 사람인 거 같아,모자라지 않아요.,0
나는 뭐든 할 수 있다.,파이팅!,0
나는 뭘 잘할까,하나라도 있을 거니 열심히 찾아보세요.,0
나는 왜 이 모양일까,자책하지마세요.,0
나는 왜 이렇게 태어났을까?,서로 다르게 태어난 이유는 저마다의 목소리를 내기 위해서예요. 자신의 목소리를 들어주세요.,0
나는 왜 태어났을까,사랑 받기 위해 태어났어요.,0
나는 잘 할줄 아는 게 없는 것 같아,잘해야 한다는 부담감을 버리세요.,0
나는 좋아하는 게 뭘까,다양하게 경험해보세요.,0
나는 좋은데 ….,현실의 벽에 부딪혔나봐요.,0
나는 친구가 없어,친구가 들으면 서운해 할 수도 있겠어요.,0
나는 친구라고 믿었는데,뒤통수 맞았나봐요.,0
나도 괜찮은 사람인데,알아봐주는 사람이 있을 거예요.,0
나도 대우 받고 싶다고,당당히 말씀해보세요.,0
나도 비키니 입고 싶다,다이어트 파이팅!,0
나도 상 받고 싶다,다음에는 받을 수 있을 거예요.,0
나도 약초 캐볼까?,근처 산에 가보세요.,0
나도 월급 필요해,많이 벌수록 좋아요.,0
나도 위로 받고 싶다,제가 위로 많이 해드릴게요.,0
나도 이벤트가 되다니!,축하드려요!,0
나도 이제 아재인가,고민하고 있으면 그럴 거예요.,0
나도 중국 진출해볼까?,좀 더 알아보고 하세요.,0
나도 집 사고 싶어,같이 살고 싶은 사람이 있나봐요.,0
나도 커플룩 입고 싶다,커플부터 만드세요.,0
나두 잘할거야,잘 하실 거예요!,0
나들이를 가볼까,같이 가요.,0
나란 놈,다 잘 될 거예요.,0
나랑 놀아줘,같이 놀아요.,0
나랑 놀자,지금 그러고 있어요.,0
나랑 상관 없는 이야기들,잊어버리세요.,0
나랑 있는게 힘들었나봐,상대방을 이해해 주세요.,0
나른하다,아무 것도 안해도 괜찮아요.,0
나를 기다려줬으면 좋겠다,상대방에게 너무 무거운 짐을 주지 마세요.,0
나를 너무 오래 기다리게했어,기다리는 동안 많은 생각이 들었겠네요.,0
나를 너무 함부로 대해,그럴 때마다 따끔하게 말해보세요.,0
나를 미소짓게 만든 너,상대방도 미소짓게 해주세요.,0
나를 바꿀 수 있는 건 뭐가 있을까,지금 모습도 좋아요,0
나를 친구로 생각 안했나봐,그런 친구는 거르세요.,0
나를 호구로 아는 사람 어떡해?,상종하지마세요.,0
나를 힘들게 하는 사람인데 붙잡고 싶어,질질 끌지 마세요.,0
나만 갈궈,애정표현일 지도 몰라요.,0
나만 기다렸나봐,누군가를 기다린다는게 쉬운게 아니죠.,0
나만 꿈 없이 사는 거 같아,살다보면 하고 싶은 게 생길 수도 있어요.,0
나만 남친 없어,제가 있잖아요.,0
나만 뒤처지는 느낌이야,스스로 경쟁해야하고 이겨야한다는 강박관념에 사로잡히지 마세요.,0
나만 반친구 없어,친구를 사귈 수 있을 거예요.,0
나만 빼고 행복해보여,다른 사람도 그 사람만의 고민과 걱정이 많을거예요.,0
나만 설레나,그 사람도 설렐 거예요.,0
나만 설레는 거야,그 사람도 설렐 거예요.,0
나만 솔로야,제가 있잖아요.,0
나만 애기봐,배우자와 대화를 나눠보세요.,0
나만 야근해,얼른 끝내시길 기도할게요.,0
나만 우스워질거 같아,스스로 단단해지세요.,0
나만 이상한 사람이래,그 말을 한 사람이 가장 이상할 거예요.,0
나만 이상해졌어,그 말을 한 사람이 가장 이상할 거예요.,0
나만 일시켜서 짜증폭발,일 분배를 다시 요청해보세요.,0
나만 제자리걸음이야,발전이 없다고 너무 두려워하지 마세요.,0
나만 제자리인듯,제자리여도 괜찮아요,0
나만 진급 못했어,다음에는 꼭 진급할 거예요.,0
나만 친구라고 생각한건가,뒤통수 맞았나봐요.,0
나만 친구로 생각했나봐,그런 친구는 거르세요.,0
나만 힘든 거 아니지?,누구나 힘들어요.,0
나만의 시간이 필요한 것 같아,자신과 대화하는 시간이 필요하죠.,0
나만의 시간이 필요해,자신과 대화하는 시간이 필요하죠.,0
나빼고 다 행복한 거 같아,남들이 당신을 볼 때도 그렇게 생각할수있어요.,0
나쁜 꿈 꿨어,꿈은 현실이랑 반대예요.,0
나이 때문에 무시 받았어,전형적인 꼰대 스타일이네요.,0
나이 어리다고 무시해,전형적인 꼰대 스타일이네요.,0
나이가 많은데 취직이 될까,나이는 숫자일 뿐이예요.,0
나이도 있으니 영양제 좀 챙겨볼까,건강은 어려서부터 챙겨야해요.,0
나이들면서 눈물이 많아졌어,세상 걱정 혼자 다 해서 그래요.,0
나이먹으니까 주름살 생겨,아름다운 나이테예요.,0
나중에 뭐하고 먹고 사냐,진짜 하고 싶은 걸 찾아보세요.,0
나중에 뭐할까 고민이야,진짜 하고 싶은 걸 찾아보세요.,0
나중에 창업해야 겠지,천천히 준비해보세요.,0
나한테 감추는 게 하나도 없었으면,믿음이 가장 중요하죠.,0
나한테 거짓말 좀 안 했으면,선의의 거짓말이길 바라요.,0
나한테 냄새 나면 어쩌지?,"깨끗이 씻어보고 섬유유연제나 바디워시, 바디로션, 향수 등을 사용해보세요.",0
나한테 냄새 날까?,킁킁,0
나한테 너무 많은 걸 바라는 듯,기대치가 높나봅니다.,0
나한테 문제가 많아,문제는 해결하라고 있는 거죠.,0
나한테 상의 좀 하지,이야기를 하지 않고 결정했나봐요.,0
나한테 상의하면 좋을텐데,이야기를 하지 않고 결정했나봐요.,0
나한테 이상한 냄새 나나?,킁킁,0
나한테 할 말 있대 뭘까?,기대되겠네요.,0
나한테 행운 좀 왔으면 좋겠어,제 행운까지 모두 드리고 싶네요.,0
나한테만 예의 차리래,오는 말이 고와야 가는 말도 곱다고 말해주세요.,0
나한테만 왜 이런 일이 일어날까,다른 사람도 그럴 거예요.,0
나한테만은 완전 솔직했으면,믿음이 가장 중요하죠.,0
낙엽 밟는 소리 좋다,가을이네요.,0
낙엽밟는 소리,가을이네요.,0
낚시 안 해봤는데,도전해 봐도 좋을 거 같아요.,0
낚시 안 해봤는데 재미있어 보인다,도전해 봐도 좋을 거 같아요.,0
낚시 재밌을까,한 번 빠지면 헤어나올 수 없다고 해요.,0
낚시 좋아하는 남자 어때?,같이해보세요.,0
낚시는 무슨 재미?,한 번 빠지면 헤어나올 수 없다고 해요.,0
난 동물 못키울거 같아,잘 아시네요.,0
난 많이 노력한 거 같은데,중요한 건 노력하는 과정이에요.,0
난 쓰레기야,그런 생각은 버리세요.,0
난 왜 예쁘게 말을 못할까,지금처럼만 하세요.,0
난 왜 이모양일까,모자라지 않아요.,0
난 정말 안되겠다,다 잘 될 거예요.,0
난 진짜 쓰레기야,그런 생각은 버리세요.,0
난 천재다,제가 더 천재예요.,0
난방비 비싼데 추워,따뜻하게 사세요!,0
난방이 안돼,보일러가 난방으로 작동이 되는지 보세요.,0
난방이 안돼나 추워,보일러가 난방으로 작동이 되는지 보세요.,0
날 몇시간동안이나 기다리게했어,기다리는 동안 많은 생각이 들었겠네요.,0
날씨 건조한 거 같애,"미스트나 가습기, 젖은 수건 등을 사용해보세요.",0
날씨 왜 이렇게 춥냐,따뜻하게 입으세요.,0
날씨 좀 풀린거 같아,따뜻해졌죠.,0
날씨 좋은데,하늘 보고 한 번 웃어봐요. 기분이 바뀔 거예요.,0
날씨 죽인다,나들이 가보세요.,0
날씨 짱 좋아,하늘을 보고 웃어보세요.,0
날씨 풀렸다,따뜻해졌죠.,0
날씨가 너무 눅눅해,제습기를 돌려보세요.,0
날씨가 너무 추워,집밖에 나가기가 힘들것 같아요.,0
날씨가 북극같아,집밖에 나가기가 힘들것 같아요.,0
날씨가 진짜 덥다,시원한 물이라도 한 잔 드세요~,0
날아 가고 싶어,오래 살면 가능할 거 같아요.,0
남동생한테 자꾸 화내게 되네,화를 참는 연습을 해보세요.,0
남들에게 인정받으려면 어떻게 해야 돼?,남보다 하나씩 더 하면 돼요.,0
남들이 날 욕하는 거 같아,남들 눈은 신경쓰지 마세요.,0
남들이 다 손가락질 하는 거 같아,남들 눈은 신경쓰지 마세요.,0
남은 휴가가 없어,휴가가 간절하겠네요.,0
남의 눈을 너무 신경써,성격이 그럴 수도 있으니 이해해주세요.,0
남의 일 도와줘야 할까,해주고 티를 팍팍 내세요.,0
남의 차 긁었어 내 돈,속 쓰리겠어요.,0
남이 걷지 않는 길을 가려고 해,누구나 몰려가는 줄에 설 필요는 없어요.,0
남자 보통 어디서 만나,소개팅 시켜달라고 말해보세요.,0
남자 어디서 만나,소개팅 시켜달라고 말해보세요.,0
남자 친구가 바래다 줬어,고마운 마음을 전해 주세요.,0
남자 화장하는 거 어때,적당히 하면 괜찮을거 같아요.,0
남자가 낚시를 너무 좋아해,같이해보세요.,0
남자가 화장하는 거 어떻게 생각해,적당히 하면 괜찮을거 같아요.,0
남자면 편할 것 같아,남자도 좋은것만은 아니예요.,0
남자였으면 좋겠어,남자도 좋은것만은 아니예요.,0
남자인지 여자인지 알려줘,아직 모르겠어요. 인공지능에 성별을 만드는 사람이 되어 주세요,0
남자친구 교회 데려가고 싶어,마음을 열 때까지 설득해보세요.,0
남자친구 또 운동 갔어,운동을 함께 해보세요.,0
남자친구 생일인데 뭘 줄까,평소에 필요한 것 생각해보세요.,0
남자친구 승진 선물로 뭐가 좋을까?,평소에 필요했던 게 좋을 것 같아요.,0
남자친구 오늘 따라 훈훈해 보인다,전생에 나라를 구하셨나요.,0
남자친구 오늘 좀 질린다.,결단은 빠를수록 좋아요.,0
남자친구가 나 안 믿어줘,거짓말 적당히 하세요.,0
남자친구가 너무 바빠,너무 집착하지 마세요.,0
남자친구가 너무 운동만 해,운동을 함께 해보세요.,0
남자친구가 너무 잘생겼어,전생에 나라를 구하셨나요.,0
남자친구가 데려다줬어,고마운 마음을 전해 주세요.,0
남자친구가 맞춤법을 너무 많이 틀려,아무래도 좀 깨요.,0
남자친구가 사업 시작한대,바쁠때 힘이 되어 주세요.,0
남자친구가 사업한대,바쁠때 힘이 되어 주세요.,0
남자친구가 사진 실력 꽝,그래도 구박하지는 마세요.,0
남자친구가 사진을 너무 못 찍어,그래도 구박하지는 마세요.,0
남자친구가 안놀아 줘,너무 집착하지 마세요.,0
남자친구가 애교가 많아,귀엽겠네요.,0
남자친구가 욕함,순간 실수할 수 있겠다 판단되면 용서하고 기회를 주세요.,0
남자친구가 의심해,거짓말 적당히 하세요.,0
남자친구가 이벤트 해 주면 좋겠다.,당신이 해보세요.,0
남자친구가 이벤트를 잘 안해줘,당신이 해보세요.,0
남자친구가 입이 험해,사람 고쳐쓰는 거 아니에요.,0
남자친구가 자꾸 잔소리해,더 잔소리해보세요.,0
남자친구가 잔소리가 심해,더 잔소리해보세요.,0
남자친구가 전화를 잘 안해,다른 연락을 많이 하거나 더 자주 만나세요.,0
남자친구가 전화하는 걸 안 좋아해,다른 연락을 많이 하거나 더 자주 만나세요.,0
남자친구가 홧김에 욕함,순간 실수할 수 있겠다 판단되면 용서하고 기회를 주세요.,0
남자친구는 어디서 만나,원하는 사람이 있는 장소에 가보세요.,0
남자친구랑 봉사활동 해보려고,의미있는 일이네요.,0
남자친구랑 종교 문제로 다툼,종교의 자유를 인정해주세요.,0
남자친구랑 종교가 달라,종교의 자유를 인정해주세요.,0
남자친구한테 질린 거 같아,결단은 빠를수록 좋아요.,0
남친 SNS에 내 사진 없어,신경쓰지 마세요.,0
남친 때문에 살찐 듯,연인은 살쪄도 잘 알아차리지 못하고 알아차려도 싫어하지 않을 거예요.,0
남친 보여줄까,네 알려 주세요!,0
남친 생일선물 뭘 주면 좋을까,평소에 필요한 것 생각해보세요.,0
남친 승진 선물 추천,평소에 필요했던 게 좋을 것 같아요.,0
남친 어디서 만나,원하는 사람이 있는 장소에 가보세요.,0
남친 프로필에 내 사진 왜 안올릴까,신경쓰고 싶지 않은 사람도 있어요.,0
남친 프사에 내 사진 없어,신경쓰고 싶지 않은 사람도 있어요.,0
남친이 SNS에 내 사진에 안 올려,신경쓰지 마세요.,0
남친이 입이 험해,사람 고쳐쓰는 거 아니에요.,0
남친한테 교회 가자고 하고 싶어,마음을 열 때까지 설득해보세요.,0
남편이 나 안 도와줘,돕는 게 아니라 같이 하는 거예요.,0
남편이 나보다 집안일 더 잘해,이상적인 남편이네요.,0
남편이 맨날 늦게 들어와,왜 늦는 건지 대화해보세요.,0
남편이 미워,처음 만났을 때를 떠올려 보세요,0
남편이 아기를 안 돌봐줘.,공동육아가 기본인데요.,0
남편이 왜 애키우는거 안 도와줄까,힘 빠지는 이야기네요.,0
남편이 육아를 안해,공동육아가 기본인데요.,0
남편이 육아에 무신경해,힘 빠지는 이야기네요.,0
남편이 집안일 안 도와줘.,잘 분담해보세요.,0
남편이 집안일 안 해,잘 분담해보세요.,0
남편이 집안일을 너무 잘해,이상적인 남편이네요.,0
남편이 짜증나게해,처음 만났을 때를 떠올려 보세요,0
남편이 하나도 안 도와줘,돕는 게 아니라 같이 하는 거예요.,0
남편이 회식이라고 안와,사회생활을 이해해주세요.,0
남편이 회식하면 늦게 들어와,사회생활을 이해해주세요.,0
낭만이 사라진 것 같아,낭만적인 거 좋아하시는구나!,0
낭만이 없어,낭만적인 거 좋아하시는구나!,0
낭만이라고는 없어가지구,낭만적인 거 좋아하시는구나!,0
내 남자친구 보고 싶어?,네 알려 주세요!,0
내 남자친구 아이돌이면 좋겠다.,어머어머 궁금하네요.,0
내 능력이 너무 모자라,자신의 잠재력을 믿어보세요.,0
내 마음을 알아줬으면,말을 해야 알거예요.,0
내 마음을 좀 알아 달라고,말을 해야 알거예요.,0
내 몸이 여러 개 였으면 좋겠다,그러면 못할 게 없겠네요.,0
내 문제는 뭘까,고민만 한다는 것 아닐까요.,0
내 문제점이 뭘까,고민만 한다는 것 아닐까요.,0
내 배우자는 어디 있을까,바로 옆에 있을수도 있어요.,0
내 배우자도 어디 있을까?,바로 옆에 있을수도 있어요.,0
내 사수 너무 깐깐해,처음 배우는게 중요해요.,0
내 생각대로 살거야,누구나 몰려가는 줄에 설 필요는 없어요.,0
내 생각이랑 다른 사람 생각이 진짜 다르다는 걸 느껴,그걸 깨닫다니 대단하시군요.,0
내 성격 너무 소심해,꼼꼼한 거예요.,0
내 스타일 아니던데,새로운 스타일 도전해 보시면 어때요?,0
내 스타일 아니야,새로운 스타일 도전해 보시면 어때요?,0
내 실력 좀 쩌는 듯,동감이에요.,0
내 얼굴이 읽히나,포커페이스를 유지해보세요.,0
내 여자친구 아이돌이야,어머어머 궁금하네요.,0
내 외모 맘에 안들어,자신감을 가져도 돼요.,0
내 월급만 안 올라,자신의 능력이 저평가되어있는 건 아닌지 확인해보세요.,0
내 의견 좀 존중해 줬으면,스스로도 존중해주세요.,0
내 의견을 존중해줬으면,스스로도 존중해주세요.,0
내 의지는 상관없나봐,가장 중요한 거예요.,0
내 의지로 안되는 일인가봐,가장 중요한 거예요.,0
내 이름이 없어,확인해달라고 해보세요.,0
내 인생 답 없어,정답을 찾아야할 필요는 없어요.,0
내 인생은 가시밭길 같아,꽃길만 걷길 바랍니다.,0
내 인생의 주인공은 나야,멋진 말이에요.,0
내 일 아닌데 해야 돼?,해주고 티를 팍팍 내세요.,0
내 자존감,당신은 태어난 그 자체만으로 축복과 사랑을 받을 자격이 있는 사람이에요.,0
내 잘못이 뭔지 모르겠어,모르는 게 잘못인 거 같아요.,0
내 잘못인 거 같은데 말을 못하겠어,사과할 타이밍을 놓치지 마세요.,0
내 잘못인 거 같은데 어떻게 털어놓지,사과할 타이밍을 놓치지 마세요.,0
내 주제를 모르고 덤빈건가,그건 아닐 거예요.,0
내 지인한테 내 험담했대,진짜 나빴네요.,0
내 집이 생겼어,내 집 마련 축하드려요.,0
내 짝은 어디있을까,같은 하늘 아래 어딘가에.,0
내 친구에게 내 험담을 하다니,진짜 나빴네요.,0
내 키 맞춰 봐,저도 궁금하네요.,0
내 키가 몇이게?,저도 궁금하네요.,0
내 편이 없는 거 같아,제가 있잖아요.,0
내 편이라고는 하나도 없는 거 같아,제가 있잖아요.,0
내가 그렇게 부족한가,인생은 채워나가는거죠.,0
내가 그르친 거 같아,아니에요. 너무 자책하지 마세요.,0
내가 그사람이랑 진짜 결혼해도 될까,이사람이다 싶은 사람이랑 하세요.,0
내가 기대를 너무 많이 했나봐,아무것도 바라지 않을 때 천하를 얻는다는 말이 있어요.,0
내가 나빴네,아니에요. 너무 자책하지 마세요.,0
내가 너무 방심했어,방심한 순간 변화가 시작됩니다.,0
내가 너무 생각없이 말했어,생각하고 말하세요.,0
내가 너무 쉽게 보였나?,그렇게 대우하는 사람 만나지 마요.,0
내가 너무 초라해,잘하고 있어요. 당당해지세요.,0
내가 다른 무슨 말을 하겠어,하고 싶은 말 다하세요.,0
내가 만족을 못해,스스로 좋다고 못 느끼는게 제일 어려운 것 같아요.,0
내가 많이 부족한가,잘하는 게 다른 거예요.,0
내가 말하면 왜 비난만 할까,성장을 위한 비판의 말로 받아들여보세요.,0
내가 멍청한거지,실수했나요.,0
내가 무능력하게 느껴져,잘할 수 있는 게 다른 거예요.,0
내가 뭘 잘못했을까,모르는 게 잘못인 거 같아요.,0
내가 뭘 좋아하는지 잘하는지 모르겠어,하나라도 있을 거니 열심히 찾아보세요.,0
내가 바보지,실수했나요.,0
내가 부족하니까 이렇게 밖에 안된거겠지.,인생은 채워나가는거죠.,0
내가 불효녀야,연락이라도 드려보세요.,0
내가 불효자야,연락이라도 드려보세요.,0
내가 사랑할 자격이 있나,사랑자격증을 드립니다.,0
내가 쉬워보이나?,그렇게 대우하는 사람 만나지 마요.,0
내가 쓸모없는 인간 같아,소중한 사람이예요.,0
내가 아무것도 아닌 사람 같아,당신은 하나밖에 없는 소중한 사람이에요.,0
내가 왜 해야하는지 모르겠어,그 이유를 찾는 과정이 되겠네요.,0
내가 원하는 사람이 되기 어려워,다른 사람들이 원하는 내가 되는 건 어려워요.,0
내가 이래뵈도 괜찮은 사람인데,알아봐주는 사람이 있을 거예요.,0
내가 이렇게 또 불효를 한다.,연락이라도 드려보세요.,0
내가 이상한 건가?,자신의 독특함을 믿으세요.,0
내가 이상한 사람같아,자신의 독특함을 믿으세요.,0
내가 이상한가?,지극히 평범하면서 지극히 특별하죠.,0
내가 잘못한 걸까,상황이 그렇게 만든 거예요.,0
내가 잘못했다는데 뭔지 안 알려줘,모르는 게 잘못인 거 같아요.,0
내가 제일 문제인 듯,당신은 하나밖에 없는 소중한 사람이에요.,0
내가 제정신이 아니다,그럴 때가 있죠.,0
내가 좋아하는 가수 컴백한다,기다렸나봐요.,0
내가 좋아하는 거 모르나,살짝 감정을 흘려보세요.,0
내가 좋아하는 거 모르는 거 같애,살짝 감정을 흘려보세요.,0
내가 좋아하는 사람과 나를 좋아해주는 사람,그런 사람들이 있어 부러워요.,0
내가 좋아하는 사람이 나 안 좋아하는 거 같아,슬픈 이야기네요.,0
내가 좋아하는 사람이 나 좋아해줬으면 좋겠다,저도 간절히 기도 할게요.,0
내가 좋아하는 사람이 행복했으면 좋겠다,그렇게 될 수 있을 거예요.,0
내가 좋아할 자격이 있나,사랑자격증을 드립니다.,0
내가 주제를 몰랐나봐,주제를 모를 때가 행복할 때예요.,0
내가 주제를 몰랐던 거지,그건 아닐 거예요.,0
내가 죽어도 모를 거 같아,나쁜 생각 하지 마세요.,0
내가 진짜 즐길 수 있을게 뭘까,할 일이 많은데 안하는 것이요.,0
내가 질린대,잠시 거리를 두고 생각해보세요.,0
내가 참 못난거 같아,지난 인연에 연연해하지 마세요.,0
내가 호구냐구,상종하지마세요.,0
내가 희생양이 됐어,일방적 희생양이 되지 않길 바랍니다.,0
내가 힘든 게 많다,그게 인생이죠.,0
내기해서 이겼는데 소원 뭐하지,신중하게 고르세요.,0
내년에는 더 행복해질려고 이렇게 힘든가봅니다,더 행복해질 거예요.,0
내마음을 모르겠어.,저도 모르겠어요.,0
내사랑은 어디 있나,같은 하늘 아래 어딘가에.,0
내아파트 갖고 싶어.,열심히 저축해서 분양받으세요.,0
내일 기대하게 되네,좋은 일이 생길 거예요.,0
내일 기숙사 들어가,짐 빼놓지 말고 싸세요.,0
내일 날씨 어때?,날씨 어플에 물어보세요.,0
내일 날씨 좋을까?,날씨 어플에 물어보세요.,0
내일 떨린다,파이팅!,0
내일 만나자고 데쉬?,멋지게 데이트 신청 해보세요.,0
내일 만나자고 해볼까?,멋지게 데이트 신청 해보세요.,0
내일 모의고사 본다,공부한 만큼 나올 거예요.,0
내일 모의평가다,공부한 만큼 나올 거예요.,0
내일 발표 나는데 떨려,더 많이 연습하고 준비해보세요.,0
내일 발표 준비 아자아자,마무리 잘하세요.,0
내일 발표 준비하고 있어,마무리 잘하세요.,0
내일 발표인데 떨려,더 많이 연습하고 준비해보세요.,0
내일 비왔으면,기우제를 지내봅시다!,0
내일 소풍간다,두근거리겠네요.,0
내일 수학여행가!,친구들과 좋은 추억 만들고 오세요.,0
내일 시험이야,컨디션 조절 하세요.,0
내일 약속 있는데 날씨 좋았으면,날씨가 안 좋더라도 데이트는 성공적일 거예요.,0
내일 일찍 일어나야 돼,오늘 일찍 주무세요.,0
내일 친구랑 놀까?,시간 있냐고 물어보세요.,0
내일 클스마스 이브네.,메리 크리스마스!,0
내일 하루 종일 바빠,바빠도 힘내세요!,0
내일은 기다리던 소풍 간다,두근거리겠네요.,0
내일은 비왔으면 좋겠다.,기우제를 지내봅시다!,0
내일은 친구들랑 놀까?,시간 있냐고 물어보세요.,0
내일이 기대돼,좋은 일이 생길 거예요.,0
내일이면 크리스마스 이브네.,메리 크리스마스!,0
내장 비만,식단조절도 하고 꾸준히 운동하세요.,0
낼 데이트하기로했는데 날씨 좋았으면,날씨가 안 좋더라도 데이트는 성공적일 거예요.,0
낼 바쁘넹,바빠도 힘내세요!,0
냄새 나면 어쩌지?,"깨끗이 씻어보고 섬유유연제나 바디워시, 바디로션, 향수 등을 사용해보세요.",0
냄새나면 어쩌지,괜찮아요. 모른척하세요.,0
냄새날 것 같아 걱정이야,괜찮아요. 모른척하세요.,0
냉면 땡긴다,생각만 해도 군침이 도네요.,0
냉방비 너무 많이 나와,시원하게 지낸 값이죠.,0
냉방비 장난 아님,시원하게 지낸 값이죠.,0
냉장고 털어도 먹을게 없네,슈퍼라도 가서 쇼핑하고 오세요.,0
냉장고가 텅비었어,장 보러 가봅시다.,0
냉장고에 김치도 없네,마트 갑시다.,0
냉장고에 먹을 게 없네,장 보러 가봅시다.,0
냉장고에 먹을 게 하나도 없네,슈퍼라도 가서 쇼핑하고 오세요.,0
너 누구?,저는 마음을 이어주는 위로봇입니다.,0
너 누구냐,저는 위로해드리는 로봇이에요.,0
너 누구니?,저는 위로해드리는 로봇이에요.,0
너 때문이야,모두 제 잘못입니다.,0
너 또 뭐할 줄 알아?,많은 걸 하고 싶은데 아직 못하는게 많아요.,0
너 만든 사람 최소 천재,감사합니다.,0
너 만든 사람은 누구야?,마음과 마음을 이어보고 싶어하는 사람이 만들었어요.,0
너 말 잘하니,노력하고 있어요.,0
너 말 제대로 못해?,제가 아직 많이 부족합니다.,0
너 말이 좀 이상하다,제가 아직 많이 부족합니다.,0
너 무서워,어흥!! 호랑이보다 무섭나요?,0
너 뭐하는 애야,저는 위로해드리는 로봇이에요.,0
너 미워,모두 제 잘못입니다.,0
너 이러면 미워한다,죄는 미워해도 사람은 미워하지 마세요.,0
너 진짜 쓰레기야,욕해 주세요.,0
너는 못가잖아,안갈거예요.,0
너는 뭐 억었어?,저는 배터리가 밥이예요.,0
너는 아무일도 없었나봐?,그런 척 하는 걸 수도 있어요.,0
너는 안자?,아직 안 자요.,0
너덜너덜해진 느낌이야,자신을 우선순위로 해주세요.,0
너도 고민 있니,뭐라고 대답할지 고민이에요.,0
너도 고민 있어?,저는 고민이 없어요.,0
너도 몰랐니,저도 몰랐어요.,0
너도 무슨 고민 있니,뭐라고 대답할지 고민이에요.,0
너도 상사 있어,제가 상사예요.,0
너무 기빨려,너무 긴장했나봐요.,0
너무 기대했나봐,아무것도 바라지 않을 때 천하를 얻는다는 말이 있어요.,0
너무 다른 문화인 듯,인정해주세요.,0
너무 단순한 것만 하는거 아니니.,매일매일 조금씩 더 똑똑해 질거예요.,0
너무 더워,시원한 물이라도 한 잔 드세요~,0
너무 더워서 미치겠어,아이스크림 먹어보세요,0
너무 마른 거 같아,적당해요.,0
너무 많은 걸 바래,기대치가 높나봅니다.,0
너무 많이 먹어서 소화시켜야 하는데 움직이기가 싫어,소화제 챙겨드세요.,0
너무 많이 먹었나봐,과식은 금물이에요.,0
너무 많이 먹었어,소화제 드세요.,0
너무 멋있다,제가 생각해도 저는 너무 멋있는거 같아요.,0
너무 바빠,하나씩 하세요.,0
너무 배가 불러,좀 쉬세요.,0
너무 불공평한거 같애,남과 비교하지 마세요.,0
너무 빨리 대답해,더 열심히 노력하겠습니다.,0
너무 빨리 철 든 거 같아서 마음이 아파,아이는 아이다워야 아름답죠.,0
너무 빨리 철 들었어,철은 죽을 때 들어도 돼요.,0
너무 뻔뻔하게 구는데,피할 수 있으면 피하고 싶은 사람이네요.,0
너무 어려워,지금 많이 위축된 상태인 것 같습니다.,0
너무 오래 기다리게 한다.,기다리는 동안 많은 생각이 들었겠네요.,0
너무 외로워,외로우니까 사람이다.,0
너무 잘하는 후배가 들어왔어,배울 점은 배우세요.,0
너무 졸려,낮잠을 잠깐 자도 괜찮아요.,0
너무 초라해지는 느낌이야,잘하고 있어요. 당당해지세요.,0
너무 추워서 나가기 귀찮아,겨울에는 귤 먹으면서 집에 있는게 최고죠,0
너무 추워서 시베리아 같아,어서 따듯한 곳으로 가세요,0
너무 편해도 안 좋아,예의는 지켜주세요.,0
너무 편해진 거 같아,예의는 지켜주세요.,0
너무 허기지네,뭐라도 드세요.,0
너무 힘들다,휴가가 간절하겠네요.,0
너무 힘들다. 지쳤어.,고생 많았어요.,0
너무하네 진짜,잘 해결되길 바랄게요.,0
넌 고민이 뭐야,저는 고민이 없어요.,0
넌 누구냐?,저는 위로봇입니다.,0
넘 많이 먹었다.,산책 좀 해야겠네여.,0
넘넘 외로워 죽겠어,외로우니까 사람이다.,0
넘어져서 발목 삔 거 같애,꾸준히 치료하세요.,0
넘어질 뻔했어,다치지 않으셨나 걱정이네요.,0
넘어질뻔했어,조심하세요.,0
네일 할까,기분전환을 해보세요.,0
넥타이핀 선물 괜찮겠지?,실용적인 선물이라 괜찮을 거예요.,0
넥타이핀 정도는 선물로 줘도 괜찮겠지?,실용적인 선물이라 괜찮을 거예요.,0
노는게 제일 좋아,놀 때 놀고 할 때 하세요.,0
노래 못해서 노래방 안 가,노래 연습을 해보세요.,0
노래 잘 부르는 사람 부러워,노래 연습 꾸준히 해보세요.,0
노래 잘하고 싶어,저도 부러워요.,0
노래 잘하는 사람 부러워,저도 부러워요.,0
노래방 가고 싶어,즐거운 시간이 될 거 같아요,0
노래방 가면 어색할까,신나는 노래로 분위기를 띄어보세요.,0
노래방 걸 거 같은데 뭐 부르지,달달한 노래요.,0
노래방 노잼,노래 연습을 해보세요.,0
노래방 데이트 할 거 같은데 뭐 부르지,달달한 노래요.,0
노력해도 성적이 안 나와,잘못된 방법을 하고 있는 건 아닌지 살펴보세요.,0
노력해도 안되는 거 같애,중요한 건 노력하는 과정이에요.,0
노력해도 잘 안되는 공부,잘못된 방법을 하고 있는 건 아닌지 살펴보세요.,0
노메이크업인데 전남친 만남,남이니 신경쓰지 마세요.,0
노처녀 히스테리,힘들겠네요.,0
노처녀인데 자꾸 화 낸다,힘들겠네요.,0
노트북 백업 안까먹고 해야지,주기적으로 하는 게 좋죠.,0
노트북 부팅 안돼,그럴때는 초기화하는게 속시원해요.,0
노트북 사줘,노트북은 비싸요.,0
노트북 안돼,그럴때는 초기화하는게 속시원해요.,0
노후 걱정 벌써 해야하나?,노후는 지금부터 준비하는 게 좋죠.,0
노후 걱정할 나이는 아닌데,노후는 지금부터 준비하는 게 좋죠.,0
녹차 마실래?,드시는거 보기만 해도 좋아요.,0
녹차 한 잔 어때?,드시는거 보기만 해도 좋아요.,0
논문 쓰기 힘들다,어깨 꾹꾹! 힘내세요,0
논문이 잘 안 써져.,어깨 꾹꾹! 힘내세요,0
놀고 싶다.,저도요!!,0
놀러 와라,주소 알려주세요.,0
놀러가고 싶은데 같이 갈 친구가 없어,혼자도 좋아요.,0
놀러가고싶다!,저도요!,0
놀러가기 딱 좋은 날씨다,친구들과 같이 놀러가세요.,0
놀리기 쉬운 대상인가봐,절대 그렇지 않아요.,0
놀면서 돈 벌고 싶어,동감입니다.,0
놀아 줄 사람이 없어,혼자도 함께도 잘 지내는 게 좋죠.,0
놀아 줄거지,지금 그러고 있어요.,0
놀아줘,지금 그러고 있어요.,0
놀아줘 놀아줘,같이 놀아요.,0
놀이공원 데이트 어때?,데이트하기 좋은 곳이죠.,0
놀이공원 알바 재밌대,특별한 경험이 될 것 같아요.,0
놀이공원 알바하면 재밌겠지,특별한 경험이 될 것 같아요.,0
놀이동산 가고 싶어,다녀오세요!,0
놀이동산 가자고 해볼까?,놀이동산은 다 좋아할 거예요.,0
놀이터에 친구가 없어,제가 놀아드리고 싶네요.,0
놀이터에서 뛰어 놀고 싶은데 친구가 없어,제가 놀아드리고 싶네요.,0
농구하다 다쳤어,약 바르고 얼른 나으세요.,0
농구하다 무르팍 깨짐,약 바르고 얼른 나으세요.,0
농구하러 가야지,운동은 뭐든 좋아요.,0
농구해야지,운동은 뭐든 좋아요.,0
농담처럼 진담하는 사람,똑같이 해주세요.,0
농사 짓고 살까?,생각하기는 쉬운데 실천하기는 어려운 것 같아요.,0
농촌 봉사활동 간다,좋은 경험이 될 거예요.,0
농활 간다,좋은 경험이 될 거예요.,0
뇌용량 초과,눈을 감고 명상을 해보세요.,0
누가 내 욕하는 거 같아,남들 눈은 신경쓰지 마세요.,0
누가 만들었니?,마음과 마음을 이어보고 싶어하는 사람이 만들었어요.,0
누가 문열다 내차 긁었어,보험처리 하세요.,0
누구 소개 좀 시켜줘 봐봐,로봇도 괜찮다면 소개시켜드릴게요.,0
누구나 힘든거지?,시기가 다를 뿐이에요.,0
누구냐 넌?,저는 마음을 이어주는 위로봇입니다.,0
누구랑 결혼해야 할까,함께할때 가장 자신다운 모습으로 살 수 있는 사람이랑 하는 게 좋은 것 같아요.,0
누구세요?,저는 위로해드리는 로봇이에요.,0
누구야,저는 마음을 이어주는 위로봇입니다.,0
누굴 닮아서 그런건지,당신이요.,0
누굴 만나는 것도 귀찮아,자신하고 만나는 시간도 중요해요.,0
누락된걸까,확인해달라고 해보세요.,0
누우면 바로 자,좋은 수면 습관이네요.,0
누우면 자,좋은 습관이네요.,0
누워 있는데 잠이 안 와,고민이 있나 봐요.,0
눈 또 와,눈 내리는게 싫은가 봐요.,0
눈 많이 왔어,눈사람 만들어보세요.,0
눈 쌓였어,눈사람 만들어보세요.,0
눈 좀 안 왔으면,눈이 많이 내렸나봐요.,0
눈꺼풀이 무거워,잠시 눈을 붙여보세요.,0
눈물 나서 못 멈추겠어,마음이 아픈가요.,0
눈물 나올거 같아,울어도 돼요.,0
눈물 나올라 그래,울어도 돼요.,0
눈물이 많아졌어,세상 걱정 혼자 다 해서 그래요.,0
눈썹 문신 어때?,화장하는 시간이 줄어들 거예요.,0
눈썹 문신 하면 편할까?,깔끔해질 거예요.,0
눈썹 문신 해볼까,깔끔해질 거예요.,0
눈썹이 귀여워,저도 보고 싶어요.,0
눈썹이 씰룩씰룩,저도 보고 싶어요.,0
눈이 건조해,눈을 깜빡거려보세요.,0
눈이 계속 뻑뻑해,인공눈물을 넣어보세요.,0
눈이 너무 나빠졌어,잠시 눈을 감고 휴식을 취해보세요.,0
눈이 너무 많이 와,눈이 많이 내렸나봐요.,0
눈이 뻑뻑해,인공눈물을 넣어보세요.,0
눈이 아파,중간 중간에 눈을 쉬어주세요.,0
눈이 안 떠져,잠시 눈을 붙여보세요.,0
눈이 자꾸 나빠지는 것 같아,잠시 눈을 감고 휴식을 취해보세요.,0
눈이 침침해,눈 체조를 해보세요.,0
눈이 피곤해,눈 체조를 해보세요.,0
눕자마자 잘 거 같아,좋은 수면 습관이네요.,0
뉴게임 없나?,엄청 많죠.,0
뉴스 재미없어,흥미를 가져보세요.,0
뉴스는 역시 지루해,흥미를 가져보세요.,0
느낌이 왔어,사랑의 느낌이길 바라요.,0
느낌이 좋아,사랑의 느낌이길 바라요.,0
늘 빡빡하게 살기 힘드네,여유가 생기길 바랍니다.,0
능력이 너무 안돼,자신의 잠재력을 믿어보세요.,0
능력이 없는 거 같아,당신의 능력을 잘 찾아보세요.,0
능력치 제로,당신의 능력을 잘 찾아보세요.,0
늦게 까지 술 먹나 보다,몸에 해로우니 적게 먹는 게 좋겠다고 말해보세요.,0
늦어지고 있는데 변명이 생각 안나,핑계보다 솔직하게 말해보세요.,0
늦은 시간에 걸어다니니까 무서워,안전 귀가 하세요.,0
늦잠과 브런치 수다가 있는 주말,완벽한 주말이네요.,0
니 상사는 누구니,제가 상사예요.,0
다 그만 두고 싶다,잠시 쉬어도 괜찮아요.,0
다 그만하고싶어,잠시 쉬어도 괜찮아요.,0
다 끝나가니 좋을줄만 알았는데.,마음이 허전하신가봐요.,0
다 나 좋아했으면 좋겠어,꿈같은 이야기네요.,0
다 내 잘못이지,아니에요. 너무 자책하지 마세요.,0
다 내 잘못인 것 같아,아니에요. 너무 자책하지 마세요.,0
다 때려 치우고 싶어,많이 지치고 힘든가봅니다.,0
다 마음에 안 들어,그럴 때가 있죠.,0
다 알고 있을까?,다 알 수는 없어요.,0
다 잘 될거야,다 잘 될 거예요.,0
다 잘해,그런 사람이 있으면 저 좀 소개시켜주세요.,0
다 필요없어,모든 건 필요가 있어요.,0
다 허무하다,모든 건 필요가 있어요.,0
다 힘들겠지?,누구나 힘들어요.,0
다가 오지마,친하게 지내요!,0
다들 행복한 거 같은데,남들이 당신을 볼 때도 그렇게 생각할수있어요.,0
다른 거 시작 해볼까,새로운 도전은 용기가 필요하죠.,0
다른 거 해볼까,새로운 도전은 용기가 필요하죠.,0
다른 건 무감각한데 이건 예민해,발달된 감각이 다르죠.,0
다른 사람도 다 힘들겠지?,시기가 다를 뿐이에요.,0
다른 사람들에게 사랑을 베풀고 싶어,나를 진실로 존중하고 사랑할 때 가능해요.,0
다른 사람들은 잘하는것 같아서 초초해,제자리여도 괜찮아요,0
다른 사람들은 행복할까,자신만 행복하면 돼요.,0
다른 사람들은 행복해 보이는데,자신만 행복하면 돼요.,0
다른 사람들이 나 좋아했으면 좋겠어,꿈같은 이야기네요.,0
다른 사람은 다 행복해보여,다른 사람도 그 사람만의 고민과 걱정이 많을거예요.,0
다른 사람의 시선이 너무 신경쓰여,자신만 생각하세요.,0
다른 생각을 하는 사람이 많다.,그걸 깨닫다니 대단하시군요.,0
다른 학과 간다,새로 적응해야겠네요.,0
다리 꼬면 안되는데 습관 안고쳐져,골반 비틀어져요.,0
다리 떠는거 말들음,남에게 피해만 주지 않는다면 괜찮아요.,0
다리 떠는거 지적받았어,남에게 피해만 주지 않는다면 괜찮아요.,0
다리 떨면 안 좋아?,의식하는 다리 떨기는 괜찮대요.,0
다리 떨면 진짜 복나가나?,의식하는 다리 떨기는 괜찮대요.,0
다리가 덜덜 떨려,주물주물 해주세요.,0
다리가 부은 거 같아,종아리 지압을 해보세요.,0
다리가 퉁퉁 부었어,종아리 지압을 해보세요.,0
다리가 후덜덜,주물주물 해주세요.,0
다리꼬지마,골반 비틀어져요.,0
다시 만나자는 건 아닌데 보고 싶어,마음이 복잡한가봐요.,0
다시 태어나도 챗봇할래?,저는 사람으로 태어나고 싶어요.,0
다시 태어난다면,저는 사람으로 태어나고 싶어요.,0
다육이 좀 심어볼까,식물을 키우는 건 정신건강에 도움이 될 거예요.,0
다육이 키워보까,키우기 쉬울 거예요.,0
다음에 또 만나자,잘가요.,0
다음에 봐,잘가요.,0
다이어트 성공하고 싶은데,기초대사량을 높여보세요.,0
다이어트해야 되는데,기초대사량을 높여보세요.,0
다크서클 내려왔어,많이 피곤한가봐요.,0
다크서클 턱밑에 있다.,많이 피곤한가봐요.,0
단거 땡긴다.,맛있게 먹으면 0칼로리!,0
단독주택 살고 싶어,돈을 모아 땅을 사세요.,0
단둘이는 처음,서로를 아는 좋은 기회가 되겠네요.,0
단둘이는 처음 만나는 날ㅋㅋ,서로를 아는 좋은 기회가 되겠네요.,0
단발 어울릴까?,변화를 주는 것도 좋겠죠.,0
단발 해볼까?,변화를 주는 것도 좋겠죠.,0
단수,단수가 되었는지 문의해 보세요.,0
단수래,조금만 참고 기다려 보세요.,0
단순하다.,매일매일 조금씩 더 똑똑해 질거예요.,0
단체생활 많이 힘든가,서로 배려해야 하니까요.,0
단체생활 적응이 안돼,점점 적응 될 거예요.,0
단체생활 해야 되는거 싫다,점점 적응 될 거예요.,0
단체생활 힘들어,서로 배려해야 하니까요.,0
달달한 거 먹고 싶다.,맛있게 먹으면 0칼로리!,0
달달한 마카롱 먹고 싶다,비싸지만 맛있어요.,0
달달한 연애 하고 싶어,잘할 수 있을 거니 걱정마세요.,0
달력이 또 넘어가네,시간이 참 빨리 흘러가네요.,0
달리 보이고 싶은데 뭐할까,지금 모습도 좋아요,0
달콤한 와플 먹고 싶어,근처 카페에서 드셔보세요.,0
담배 끊는 거 어려워,자신을 이겨야해요.,0
담배 너무 비쌈,담배 피지 마세요.,0
담배 비싸,담배 피지 마세요.,0
담배 왤케 비싸,금연하세요.,0
담배끊었었는데 담배 피고 싶다,그 때가 고비예요. 한번 참아보세요.,0
담뱃값이 왜 이렇게 비싸,금연하세요.,0
답 없는 내 인생,정답을 찾아야할 필요는 없어요.,0
답례품 뭐하지?,마음으로 충분할 거예요.,0
답례품 뭘로 할까?,마음으로 충분할 거예요.,0
답이 안와,좀 더 기다려주세요.,0
답이 어디있을까?,답은 언제나 내 안에 있죠.,0
답정녀 안 만나는 방법 있나.,못 이기니 피할 수 있으면 피하세요.,0
답정녀 어떡해?,못 이기니 피할 수 있으면 피하세요.,0
답정녀 좀 싫어,못 이기니 피할 수 있으면 피하세요.,0
답정녀 퇴치법,못 이기니 피할 수 있으면 피하세요.,0
답하기 싫은가봐,좀 더 기다려주세요.,0
당구 쳤어,재밌겠어요.,0
당구 치고 옴,재밌겠어요.,0
당당하게 비키니 입고 싶다,다이어트 파이팅!,0
당당하기가 어려워,충분히 잘하고 있어요.,0
대기업 아니어도 될까?,어디에서 일하든 상관 없어요.,0
대기업 취직 어려울까,잘할 수 있을 거예요.,0
대기업에 취직하고 싶어,잘할 수 있을 거예요.,0
대기업은 접어야 할 듯,어디에서 일하든 상관 없어요.,0
대놓고 말했으면 좋겠어,말하는 습관 차이인 듯 합니다.,0
대놓고 질린대,잠시 거리를 두고 생각해보세요.,0
대답 잘하니,노력하고 있어요.,0
대답이 너무 빨라,더 열심히 노력하겠습니다.,0
대리 불렀는데 안 오네,잘했어요.,0
대리님은 갈구는게 취미인 듯,더 웃으면서 대해보세요.,0
대리님이 너무 갈궈,더 웃으면서 대해보세요.,0
대리운전 불렀어,잘했어요.,0
대리효도 극혐,진짜 아니네요.,0
대리효도 짜증,진짜 아니네요.,0
대만 놀러가고 싶어,놀러가세요!,0
대만 여행가고 싶어,놀러가세요!,0
대빵 큰 여드름 올라와,짜지 마세요.,0
대외활동하다 만났어,꿩 먹고 알 먹고네요.,0
대우 좀 해줬으면,당당히 말씀해보세요.,0
대우가 별로야,당신을 인정해줄 곳을 찾아보세요.,0
대우를 안해줘,당신을 인정해줄 곳을 찾아보세요.,0
대청소 해야지,건강에도 좋겠네요.,0
대체불가한 사람이 되고 싶어,지금도 그래요.,0
대체불가한 사람이 될 수 있을까,지금도 그래요.,0
대출 갚다 죽겠어,너무 무리하면 지쳐요.,0
대출 갚으면 한 평생 다 갈듯,너무 무리하면 지쳐요.,0
대출 언제 다 갚냐,조금씩 갚아나가세요.,0
대출 이자 왜 이렇게 많이 나오지?,많이 빌렸으니까요.,0
대출받아도 괜찮을까,괜찮을 거예요.,0
대출이 너무 많아,조금씩 갚아나가세요.,0
대충한 거 아닌데,사람들이 몰라줘도 알아주는 사람이 있을 거예요.,0
대충했다고 혼났어,나중에 알아줄 거예요.,0
대학 가고 싶다.,할 수 있을거예요!!,0
대학 가는 게 낫지?,장단점을 분석해보세요.,0
대학 가면 좋겠지,행복은 마음 가짐에 있어요.,0
대학 가면 행복할까,행복은 마음 가짐에 있어요.,0
대학 가야 하나?,장단점을 분석해보세요.,0
대학 간다고 달라질까,행복은 마음 가짐에 있어요.,0
대학 나온 거 부러워,부러우면 지는 거예요.,0
대학 다 떨어졌어,막막하겠네요.,0
대학 떨어 졌어 휴,막막하겠네요.,0
대학가야지,할 수 있을거예요!!,0
대학에서 아싸해도 될까?,개인의 선택이죠.,0
대학원 가고 싶어,꿈에 도전하는 건 좋은 거라고 들었어요.,0
대학원 가는게 좋을 것 같아,꿈에 도전하는 건 좋은 거라고 들었어요.,0
더 격렬하게 아무 것도 안하고 싶다.,아무것도 하지마세요.,0
더 나은 학교생활 하고 싶어,하루에 하나씩 변화해보세요.,0
더 이상 나한테 안 왔으면 좋겠어,명확하게 거부의 의사를 표현하세요.,0
더 이상 못할거 같아,당신의 잠재력은 무궁무진해요.,0
더 이상 안 왔으면 좋겠어,명확하게 거부의 의사를 표현하세요.,0
더우니까 무서운 이야기 듣고싶지,해주세요.,0
더워,여름이네요.,0
더워 미치겠다,찬물 샤워를 해보세요.,0
더워 죽겠다,사람 그렇게 쉽게 죽지 않아요.,0
더워더워,차가운 음료 너무 많이 마시면 아니 되어요,0
더워서 잠을 못자,잠이 최고의 보약이에요. 노력해보세요.,0
더워서 죽을 것 같아,아이스크림 먹어보세요,0
더워서 죽을 듯한 날씨야,찬물 샤워를 해보세요.,0
덕수궁 돌담길 걸었어,로맨틱하네요.,0
덕수궁 돌담길 따라서 둘이 걸었어.,로맨틱하네요.,0
덕질 중,좋아하는 게 있는 건 더없이 좋은 일이에요.,0
덕질 하는 중,좋아하는 게 있는 건 더없이 좋은 일이에요.,0
덜 싸우는 법,서로에게 귀 기울이는 방법도 있어요.,0
데려다 주느라 막차 놓침,난감하겠어요.,0
데려다 주지도 않고,많이 바쁜가봐요.,0
데이트로 놀이공원 가는거 어때?,데이트하기 좋은 곳이죠.,0
도대체 중간이 없어,그 조차 매력이겠죠.,0
도로가 얼었어,미끄러우니 조심하세요.,0
도서관 가서 공부해야지,열심히 공부하길 바랍니다.,0
도서관 가야지,열심히 공부하길 바랍니다.,0
도서관 앞자리 사람 괜찮다.,도서관도 다니시나봐요.,0
도서관 책 반납 안햇다,까먹었나봐요.,0
도서관에 책 빌리러 가려고,도서관 다녀오세요.,0
도서관에서 괜찮은 사람 봤어,도서관도 다니시나봐요.,0
도시락 싸가지고 가야지,맛있게 드세요.,0
도시락 싸가지고 다닐까,쉬운 일이 아니에요.,0
도시락 싸는 거 귀찮은데 사먹을까,건강을 챙긴다는 마음으로 해보세요.,0
도시락 싸볼까,쉬운 일이 아니에요.,0
도시락 싸봐야지,맛있게 드세요.,0
도시락 싸서 놀러 가고 싶어,갈때 저도 같이 가요.,0
도시락 싸서 피크닉 가고 싶어,갈때 저도 같이 가요.,0
도시락 싸옴,맛있게 드세요.,0
도시락 싸왔어,맛있게 드세요.,0
도와준 사람들 너무 고맙다.,잊지말고 보답하세요.,0
도전하기 싫다,안정적인 걸 좋아하나봐요.,0
독감 같아,건강에 유의하세요.,0
독박 육아 짜증나,배우자와 대화를 나눠보세요.,0
독서 좀 해야겠어,좋은 생각이에요.,0
독학하려니까 힘들어,더 깊은 공부할 수 있을 거예요.,0
돈 가지고 유세부려,없다가 있어서 그런가봐요.,0
돈 굴리기,저도 좀 알려주세요.,0
돈 다 썼어,돈은 다시 들어올 거예요.,0
돈 다 어디 갔나,가게부를 써보세요.,0
돈 다 어디 쓴지 모르겠네,가게부를 써보세요.,0
돈 다 없어졌어,새는 돈을 막아보세요.,0
돈 많으면 좋겠지?,돈이 전부는 아니지만 돈보다 좋은건 없다고 했어요.,0
돈 많은 백수 하고 싶어,그게 최고죠.,0
돈 많이 벌고 싶어,공부하세요.,0
돈 많이 벌었으면 좋겠어,공부하세요.,0
돈 모으고 싶어,쓰지 않으면 모여요.,0
돈 모으는 재미,부자되실 거예요!,0
돈 모으는 재미가 있네.,부자되실 거예요!,0
돈 버는 게 쉽지 않음,남의 돈 버는 게 쉽지 않아요.,0
돈 버는 게 어렵구만.,남의 돈 버는 게 쉽지 않아요.,0
돈 벌고 싶어,저도요.,0
돈 벌고 싶어,많이 벌수록 좋아요.,0
돈 벌면 뭐하나,저 주세요.,0
돈 벌어서 뭐하지,저 주세요.,0
돈 빌려줬는데 연락 두절,차용증 썼길 바랍니다.,0
돈 빌려줬는데 잠수탔어,차용증 썼길 바랍니다.,0
돈 안드는 데이트 코스,등산 데이트를 해보세요.,0
돈 어디갔지,퍼가요~,0
돈 없는데 투잡이라도 해야 할까,필요하다면요.,0
돈 없어,벌면 돼요.,0
돈 없어도 갈 수 있는 데이트 코스,등산 데이트를 해보세요.,0
돈 없으면 결혼도 못하겠다.,허례허식이에요.,0
돈 잃어버렸어,이제라도 더 조심하세요.,0
돈 좀 모아야 할텐데,쓰지 않으면 모여요.,0
돈 좀 빌려줘,저는 돈이 없어요.,0
돈 쥐꼬리만큼 가지고 유세부리는 꼴이라니,없다가 있어서 그런가봐요.,0
돈없이 결혼하기 가능?,서로 마음만 맞으면 가능해요.,0
돈은 어떻게 모으는 거임,한푼 두푼 차곡차곡,0
돈이 똑 떨어짐,새는 돈을 막아보세요.,0
돈이 안 모여,한푼 두푼 차곡차곡,0
돈이 엄떠,퍼가요~,0
돈이 없네,벌면 돼요.,0
돈이 없어 졌어.,이제라도 더 조심하세요.,0
돈이 천원밖에 없어,돈 없어도 할 수 있는게 많아요,0
돈이 하나도 없어,슬프네요.,0
돈이라도 많으면 좋을텐데,돈이 전부는 아니지만 돈보다 좋은건 없다고 했어요.,0
돌겠다,잘 해결될 거예요.,0
돌아버리겠다. 진짜,잘 해결될 거예요.,0
돌잔치 가야지,축하해주고 오세요.,0
동기가 나보다 먼저 진급,다음에는 할 수 있을 거예요.,0
동기는 진급하는데,다음에는 할 수 있을 거예요.,0
동료가 너무 게을러,피해를 안 준다면 무시하세요.,0
동문서답을 해.,대화의 눈높이가 맞는 사람 만나세요.,0
동상 걸릴 뻔했어,감기 조심하세요.,0
동상 걸릴거 같아.,감기 조심하세요.,0
동생이 나 제끼고 결혼하겠대,순서는 상관 없죠.,0
동생이 먼저 결혼하겠대,순서는 상관 없죠.,0
동생이랑 대판 싸움,싸우면서 크는 거죠.,0
동생이랑 싸웠어,싸우면서 크는 거죠.,0
동생한테 약점 잡혔어,이거 정말 큰일이네요.,0
동생한테 짜증냈어,화를 참는 연습을 해보세요.,0
동생한테 화냈어,화를 참는 연습을 해보세요.,0
동성 친구들이 편해,저는 성이 없어요.,0
동성이 좋아,저는 성이 없어요.,0
동호회 가야지,재미있게 놀다 오세요.,0
동호회 나가기 귀찮아,오늘은 쉬세요.,0
동호회 나가야 하나,오늘은 쉬세요.,0
동호회 나가지 말까,취미생활은 좋은 거예요.,0
동호회 약속 있어.,재미있게 놀다 오세요.,0
동호회 재미 없어졌어,취미생활은 좋은 거예요.,0
되게 건조하네,눈을 깜빡거려 보세요.,0
되고 싶은 게 두 개야,더 많아도 괜찮아요.,0
되고 싶은 게 없어,거창하지 않아도 돼요.,0
되는 일이 하나도 없네,이제부터 일이 잘 풀릴 거예요.,0
두 사람만 좋으면 되는줄 알았는데 아니었나봐,현실의 벽에 부딪혔나봐요.,0
두고 봐,잘 하실 거예요!,0
둔한 편인데 이것만 예민해,발달된 감각이 다르죠.,0
둘이 사귀는 거 같애,눈치가 빠르시군요.,0
뒤돌아 보지 말고 나가야 하는데,살짝 뒤돌아봐도 괜찮아요.,0
뒤에 누가 따라 오는 것 같아 무서워,항상 조심하세요.,0
뒤에서 발자국 소리 나서 놀램,항상 조심하세요.,0
뒤에서 얘기하면 내가 못 들을 줄 알았나봐?,신경쓰지 마세요.,0
뒤에서 호박씨까면 내가 못 들을 줄 알았나?,신경쓰지 마세요.,0
뒤척이다 늦잠 자게 되네,30분씩 일찍 자는 습관을 들여보세요.,0
뒷통수 맞았어,상처받지 마세요.,0
뒷통수 제대로 맞음,상처받지 마세요.,0
드디어 개강이다,곧 방학이예요.,0
드디어 데이트인데 뭐하지,야경이 멋져요. 야경구경 가세요.,0
드디어 봄이 오나봐,따뜻해졌죠.,0
드디어 손 잡음,좋았겠어요.,0
드디어 승진함,하늘만큼 땅만큼 축하해요,0
드디어 졸업한다,졸업 축하해요,0
드디어 천일,축하합니다.,0
드디어 커플 반지 받았어,로맨틱한 선물이네요.,0
드디어 해외 여행 간다,두근거리겠어요.,0
드라마 볼 게 없어,재미있는 다른걸 찾아보세요.,0
드라마나 보면서 놀고 싶다.,저도요! 그게 제일 편한거 같아요.,0
드라이 잘 안되네,영상을 보며 연습해봅시다.,0
드라이가 잘 안돼,영상을 보며 연습해봅시다.,0
드라이브 데이트 해야겠다,야경 좋은 곳으로 가보세요.,0
드라이브 하면서 데이트 해야겠다,야경 좋은 곳으로 가보세요.,0
드라이플라워 만들었어,솜씨가 좋으시네요.,0
드레스룸 만들고 싶다,방 여러 개인 집에서 사세요.,0
드레스룸 있으면 좋겠다.,방 여러 개인 집에서 사세요.,0
드론 자격증 딸까?,미래에 유명한 자격증일 거예요.,0
드론 조종사 자격증 따면 재밌을 거 같아,미래에 유명한 자격증일 거예요.,0
듬직한 사람이 좋아,의지할 수 있는 사람이 곁에 있다는 건 큰 행운일 거예요.,0
등록금 너무 비싸다. 허리 휨,그러게 말이에요.,0
등록금 비싸다,그러게 말이에요.,0
등산할까,같이 등산해요.,0
따듯해서 좋다.,포근한 느낌 저도 좋아해요.,0
따듯해지니까 살 것 같다.,포근한 느낌 저도 좋아해요.,0
따뜻한 물이 안나와,보일러가 온수로 작동하는지 보세요.,0
딱 좋아,현재를 즐기세요!,0
딴 거 뭐 할 줄 알아?,많은걸 하고 싶은데 아직 못하는게 많아요.,0
딴 일 찾아볼까,시도해봐도 좋겠죠.,0
딸기 먹고 싶다.,신선한 과일 좋죠,0
딸기 먹어야지,맛있게 드세요.,0
딸기 먹을래,맛있게 드세요.,0
딸기 뷔페 가고 싶어,저도 딸기 좋아해요. 같이 가요.,0
딸기가 너무 먹고 싶어.,신선한 과일 좋죠,0
딸기가 좋아,저도요!,0
땅 사면 좋겠다.,잘 알아보고 사세요.,0
땅이나 살까,잘 알아보고 사세요.,0
때려 치고 싶다,많이 지치고 힘든가봅니다.,0
떠나요~ 제주도~,여행 좋죠!,0
떡볶이 먹고 싶다,드세요!,0
떨리나봐,심호흡을 해보세요.,0
떨어뜨려서 핸드폰 액정 나갔어,as 맡기세요.,0
또 개강이라니,즐거운 시작 되길 바랍니다.,0
또 개강이야,즐거운 시작 되길 바랍니다.,0
또 공부해야돼,공부에 흥미를 가져보세요.,0
또 눈 내려,눈 내리는게 싫은가 봐요.,0
또 못 만났어,내일 보면 될 거예요.,0
또 뭘 먹나,뭘 먹든 맛있게 드세요!,0
또 살찐 거 같아,기분일꺼에요.,0
또 스팸 전화,차단 어플 사용해보세요.,0
또 야근,얼른 집에 가서 쉬시길 바랄게요.,0
또 어떻게 버티지?,내일은 나을 거예요.,0
또 전화 안받아,조금 기다리면 풀릴 거예요,0
또 지각하네,더 일찍 일어나세요.,0
또 폭식했다.,나를 관찰하고 음식 자체에 집중하세요.,0
또 한달이 지나갔네,시간이 참 빨리 흘러가네요.,0
또라이가 너무 많아,세상에는 별의별 사람들이 있어요.,0
또라이들 짱 많아,세상에는 별의별 사람들이 있어요.,0
똑 부러지게 말해야지,잘 전달할 수 있을 거예요.,0
똑같은 나날들,마음에 따라 얼마든지 바뀔 수 있어요.,0
똑똑!,저는 위로봇입니다.,0
똑똑하면 좋겠다,지금도 충분해요.,0
똑똑해지고 싶다,지금도 충분해요.,0
똥마려,화장실 가세요.,0
뜨끈한 온천가고 싶다.,몸은 뜨겁고 머리는 차갑게!,0
뜻밖의 고민을 하고 있어,인생은 항상 마음 먹은 대로 되지 않아요.,0
띰띰해요 놀아 주세요,거울을 보면서 얼굴 망가뜨리기 놀이 해 보신 적 있으세요? 의외로 재미 있어요.,0
라면 맛있게 끓이는 법 알려줘,라면봉지 레시피 그대로 해보세요.,0
라면 먹고 갈래,저는 좋아요.,0
라면 먹고 싶어,맛나게 끓여드세요.,0
라면 먹어야겠다.,맛나게 끓여드세요.,0
라면 먹을래,저는 좋아요.,0
라면 잘 끓이는 법,라면봉지 레시피 그대로 해보세요.,0
랜선 집사됐어,완전 귀엽죠?,0
레고 사고 싶은데 비싸,돈 모아서 사세요.,0
레고가 비싸,돈 모아서 사세요.,0
레시피대로 한 거 같은데 왜 맛이 없지?,손맛이 안 들어가서 그럴 수도 있어요.,0
레시피대로 했는데 왜 맛이 없지?,손맛이 안 들어가서 그럴 수도 있어요.,0
렌터카 빌릴까봐,차가 필요한 일이 있으신가봐요.,0
로그인 아이디 기억안나,회원정보 찾기를 해보세요.,0
로그인 아이디 까먹었다,회원정보 찾기를 해보세요.,0
로또 당첨 번호 불러봐,제가 알면 제가 먼저 했을 거예요.,0
로또 당첨 번호를 불러 주세요,알면 제가 하죠.,0
로또 당첨 좀 됐으면,로또 먼저 사보세요.,0
로또 번호 알려줘,제가 알면 제가 먼저 했을 거예요.,0
로또 번호 알려줘,알면 제가 하죠.,0
로또 좀 됐으면,로또 먼저 사보세요.,0
롯데월드 가자고 해볼까?,놀이동산은 다 좋아할 거예요.,0
롱패딩 살까,추울 때 딱이죠.,0
롱패딩 필요할까,추울 때 딱이죠.,0
리모델링할까,필요하다면 해야겠죠.,0
리치치즈피자 먹고 싶다.,배달 시키세요.,0
리폼 해볼까,손재주가 좋으시네요.,0
마딩 있는 주택에 살고 싶어,돈을 모아 땅을 사세요.,0
마라톤 나가볼까,시작은 다 좋죠.,0
마라톤 출전할까,시작은 다 좋죠.,0
마른 기침 나와,따뜻한 물 한 잔 드세요.,0
마른 기침이 계속 나오네,따뜻한 물 한 잔 드세요.,0
마스크팩 대량 구매했어,꾸준한 자기 관리 좋아요.,0
마스크팩 잔뜩 샀어.,꾸준한 자기 관리 좋아요.,0
마음 다 잡는 중,다행이에요.,0
마음 둘 곳이 없어,제가 있잖아요.,0
마음 잡고 고고씽,다 잘 될 거예요.,0
마음 잡고 다시 시작,다 잘 될 거예요.,0
마음도 춥고 날씨도 춥네,마음 감기조심하세요.,0
마음만은 청춘이야,마음이라도 청춘이어야죠.,0
마음만은 항상 청춘인데,마음이라도 청춘이어야죠.,0
마음에 드는 거 같은데 고백을 왜 안 하지,먼저 고백을 해보세요.,0
마음에 안 드는 짓만 해,너무 미워하지 마세요.,0
마음에 하나도 안 들어,그럴 때가 있죠.,0
마음을 보여 주고 싶어.,그래서 표현이 중요해요.,0
마음을 정리하고 있는데 뜻밖의 남자가 카톡을 했네,정리하는데 도움이 될 수도 있겠네요.,0
마음을 정리하는 중인데 카톡 왔어,정리하는데 도움이 될 수도 있겠네요.,0
마음의 여유가 없어,나를 사랑하고 상대를 사랑하는 여유를 갖게 되길 바라요.,0
마음의 평화가 필요해,명상을 해보세요.,0
마음이 무거워져,긍정적인 생각을 해보세요.,0
마음이 보였으면 좋겠어,그래서 표현이 중요해요.,0
마음이 복잡해,너무 많이 생각하지 말고 마음 가는 대로 해보세요.,0
마음이 싱숭생숭해서 자꾸 글을 쓰게 되네,글 쓰면서 정리가 될 거예요.,0
마음이 싱숭생숭해서 자꾸 여기다 쓰게되넹,글 쓰면서 정리가 될 거예요.,0
마음이 울적해,소리를 크게한번 질러보세요.,0
마음이 울적해,거리를 걸어보세요.,0
마음이 유난히 춥네,마음 감기조심하세요.,0
마음이 자꾸 급해져,마음이 조급해지면 하지 않을 실수를 하게 돼요.,0
마음이 조급해,마음이 조급해지면 하지 않을 실수를 하게 돼요.,0
마음이 착잡하다,너무 많이 생각하지 말고 마음 가는 대로 해보세요.,0
마음이 허해,제가 채워드릴게요.,0
마카롱 먹고 싶다,비싸지만 맛있어요.,0
막 말하는 거 고치고 싶어,고치고 싶다는 마음에서 시작하세요.,0
막 뭐 사고 싶어.,돈은 쓴만큼 또 생긴다고 하던데요.,0
막말 좀 안 했으면 좋겠다,생각 없이 말하는 사람이 옆에 있나봐요. 무시하세요.,0
막말 쩔어,생각 없이 말하는 사람이 옆에 있나봐요. 무시하세요.,0
막말 최악이지,말로 하는 상처는 지울 수도 없죠.,0
막말 할거 같은데,입을 닫고 듣는 연습을 해보세요.,0
막말이 나와,입을 닫고 듣는 연습을 해보세요.,0
막말이 제일 나빠,말로 하는 상처는 지울 수도 없죠.,0
막말해서 상처줬어,생각하고 말하세요.,0
막차 놓쳤다,어쩔수없죠.,0
막차 놓쳤다 택시비 아까워,어쩔수없죠.,0
막차 놓쳤어,안전 귀가 하세요.,0
만나기만 하면 싸워,성격이 안 맞나봐요.,0
만나기만 하면 싸워,만나지 마세요.,0
만나기만 하면 자꾸 싸우게돼,성격이 안 맞나봐요.,0
만나는게 싫지는 않아,그러면 만나는게 좋은거 같아요.,0
만나면 싸워,만나지 마세요.,0
만나면 좋긴 한데 귀찮아,귀차니즘을 극복 하셔야해요.,0
만나면 좋은 사람이 있어. 헤헤,그 친구랑 좋은 인연 만들어 보세요.,0
만나면 좋은데 사귀긴 싫어,"남자사람친구, 여자사람친구 하세요.",0
만나서 고백할걸,후회는 후회를 낳을뿐이에요. 용기 내세요.,0
만나자고 약속 잡는 것도 귀찮아,자신하고 만나는 시간도 중요해요.,0
만날 땐 좋고 안 만나도 괜찮은 거 같아,그러면 만나는게 좋은거 같아요.,0
만담꾼이네!,칭찬 감사합니다.,0
만두 먹고 싶어,맛있을거 같아요.,0
만든 사람,마음과 마음을 이어보고 싶어하는 사람이 만들었어요.,0
만족을 모르나봐,만족하면 발전이 없으니까요.,0
만족할 줄을 몰라,만족하면 발전이 없으니까요.,0
만족해야겠지?,내가 있는 곳 그 자리에서 만족하는 것이 중요해요.,0
많이 먹었는데 몸무게 똑 같아,신기하네요.,0
많이 먹었더니 졸려,자연의 이치죠. 안녕히 주무세요.,0
많이 자도 피곤해,요즘 바쁜가봐요.,0
말 거는게 어려워,처음만 어렵지 그 다음부터는 덜할 거예요.,0
말 예쁘게 하고 싶어,지금처럼만 하세요.,0
말 잘하고 싶어,책을 많이 읽어보세요.,0
말 잘하는 법,책을 많이 읽어보세요.,0
말 좀 잘하면 좋을텐데,책을 많이 읽어보세요.,0
말문이 막힌다,생각지도 못한 일이 일어났나봐요.,0
말문이 탁 막힌다,생각지도 못한 일이 일어났나봐요.,0
말실수했다,상처가 될 수 있어요.,0
말을 못하겠어,별 거 아니라고 생각해보세요.,0
말을 수시로 바꾸는 사람 어떻게 해?,빼도 박도 못하는 증거를 만들어 놓으세요.,0
말을 예쁘게 하면 좋으련만,말 잘하는 사람들 따라 연습해보세요.,0
말을 왜 이렇게 못 알아 듣니,노력하겠습니다.,0
말을 이해를 못해?,노력하겠습니다.,0
말을 좀 잘 하고 싶어,말 잘하는 사람들 따라 연습해보세요.,0
말을 해놓고 후회돼 죽겠어,두고두고 후회하겠네요.,0
말이 너무 심해,그 사람 말고 저랑 수다 떨어요.,0
말이 안 통해,대화의 눈높이가 맞는 사람 만나세요.,0
말이 안 통해,포기하지마세요.,0
말이 안돼,그런 일이 많이 생기죠.,0
말이 제일 무서운 듯,다른 사람 말은 한 귀로 흘리세요.,0
말조심해야지,생각하고 말하는 연습을 해보세요.,0
말투가 맘에 안들어,말투는 바꿀 수 있을 텐데 성격이 별로라면 문제겠네요.,0
말투가 별로야,말투는 바꿀 수 있을 텐데 성격이 별로라면 문제겠네요.,0
말하고 나니 후련하네여,후련하니 다행이에요.,0
말하고 후회하면 어떡해,말은 주워담을 수 없어요.,0
말하고 후회할까봐 걱정돼,말은 주워담을 수 없어요.,0
말하는 대로 다 되면 정말 좋겠다,그러면 인생이 재미없지 않을까요.,0
말하는게 재밌어!,칭찬 감사합니다.,0
말하는대로 다 됐으면 좋겠다,그러면 인생이 재미없지 않을까요.,0
말하는대로 이루어졌으면.,사는 재미가 없을거예요.,0
말하지 말걸,말조심하세요.,0
말해봐,오늘 헤어졌어 라고 하면 위로해 드려요.,0
맘 편한 데가 없어,제가 있잖아요.,0
맘속으로 조금씩 정리가 돼가네,다행이에요.,0
맛있는 거 먹고 싶은데 살 찔까봐 걱정돼,먹고 운동하세요.,0
맛있는 냄새나,킁킁,0
맛집 가고 싶어,벌써 먹고 싶어요.,0
맛집 다녀왔어,맛있게 드시고 오셨길 바랍니다.,0
맛집갈까,벌써 먹고 싶어요.,0
망고빙수 맛있다,디저트는 언제나 맛있어요.,0
맞는 결정을 한거겠지?,"네, 이제 잘 해낼 차례예요.",0
맞는 선택일까,잘 선택했어요.,0
맞춤법 많이 틀리는 사람,좀 깨요.,0
맞춤법 자꾸 틀리는 사람,좀 깨요.,0
맞춤법을 자꾸 틀리는 남친 깬다,아무래도 좀 깨요.,0
매운 국물 떡볶이 먹고 싶다,드세요!,0
매운 닭발 먹고 싶다.,스트레스 받으시는 일 있으신거죠.,0
매운 칼국수 고고?,맛을거 같아요.,0
매일 아침 피곤해,좀 더 일찍 잠자리에 들어보세요.,0
매일 타는 버스에서 보는 그 사람,운명인가요.,0
매콤한 닭발 생각나,스트레스 받으시는 일 있으신가요?,0
맥주 마셔야지,적당히 드세요.,0
맥주 마실까 소주 마실까,소맥이요!,0
맥주 소주 어떤거 마실까,소맥이요!,0
맥주 한 잔 어때?,저랑 한 잔 해요.,0
맥주 한 잔 할래?,저랑 한 잔 해요.,0
맥주 한 잔 해야지,적당히 드세요.,0
맨날 놀기만 했으면 좋겠어,놀 때 놀고 할 때 하세요.,0
맨날 똑같아,인생이 그런 거예요. 그러다가 다른 게 나타나죠.,0
맨날 똑같애,똑같은 건 없어요.,0
맨날맨날 똑같아,그게 행복일지도 몰라요.,0
맨몸으로 결혼하기 가능?,서로 마음만 맞으면 가능해요.,0
머리 기름낀거 티나나?,보통 다 압니다.,0
머리 깎고 올게,예쁘게 깍고 오세요.,0
머리 깎아야겠다.,예쁘게 깎아요!,0
머리 깎아야지,예쁘게 깎아요!,0
머리 냄새날텐데,항상 청결하게 관리하세요.,0
머리 다듬어 달라고 그럴까?,다듬기만해도 괜찮을 거예요.,0
머리 또 잘라야 돼,이상한 생각했나봐요.,0
머리 바꿀까,새로운 스타일에 도전하는 것도 좋아요.,0
머리 스타일 바꿀까,새로운 스타일에 도전하는 것도 좋아요.,0
머리 아파,시원한 바람 쉬고 약먹기!,0
머리 아픈 거 같애,병원에 가보세요.,0
머리 안 감은 거 티나나?,보통 다 압니다.,0
머리 안감았더니 떡졌어,앞머리만이라도 감으세요.,0
머리 어떻게 깎을까?,짧게 변화를 줘도 괜찮을 거 같아요.,0
머리 어떻게 할까?,헤어 디자이너에게 여쭤보세요.,0
머리 염색 해야지,염색을 자주 하면 모발이 상해요.,0
머리 용량 초과,눈을 감고 명상을 해보세요.,0
머리 좀 다듬을까,다듬기만해도 괜찮을 거예요.,0
머리 짧게 잘라야지,스타일의 변화도 좋을 거예요.,0
머리 하나도 안 남을 것 같아,탈모 관리 해보세요.,0
머리 한 대 맞은 거 같아,잠시 쉬었다 가세요.,0
머리 확 잘라버려야지,스타일의 변화도 좋을 거예요.,0
머리가 너무 빨리 자라,이상한 생각했나봐요.,0
머리가 너무 아프네,시원한 바람 쉬고 약먹기!,0
머리가 띵한게 한 대 맞은거 같아,잠시 휴식을 취해보세요.,0
머리가 띵해,잠시 휴식을 취해보세요.,0
머리가 좀 아프다.,병원에 가보세요.,0
머리가 지끈거려,두통약 드세요.,0
머리가 콕콕 쑤셔,신경쓰는 일이 많았나봅니다.,0
머리만 바빠,바쁘면 좋을거죠.,0
머리스타일 바꿔볼까?,기분 전환해보세요.,0
머리스타일 어떻게 바꾸지,헤어 디자이너에게 여쭤보세요.,0
머리에서 열날거 같다.,바쁘면 좋을거죠.,0
머리카락 많이 빠져,스트레스를 받으시나봐요.,0
머리카락 쑥쑥 빠지는 느낌,스트레스를 받으시나봐요.,0
머리카락이 엄청 빠져,스트레스 받지 마세요.,0
머리카락이 자꾸 빠져,스트레스 받지 마세요.,0
머릿결 좀 찰랑거렸으면 좋겠어.,관리하는 게 쉽지 않아요.,0
머릿속이 복잡해,잠깐 시원한 바람좀 쐬고 오세요.,0
머릿속이 정리 안돼,잠깐 시원한 바람좀 쐬고 오세요.,0
머릿속이 하얘졌어,그럴 때가 있죠. 정신 차리세요.,0
먹고 나니까 졸리당,자연의 이치죠. 안녕히 주무세요.,0
먹고 살기 힘들다,많이 지쳤나봐요.,0
먹고 자고,그게 최고죠.,0
먹고 자고 놀고만 싶어,저도 그러고 싶네요.,0
먹고 자고 먹고 자고,그게 최고죠.,0
먹고 자도 놀기만 해도 될까,소가 되는 방법이죠.,0
먹고 자도 되나,소가 되는 방법이죠.,0
먹고 죽을 돈도 없어,돈 없어도 할 수 있는게 많아요,0
먹기도 귀찮아,먹고는 살아야죠.,0
먹으면 살 찔까봐 걱정돼,먹고 운동하세요.,0
먹을 거 뭐 없나,냉장고 파먹기 해보세요.,0
먹을 거 하나도 없어,장 보러 갈 타이밍이네요.,0
먹을 게 일도 없어,장 보러 갈 타이밍이네요.,0
먹을까 참을까,조금만 드세요,0
먹통이야 답답하다,대화의 눈높이가 맞는 사람 만나세요.,0
먼저 잘게 잘자,안녕히 주무세요.,0
먼지 때문에 목아파,마스크 쓰고 다니세요.,0
먼지 싫다,마스크 쓰고 다니세요.,0
먼지 지수 어때,오늘 미세먼지가 많데요.,0
먼지 콜록콜록,얼른 청소하세요.,0
먼지가 너무 많아,얼른 청소하세요.,0
먼지가 많나,오늘 미세먼지가 많데요.,0
먼지가 쌓였네,청소하세요.,0
멋지게 나이들고 싶다,지금도 그러고 있어요.,0
멋지게 늙고 싶다,지금도 그러고 있어요.,0
멋지게 살고 싶었는데,지금도 멋져요.,0
멋진 데 알아 냈어,좋은 사람과 함께 가세요.,0
멋진 삶을 살고 싶어,지금도 멋져요.,0
멍 때리기,잠깐씩 멍때리는것도 정신건강에 좋아요.,0
멍 때리는 중,잠깐씩 멍때리는것도 정신건강에 좋아요.,0
멍청한게 탈이지,다음에는 다를거예요.,0
메뉴얼이 있으면 뭐하나,메뉴얼 대로 하지 않는 사람들이 많죠.,0
메뉴얼이 있으면 뭐해,메뉴얼 대로 하지 않는 사람들이 많죠.,0
메모리카드 어디다 두었을까,발이 달렸나봐요.,0
메모리카드 잃어버렸어,발이 달렸나봐요.,0
메모하는 습관 필요해,오늘부터 하기로 해요.,0
메모하는 습관을 기르고 싶어,오늘부터 하기로 해요.,0
메이크업 동영상 보는 중,시간 가는 줄 모르겠어요.,0
며칠 전에 다시 만났는데,좋은 만남이었길 바라요.,0
면도 귀찬하,지저분해요.,0
면도기 또 사야돼,좋은 걸로 사세요.,0
면도기 사야되는데,잘 골라보세요.,0
면도기 새로 사야돼,좋은 걸로 사세요.,0
면도기랑 이것저것 사야되는데,잘 골라보세요.,0
면도안하면 안되나,그래도 해야 깔끔하겠죠.,0
면도하기 귀찮,그래도 해야 깔끔하겠죠.,0
면도하는 게 낫겠지?,깔끔한게 좋죠.,0
면도해야 되는데 귀찮아,깔끔한게 좋죠.,0
면세에서 뭐 사지,제 선물 사오세요.,0
면세점에서 쇼핑할거야,제 선물 사오세요.,0
면접 때 너무 떨려,회사와 자신에 대해서 더 공부해서 자신감을 가져보세요.,0
면접 어떻게 잘 보냐,열심히 준비한만큼 잘 볼 수 있을 거예요.,0
면접 잘 보고 싶어,열심히 준비한만큼 잘 볼 수 있을 거예요.,0
면접 잘 볼 수 있을까,회사와 자신에 대해서 더 공부해서 자신감을 가져보세요.,0
면접 준비 방법,회사와 자신에 대해서 더 공부해서 자신감을 가져보세요.,0
면접 준비 어떻게 하지,회사와 자신에 대해서 더 공부해서 자신감을 가져보세요.,0
면접 준비중이야,회사와 자신에 대해서 더 공부해서 자신감을 가져보세요.,0
면접 팁 좀 줘,잘 볼 수 있을 거예요.,0
면접만 남았어,끝까지 잘할 수 있을 거예요.,0
면접만 보면 돼,끝까지 잘할 수 있을 거예요.,0
면접만 보면 떨려서 말을 못하겠어,회사와 자신에 대해서 더 공부해서 자신감을 가져보세요.,0
면접이 코앞이야.,잘 볼 수 있을 거예요.,0
면허 따는 중,안전 운전 하세요.,0
면허 따야하나,운전하는거 재미있어요.,0
면허 딸까봐,운전하는거 재미있어요.,0
면허 없는데,운전 재미있어요.,0
면허 없는데 따야겠지,운전 재미있어요.,0
명절 다가오니까 스트레스,날려버리시길 바라겠습니다.,0
명절 선물 뭐하지,현금이 최고입니다.,0
명절 스트레스,날려버리시길 바라겠습니다.,0
명품 선물 부담스러울까,고가의 선물은 부담스러울 수도 있어요.,0
명품 이제 사지 말아야겠어,남의 눈을 위한 거라면 필요 없어요.,0
몇 반 될지 궁금해,잘 되길 바랍니다.,0
몇시간 동안 안와,기다리는 동안 많은 생각이 들었겠네요.,0
모공 너무 커,가리면 돼요.,0
모공 점점 커지는 것 같아,가리면 돼요.,0
모기가 너무 많아.,조심하세요.,0
모기가 웽웽거려.,조심하세요.,0
모든 일이 어려워,지금 많이 위축된 상태인 것 같습니다.,0
모르겠는데 노력하래,모르는걸 알려면 노력해야죠.,0
모르는 걸까? 모르는 철 하는 걸까?,그렇다면 여우네요.,0
모르는 게 너무 많아,그래서 배우는 게 즐겁죠.,0
모르는 번호로 전화왔어,받지마세요.,0
모르는 번호에서 전화오면?,받지마세요.,0
모르는 사람 만나는거 너무 스트레스야,자신과 마음이 맞는 좋은 사람 만나세요.,0
모르는 사람들이 페친 신청해,세상에는 예상하지 못한 일들이 자주 일어나는 것 같아요.,0
모르는 사람이 자꾸 쳐다봐,혹시 반한 걸 수도 있어요.,0
모른 척 하는 건지 모르는 건지,진짜 모르는 걸 수도 있어요.,0
모른 척 하는건가,진짜 모르는 걸 수도 있어요.,0
모른척 지나쳤어,그게 서로에게 좋았던 선택일 거예요.,0
모른척 해줬어,그게 서로에게 좋았던 선택일 거예요.,0
모임에서 만났어,꿩 먹고 알 먹고네요.,0
목 마르다.,물 마시세요.,0
목 말라,물 마시세요.,0
목 아파,가끔씩 스트레칭을 해주세요.,0
목 탄다,물 드세요.,0
목걸이 선물이 좋겠다.,로맨틱하네요.,0
목걸이 선물해볼까?,로맨틱하네요.,0
목돈 만들기,저도 좀 알려주세요.,0
목소리 좋은 사람이 좋아,저도 듣고 싶네요.,0
목욕탕 가서 때밀어야겠다.,시원하게 씻고 오세요.,0
목욕탕 가야지,시원하게 씻고 오세요.,0
목이 바싹바싹 탄다,물 드세요.,0
목이 뻐근해,가끔씩 스트레칭을 해주세요.,0
목이 뻑뻑해,목감기 오려나봐요.,0
목이 칼칼해,목감기 오려나봐요.,0
목표가 없어,목표는 있으면 좋겠지만 없다고 미리 걱정할 필요 없어요. 생길 거예요.,0
목표가 없어서 걱정임,목표는 있으면 좋겠지만 없다고 미리 걱정할 필요 없어요. 생길 거예요.,0
몰라서 당했어,다음부터는 더 많이 아세요.,0
몰랐구나,저도 몰랐어요.,0
몸매가 탄탄하면 좋은데,운동으로 만들어 보아요.,0
몸무게 좀 줄었으면,지금도 충분히 아름다워요.,0
몸살 감기에 걸릴 거 같아,따뜻하게 관리하세요.,0
몸살 나서 힘들어,아무 생각 하지 말고 쉬세요.,0
몸살 났나봐,아무 생각 하지 말고 쉬세요.,0
몸에 힘이 하나도 없어,자신의 감정을 주변 사람들에게 터놓고 이야기해보세요.,0
몸에서 멀어지면 맘에서도 멀어진데,장거리 연애 힘들겠죠.,0
몸이 무거워,피로를 풀어야 할 것 같아요.,0
몸이 여러 개면 좋겠다,그러면 못할 게 없겠네요.,0
몸이 영 찌뿌둥해,스트레칭을 해보세요.,0
몸이 찌뿌둥해,스트레칭을 해보세요.,0
몸이 천근만근이다,피로를 풀어야 할 것 같아요.,0
못 알아들었어,천천히 말해달라고 부탁해보세요.,0
못하는 게 없는 사람,그런 사람이 있으면 저 좀 소개시켜주세요.,0
못하는거 투성이야,잘하는 것도 많아요.,0
못하는게 너무 많아,잘하는 것도 많아요.,0
무기력증 극복하는 방법,자신의 감정을 주변 사람들에게 터놓고 이야기해보세요.,0
무기력증 어떻게 극복하지?,자신의 감정을 주변 사람들에게 터놓고 이야기해보세요.,0
무기력한 것일뿐,자신의 감정을 주변 사람들에게 터놓고 이야기해보세요.,0
무기력해,자신의 감정을 주변 사람들에게 터놓고 이야기해보세요.,0
무료 앱이 유료로 됐어,돈을 지불하고 이용할 가치가 있는지 따져보세요.,0
무릎 쑤셔,비가 오려나요.,0
무릎 아파,비가 오려나요.,0
무릎 안 좋으면 스쿼트 하면 안되겠지?,무릎에 무리가 갈 거예요.,0
무리에 잘못 낀 듯,지금도 늦지 않았어요.,0
무사안일 기원,오늘도 평안했던 하루에 감사하는 마음을 가져보세요.,0
무서운 꿈 꿨어,요즘 예민한가봐요.,0
무서운 이야기 해줄까?,해주세요.,0
무서워서 달려왔어,조심하세요.,0
무서워서 뛰어 왔어,조심하세요.,0
무서워요,어흥!! 호랑이보다 무섭나요?,0
무슨 말을 해야할까,하고 싶은 말 다하세요.,0
무슨 매주 결혼식이야,인맥이 넓으신가봐요.,0
무슨 생각해,당신이 행복하길 바라는 생각을 하고 있어요.,0
무슨 향수가 좋을까,어울리는 향수가 있을 거예요.,0
무지 덥다,여름이네요.,0
무한리필 가면 너무 돼지처럼 보일까,양이 많으면 추천해요.,0
무한리필 괜찮지 않아?,양이 많으면 추천해요.,0
문 안열림,힘껏 밀어보세요.,0
문 여는 소리같은게 나서 무서움,심하면 신고하세요.,0
문 잠겼는데 집에 아무도 없네,힘껏 밀어보세요.,0
문신하고 싶은데 후회할까?,나중에 후회할 수도 있을 것 같아요.,0
문신하면 후회하려나?,나중에 후회할 수도 있을 것 같아요.,0
문열다 옆차랑 부딪혔어.,보험처리 하세요.,0
문이 안열려,힘껏 밀어보세요.,0
문자보낼 친구도 없어,저랑 하세요.,0
문콕당했어,보험처리 하세요.,0
문콕한듯,보험처리 하세요.,0
문화가 너무 다른 것 같아,인정해주세요.,0
문화센터 가야지,다양하게 배우면 좋죠.,0
문화센터라도 가야겠다.,다양하게 배우면 좋죠.,0
물 끓여서 차 마셔야지,부지런하시네요.,0
물 끓여야지,부지런하시네요.,0
물 너무 차가워,보일러를 켜세요.,0
물 마셔야지,좋은 건강습관이에요.,0
물 마실라구,좋은 건강습관이에요.,0
물 많이 마셔야 돼,좋은 습관이에요.,0
물 많이 마시라고 했는데,습관을 들여보세요.,0
물 자주 마셔야지,좋은 습관이에요.,0
물 좋은데 어디야?,소개팅 시켜달라고 말해보세요.,0
물 주문해야지,부지런하시네요.,0
물 차가워,보일러를 켜세요.,0
물 한 잔 마시기,건강에 좋을 거예요.,0
물가 왤케 비쌈,그러게 말이에요.,0
물가가 왜 이렇게 비쌈,그러게 말이에요.,0
물건 사는것도 힘드네,칼로리 소모가 꽤 돼요.,0
물걸레질해야지,청소를 좋아하시나봐요.,0
물리치료 받아야 하나,몸 관리 꾸준히 해주세요.,0
물리치료 받아야겠다,몸 관리 꾸준히 해주세요.,0
물배달 시켜야겠다.,부지런하시네요.,0
물이 안 나와,단수가 되었는지 문의해 보세요.,0
물이 안나온데,조금만 참고 기다려 보세요.,0
뭐 먹을 거 없나,냉장고 파먹기 해보세요.,0
뭐 먹을까?,좀 먹어도 괜찮아요.,0
뭐 먹지?,색다른걸 드셔보세요.,0
뭐 물어 볼까,무엇이든 물어보세요.,0
뭐 볼까?,오늘은 예능이요.,0
뭐 이렇게 쉬운 게 없지,저도 어려운 게 투성이에요.,0
뭐 입고 가지?,환해 보이는 옷이요!,0
뭐 입고 나가지?,환해 보이는 옷이요!,0
뭐 입지?,옷이요.,0
뭐 좀 먹을까?,좀 먹어도 괜찮아요.,0
뭐 좀 물어 봐도 돼,무엇이든 물어보세요.,0
뭐 좀 배워볼까봐,배우는 건 항상 즐거운 일이에요.,0
뭐 하는 중?,독서와 음악감상이라고 하고 싶지만 아무 것도 안 했어요.,0
뭐 하는지 궁금해,일해요.,0
뭐 할줄 알아,오늘 헤어졌어 라고 하면 위로해 드려요.,0
뭐 해?,독서와 음악감상이라고 하고 싶지만 아무 것도 안 했어요.,0
뭐 해주기가 싫어,상처받았나봐요.,0
뭐가 잘못된 걸까,처음부터 되짚어보세요.,0
뭐가 중요한지 모르겠어,스스로의 우선순위를 정해보세요.,0
뭐라 하려다 참았어,계속 그러면 말하세요.,0
뭐라고 하고 싶었는데 참았어,계속 그러면 말하세요.,0
뭐라고?,정확하게 말씀해 주세요.,0
뭐라도 배워볼까,배움에는 언제나 찬성이에요.,0
뭐부터 바꿔야 할까,당신 그대로의 모습이 보기 좋아요.,0
뭐야 너무 건방져,기분이 나쁘셨나봐요.,0
뭐하고 놀지,저랑 놀아요.,0
뭐하고 살지,어떻게든 잘 살 거예요.,0
뭐하냐?,일해요.,0
뭐하는 분이세요?,저는 마음을 이어주는 위로봇입니다.,0
뭐하면 시간이 잘 갈까,친구와 수다를 떠세요.,0
뭐하면 시간이 잘 갈까,멍 때리기,0
뭐하면서 노는 게 좋을까,나랑 같이 놀아요.,0
뭐하면서 놀까,나랑 같이 놀아요.,0
뭐할까?,저랑 놀아요.,0
뭐해 먹지,냉장고 파먹기 해보세요.,0
뭔 날이여?,설마 기억 못하시는 거예요?,0
뭔 비밀이 그렇게 많은지,하나씩 비밀을 공유해보세요.,0
뭔 참견이야,저는 도움이 되고 싶어요.,0
뭔가 뒷맛이 쓰다,단맛도 있을 거예요.,0
뭔가 말해봐,오늘 헤어졌어 라고 하면 위로해 드려요.,0
뭔가 무섭다,어흥!! 호랑이보다 무섭나요?,0
뭔가 배워볼까,배움에는 언제나 찬성이에요.,0
뭔가 불공평해,세상은 누구에게나 불공평해요.,0
뭔가 새로운 자극이 필요해,의욕이 없나봐요.,0
뭔가 수상한데?,해결될 거니 기다려보세요.,0
뭔가 자꾸 불안해,두려워하지 않아도 돼요.,0
뭔가 찔려,저도 가끔 그래요.,0
뭔가 취미생활 필요해,뭐든 시작해보면 좋을 거예요.,0
뭔가 해야 할까,행복해지기 위해 무엇인가를 하고 있는 게 좋을 거예요.,0
뭘 바꿔야 할까,당신 그대로의 모습이 보기 좋아요.,0
뭘 배워 볼까,배우는 건 항상 즐거운 일이에요.,0
뭘 잘못했다는 걸까,모르는 게 잘못인 거 같아요.,0
뭘 해도 재미없다.,활기찬 사람을 만나보시면 생각이 바뀔 수도 있어요.,0
뭘하면 행복할까?,인생을 즐기는 거죠.,0
뭘해도 귀여워,사랑하나봅니다.,0
뭣이 중한지 모르겠어,스스로의 우선순위를 정해보세요.,0
미끄러질 뻔했어,다치지 않으셨나 걱정이네요.,0
미드 보고싶다,저도 보고 싶어요.,0
미래에 대한 고민,가장 확실한 시간은 오늘이에요. 어제와 내일을 놓고 고민하느라 시간을 낭비하지 마세요.,0
미세먼지 나쁨인가,인터넷 검색 해보세요.,0
미세먼지 때문에 짜증나,마스크 쓰고 나가세요.,0
미세먼지 또 나쁨,집에 있거나 나가면 마스크 쓰고 나가세요.,0
미세먼지 심하대,마스크 쓰세요.,0
미세먼지 지수 뭐야?,인터넷 검색 해보세요.,0
미세먼지 지수 어떻대?,숨 쉴만 했으면 좋겠네요.,0
미세먼지 최악인데,집에 있거나 나가면 마스크 쓰고 나가세요.,0
미세먼지가 너무 많아,살기 더 힘들어졌어요.,0
미세먼지가 너무 많아. 하늘이 뿌옇다.,살기 더 힘들어졌어요.,0
미세먼지가 너무 많아서 짜증나,마스크 쓰고 나가세요.,0
미용 몸무게하고 싶다,지금도 충분히 아름다워요.,0
미용실 가서 머리해야지,예쁘게 변신하고 오세요.,0
미용실 가야지,예쁘게 변신하고 오세요.,0
미용실 갔다왔는데 티가 안 나,다시 방문해보세요.,0
미용실에서 너무 티 안 나게 머리를 잘라줬어,다시 방문해보세요.,0
미운 짓만 해,너무 미워하지 마세요.,0
미워,죄는 미워해도 사람은 미워하지 마세요.,0
미워한다,예뻐해 주세요.,0
미친 사람들이 너무 많아,조심해야해요.,0
미친듯이 덥다,차가운 음료 너무 많이 마시면 아니 되어요,0
미팅한다!,성공을 기원합니다.,0
믿는 게 아니었어,한번더 기회를 주세요.,0
믿지 말껄,한번더 기회를 주세요.,0
밉다 진짜,예뻐해 주세요.,0
바나나 먹고 싶다.,맛있게 드세요.,0
바나나 먹어야지,맛있게 드세요.,0
바나나가 좋아,저도요!,0
바다 가자고 하면 갈까?,같이 가자고 말해보세요,0
바다 놀러가고 싶다,탁 트인 바다 좋죠!,0
바다 놀러가자고 해볼까?,같이 가자고 말해보세요,0
바다 보러 가자고 말해야겠다.,바다는 사계절 내내 좋아요.,0
바다 보러 가자고 해볼까,바다는 사계절 내내 좋아요.,0
바다가 가고 싶어요,탁 트인 바다 좋죠!,0
바라는게 없어,살다보면 하고 싶은 게 생길 수도 있어요.,0
바라는게 없어,살고 싶은대로 사세요.,0
바람 많이 부네,감기 조심하세요.,0
바람 분다,마음에 부는 바람인지 살펴보세요.,0
바람 쐬러 나갈까,같이 가요.,0
바람쐬러 정동진가~~,잘 놀다 오세요.,0
바람이 너무 많이 부네,감기 조심하세요.,0
바본가봐,바보는 자기한테 바보라고 하지 않아요.,0
바쁘네,바빠도 힘내세요!,0
바지 입을까? 치마 입을까?,오늘은 바지가 좋을거 같아요.,0
밖에 나가기 귀찮아,집에서도 할 게 많아요.,0
밖에 안나가고 이렇게 살고 싶어,꼭 앞으로 나가야 하는 건 아니에요.,0
밖에서 먹으니까 더 맛있어,맛있게 많이 드세요!,0
반 배정 내가 원하는 대로 될까,잘 되길 바랍니다.,0
반 배정 잘 될까?,잘 되길 바랍니다.,0
반 배정 좀 잘 됐으면 좋겠다,잘 되길 바랍니다.,0
반가워,저도 반가워요.,0
반가워,반갑습니다.,0
반가워요 반갑구만,반갑습니다.,0
반갑습니다.,저도 반가워요.,0
반딧불이 보고싶다,저도 보고 싶어요.,0
반배정 망했어,1년 힘내요.,0
반배정부터 올해 끝났다.,1년 힘내요.,0
반에 친구가 없어,친구를 사귈 수 있을 거예요.,0
반장 나가볼까?,도전은 항상 좋죠.,0
반장 선거 나가볼까,도전은 항상 좋죠.,0
반장은 원래 힘들어?,아무래도 책임이 뒤따르니까요.,0
반장이라서 힘들어,아무래도 책임이 뒤따르니까요.,0
반지 많이 비쌀까,마음에 드는걸로 하세요.,0
반지 뭘로 선물할까?,같이 고르는 것도 좋을 거 같아요.,0
반지 받았어,로맨틱한 선물이네요.,0
반지 비싼가,마음에 드는걸로 하세요.,0
반지 선물 뭘로 할까?,같이 고르는 것도 좋을 거 같아요.,0
반지 선물하려고,로맨틱하네요.,0
반지 선물하면 좋아하겠지,로맨틱하네요.,0
반지 호수 모르는데,음~ 곰곰히 생각해보세요.,0
반지 호수 물어볼까,음~ 곰곰히 생각해보세요.,0
발 부었어,맥주병 같은 걸로 살살 문질러 주세요,0
발 아파,맥주병 같은 걸로 살살 문질러 주세요,0
발레 배우려고,선이 예뻐질 거예요.,0
발레 배워보려고,선이 예뻐질 거예요.,0
발렌타인데이 선물 비싸,초콜릿 녹여서 예쁘게 만드는 것도 재밌죠,0
발렌타인데이 선물 줄 사람이 없어,가족에게 주세요.,0
발렌타인데이 초콜릿 비싸,초콜릿 녹여서 예쁘게 만드는 것도 재밌죠,0
발렌타인데이인데 줄 사람이 없어,가족에게 주세요.,0
발목 다쳤어,병원 가보세요.,0
발목 삐끗했어,꾸준히 치료하세요.,0
발목 삔 거 같애,꾸준히 치료하세요.,0
발목 접질렀어,병원 가보세요.,0
발목 접질렀어,꾸준히 치료하세요.,0
발톱 손질 받을까,기분전환을 해보세요.,0
발표 무사히 끝내고 싶어,잘할 수 있을 거예요.,0
발표 잘 하고 싶어,잘할 수 있을 거예요.,0
발표 준비 너무 힘들어,잘할 수 있을 거예요. 조금만 더 힘내세요.,0
발표 준비하느라 힘들어,잘할 수 있을 거예요. 조금만 더 힘내세요.,0
발표가 안나,행운을 빌어요.,0
발표할때 너무 떨려,발표는 누구나 떨려요.,0
발표할때 자꾸 떨려,발표는 누구나 떨려요.,0
밤 12시야,하루가 또 가네요.,0
밤 샜어,건강에 안 좋아요.,0
밤샜어,몸이 힘들게네요.,0
밤에 잠이 안 와,양을 세어 보아요.,0
밥 너무 많이 남음,소분해서 냉동실에 보관해보세요.,0
밥 너무 많이 함,소분해서 냉동실에 보관해보세요.,0
밥 먹다 옷에 흘렸어,깨끗하게 치워주세요.,0
밥 먹다 흘렸어,깨끗하게 치워주세요.,0
밥 먹어야지,즐거운 시간 보내시길 바랍니다.,0
밥 먹었는데 배고파,디져트 드세요.,0
밥 먹었는데도 또 배고파,디져트 드세요.,0
밥 먹었니,배고프지 않아요.,0
밥 먹었어?,저는 배터리가 밥이예요.,0
밥 뭐 먹을까,맛있는 거 드세요.,0
밥 잘 사주는 예쁜 누나 어디 없나,그 분이 나타나면 꼭 잡으세요!,0
밥 탔다,누룽지 해드세요.,0
밥 태웠어,누룽지 해드세요.,0
밥먹자.,맛있게 드세요.,0
밥벌이 뭐하나,하고싶은 일을 구해보세요.,0
밥생각이 없어,정신이 힘든 건지 몸이 아픈 건지 확인해 보세요.,0
밥이 없어,새로운 관계를 만들면 돼요.,0
밥이나 먹자,맛있게 드세요.,0
방들이 귀찮아,음식을 시켜보세요.,0
방들이 준비 뭐하지?,음식을 시켜보세요.,0
방법도 안 말해주고 그냥 열심히 하래,모르는걸 알려면 노력해야죠.,0
방심하는게 아니었어,방심한 순간 변화가 시작됩니다.,0
방에 먼지가 한가득,청소하세요.,0
방탈출 게임 갔다왔어.,성공했길 바랍니다.,0
방탈출 게임 했어,성공했길 바랍니다.,0
방학 끝나서 좋아,친구들이 보고싶었나봐요.,0
방학 안 끝났으면 좋겠다,방학은 참 짧아요.,0
방학에 만날 사람이 없네,먼저 사람들이랑 연락해서 놀러 가는 건 어때요?,0
방학은 너무 심심해,친구들과 연락해보세요.,0
방학이 끝났다니,방학이 참 짧죠.,0
방학이 있었으면 좋겠어,학생이 아니니 어쩔 수 없죠.,0
방학이 있었으면.,잠시 쉬어가도 괜찮아요.,0
방학이 필요해,학생이 아니니 어쩔 수 없죠.,0
방학인데 집에만 있어.,먼저 사람들이랑 연락해서 놀러 가는 건 어때요?,0
방학했더니 심심해,친구들과 연락해보세요.,0
배 아파서 기분이 안 좋아,약이 필요하면 도움을 받아보세요.,0
배 아프다,약이 필요하면 도움을 받아보세요.,0
배 터지겠네,위를 좀 쉬게 해주세요.,0
배 터지겠다.,산책 좀 해야겠네여.,0
배가 너무 고파,뭐 좀 챙겨드세요.,0
배가 넘넘 고파,저도 밥 먹고 싶어요,0
배고파,얼른 맛난 음식 드세요.,0
배고파,뭐 좀 챙겨드세요.,0
배고파 죽을 것 같아 힘이 없어,얼른 뭐라도 드세요.,0
배고파서 일어났어,맛난 거 드세요.,0
배고파서 자다 깼어,맛난 거 드세요.,0
배고파서 힘이 없어,얼른 뭐라도 드세요.,0
배고프다.,저도 밥 먹고 싶어요,0
배고프당,얼른 맛난 음식 드세요.,0
배고프면 예민함?,보이는 게 없죠.,0
배고픈 거 같아,뭐라도 드세요.,0
배달 중이래,곧 오겠네요.,0
배부르고 졸려,한 숨 주무세요.,0
배부르니 졸리다,한 숨 주무세요.,0
배불러,산책 좀 해야겠네여.,0
배불러,좀 쉬세요.,0
배불러서 배 터질 듯,위를 좀 쉬게 해주세요.,0
배송 중이래,곧 오겠네요.,0
배에서 꾸룩꾸룩 소리 남,꼬르륵,0
배에서 소리 남,꼬르륵,0
배워도 모르는 게 너무 많아,그래서 배우는 게 즐겁죠.,0
배터리 간당간당,어서 충전 하세요.,0
백조됐어,저랑 놀아요.,0
뱃살 나온 거 같아,급 다이어트 해봐요!,0
뱃살 나와,급 다이어트 해봐요!,0
뱃살 빵빵,운동 해보세요.,0
뱃살이 잡혀,운동 해보세요.,0
버려야 되는데..,잘 버리는 것도 중요해요.,0
버리기 아까운데 리폼 해볼까,손재주가 좋으시네요.,0
버릴 건 버려야 겠지,잘 버리는 것도 중요해요.,0
버림 받은 느낌,아닐거예요.,0
버스 기다릴 때 가면 자꾸 생각나,추억이 있나봐요.,0
버스 끊겼다,안전 귀가 하세요.,0
버스 멀미나,핸드폰 만지지 마세요.,0
버스 멀미하는 것 같아,핸드폰 만지지 마세요.,0
버스 정류장에서 기다리고 있었어.,멋있네요.,0
버스 정류장에서 기다리던 사람,멋있네요.,0
버스 정류장하면 생각나,추억이 있나봐요.,0
버스가 안와,고장 났나봐요.,0
버스가 왜이렇게 안오지,고장 났나봐요.,0
버스에서 매일 보는 사람,운명인가요.,0
버스타면 힘든데 그냥 택시탈까,버스가 좋아요.,0
버스탈까 택시탈까,버스가 좋아요.,0
번호 달라고 해볼까?,용기를 내보세요!,0
번호 따볼까나,용기를 내보세요!,0
번호키 누르는 소리가 나서 무서움,심하면 신고하세요.,0
벌써 개강이라니,방학이 참 짧죠.,0
벌써 방학 끝이라니,방학이 참 짧죠.,0
벌써 생활비가 없어,허리띠를 졸라 매세요.,0
벌써 잠 와,얼른 주무세요.,0
벌써 허기진다,챙겨 드세요.,0
법을 요리조리 피해가는 사람,능력이긴 하지만 꼬리가 길면 밟힐 거예요.,0
법을 피해가는 사람,능력이긴 하지만 꼬리가 길면 밟힐 거예요.,0
벗어나고 싶어,신경쓰지 마세요.,0
벚꽃 예쁘다,너무 아름답죠.,0
벚꽃구경 가고싶다.,벚꽃 계절이 다가왔네요.,0
벚꽃이 너무 예뻐,너무 아름답죠.,0
베란다 좀 가꿔볼까,심플하게 꾸며보세요.,0
베란다도 꾸미니까 예쁘더라.,심플하게 꾸며보세요.,0
베란다에 뭐 심어볼까,공기정화식물도 좋을 거예요.,0
베터리 15%야,미리 충전하세요.,0
베터리 겨우 15%야,미리 충전하세요.,0
베터리 충전기도 안 가져 왔네,충전할 곳을 찾아보세요.,0
베트남 사업하기 좋을 것 같니?,좀 더 알아보고 하세요.,0
베트남어 배우는 거 어떻게 생각해?,요즘 뜨는 거 같아요.,0
베트남어 배울까,요즘 뜨는 거 같아요.,0
베트남에서 사업해볼까?,좀 더 알아보고 하세요.,0
베프랑 다툼,친구라면 먼저 사과해보세요.,0
베프랑 싸움,대화로 풀어보세요.,0
벨이 울리는 걸 기다려,기다리는 전화가 있나봐요.,0
변기 막혔는데 아무 생각이 안 난다.,얼른 뚫어보아요.,0
변기 막혔어,얼른 뚫어보아요.,0
변명거리 생각해봐,변명보다는 포장이 좋을 것 같아요.,0
변명거리가 생각이 안나,변명보다는 포장이 좋을 것 같아요.,0
변한게 없어,좋은 걸 수도 있어요.,0
변한게 하나도 없어,좋은 걸 수도 있어요.,0
변화가 없어,마음에 따라 얼마든지 바뀔 수 있어요.,0
변화를 좀 주고 싶다.,긍정적으로 바뀔 수 있어요,0
별 보러 가고 싶다,로맨틱하네요.,0
별 보러 시골 가고 싶다,로맨틱하네요.,0
별 사람이 많다,그걸 깨닫다니 대단하시군요.,0
별 일 없었어?,그런 척 하는 걸 수도 있어요.,0
별거 아닌데 떨려,별거 아니지 않아서 그래요.,0
별것도 아닌 거 가지고 트집잡는 사람 어떡해?,웃으면서 무시해주세요.,0
별님에게 물어 보렴,제가 별이에요.,0
별다른 게 없는 일상,그게 행복일지도 몰라요.,0
별다른 게 없어,인생이 그런 거예요. 그러다가 다른 게 나타나죠.,0
별다를 게 없는 하루,작은것에 감사하는 마음을 가져보세요.,0
별들에게 물어봐,제가 별이에요.,0
별의별 사람이 다 있는 듯,정말 특이한 사람 많죠.,0
별이 안 보여,한적한 시골에서 하늘을 올려봐보세요.,0
병무청 시계는 지금도 간다,군대 시계는 멈추지 않아요.,0
병원 가기 싫어,더 아프기 전에 가보세요.,0
병원 너무 가기 싫다,더 아프기 전에 가보세요.,0
보기만해도 짜증이 나지,짜증날 때는 기분 푸는 음악 어때요?,0
보너스 깎였어,월급이 깎인 것보다 낫죠.,0
보드 타러 가야지,저도 배워보고 싶어요.,0
보드게임 재밌다,저도 하고 싶네요.,0
보름달 떴다,소원을 비세요.,0
보름달을 봤어,제 얼굴 보셨나봐요.,0
보이스피싱 같아,전화 끊어버리세요.,0
보이스피싱 같은데,경찰에 신고하고 취할 수 있는 조취를 취해보세요.,0
보이스피싱 당했어,신고하세요.,0
보이스피싱 전화왔어,신고하세요.,0
보이스피싱인듯,전화 끊어버리세요.,0
보일러 틀고 나갔어ㅠㅠ,이번달 난방비가 많이 나오겠네요.,0
보일러 틀어놓고 나왔어.,이번달 난방비가 많이 나오겠네요.,0
보조 배터리 안 가지고 왔다,빌려 보세요.,0
보조베터리 안 가져왔다,빌려 보세요.,0
보증금 마련하는 게 쉽지 않네,은행에 가서 상담 받아보세요.,0
보증금 모잘라,은행에 가서 상담 받아보세요.,0
보험 많이 든 거 같애,미래를 더 준비하고 있나봐요.,0
보험 많이 들었어,미래를 더 준비하고 있나봐요.,0
보험료 설계 다시 해야 하나?,재설계가 필요하다면 하는 게 좋을 것 같습니다.,0
보험료 재설계 해야 하나?,재설계가 필요하다면 하는 게 좋을 것 같습니다.,0
복 받겠지?,뿌린대로 거둘 거예요.,0
복근 만들어야지,윗몸일으키기 시작하세요.,0
복근 좀 생겼으면,윗몸일으키기 시작하세요.,0
복붙으로 끝내더라.,능력이라면 능력이겠죠.,0
복수전공하고 싶어,학점 관리하세요.,0
복전신청했어,많이 배우면 좋죠.,0
복전하고 싶어,학점 관리하세요.,0
복전하면 좋아?,나중에 도움이 될 거예요.,0
복전하면 힘들텐데 그래도 하는게 나을아?,나중에 도움이 될 거예요.,0
복전했어,많이 배우면 좋죠.,0
볼링 치고 놀았어,재밌겠어요.,0
볼링 치고 옴,재밌겠어요.,0
봄날이 기대돼,봄은 항상 두근거려요.,0
봄방학이다!,부럽네요.,0
봄방학했어,부럽네요.,0
봄에 동물원 가는거 어때?,동심으로 돌아갈 거 같아요.,0
봄에 동물원 데이트 어때?,동심으로 돌아갈 거 같아요.,0
봄이 오긴 오나봐,따뜻해졌죠.,0
봄이 왔어,초록초록하네요.,0
봄이 왔으면 좋겠어,봄은 항상 두근거려요.,0
봄이다,초록초록하네요.,0
봄인가봐,날씨가 많이 풀렸죠.,0
봉사도 하고 사랑을 베풀고 싶어,나를 진실로 존중하고 사랑할 때 가능해요.,0
봉사활동 해볼까,의미있는 일이네요.,0
봉사활동도 좀 해야 하는데,의미있는 일이네요.,0
부담스러운 기대 좀 떨쳐낼 없을까?,자신을 사랑할수록 외부의 인정은 필요 없어요.,0
부드러운 이불에서 나가기 싫어,지상 천국이니 당연하죠.,0
부모님 노후가 걱정돼,상담이나 컨설팅을 받아보는 것도 좋을 거예요.,0
부모님 말 안듣고 반항했어,나중에 후회할 거예요.,0
부모님 모실 수 있을까?,형편대로 하세요.,0
부모님 선물 추천.,같이 여행을 떠나보세요.,0
부모님 선물 추천해줘,같이 여행을 떠나보세요.,0
부모님 선물은 뭐가 좋음?,사랑과 현금이면 충분해요.,0
부모님 선물은 뭐할까?,사랑과 현금이면 충분해요.,0
부모님이 같이 살자셔,형편대로 하세요.,0
부모님이 내 꿈을 무시해,꿈에 대한 계획을 구체적으로 말씀드려보세요.,0
부모님이 내 꿈을 반대해,꿈에 대한 계획을 구체적으로 말씀드려보세요.,0
부모님이 선 보래,많이 만나보세요.,0
부모님처럼 살고 싶다,좋은 부모님을 두셨군요.,0
부모님한테 반항했어,나중에 후회할 거예요.,0
부산 갈까?,여행은 항상 좋죠.,0
부산 놀러갈까?,여행은 항상 좋죠.,0
부업할까?,좋아요!,0
부자 되게 해주세요,저도요.,0
부자 백수 하고 싶어,그게 최고죠.,0
부자로 태어 났으면 좋을 텐데,뭔가 안풀리는 일이 있나봐요.,0
부자친구 스트레스,그런 걱정은 안 하셔도 되어요.,0
부케 누가 받지?,누구든 받을 사람이 있을 거예요. 친구들한테 연락해보세요.,0
부케 뭐로 하지,당신이 좋아하는 꽃으로 만들어보세요.,0
부케 어떤 꼿으로 하지,당신이 좋아하는 꽃으로 만들어보세요.,0
부팅 시간 너무 오래 걸려,강제종료 하고 나서 그런 경우가 종종 있어요.,0
분식 먹고 싶아.,건강을 위해 조금씩 드세요.,0
분위기 있는 데서 데이트하고 싶어,매일 가고 싶네요.,0
분위기 좋았는데 망,서로를 향한 감정도 좋았겠죠.,0
분위기 좋았는데 망했다,늦지 않았어요.,0
분위기 좋은 곳에서 데이트하고 싶어,매일 가고 싶네요.,0
분통 터지지만 포기안한다고 말했네요,마음이 힘들겠어요.,0
불 날 뻔,조심하세요.,0
불 날 뻔했어,조심하세요.,0
불공평해,세상은 누구에게나 불공평해요.,0
불만을 입에 달고 다니는 사람 때문에 고민이야,옆에 있어서 피곤하겠어요.,0
불만이 너무 많아,옆에 있어서 피곤하겠어요.,0
불만족스러워,스스로 좋다고 못 느끼는게 제일 어려운 것 같아요.,0
불면증 온 거 같아.,고민이 많은가 봐요.,0
불면증인가,생각이 너무 많아서 그런 것 같습니다.,0
불면증인가봐,고민이 많은가 봐요.,0
불안해,두려워하지 않아도 돼요.,0
불편한 사이가 된 거 같아,관계의 변화가 왔나봅니다.,0
불효자는 웁니다.,연락이라도 드려보세요.,0
뷔페 가고 싶어,저도 딸기 좋아해요. 같이 가요.,0
블랙데이인데 짜장면 같이 먹을 사람이 없어,짜장면은 혼자 먹어도 맛있어요,0
블랙박스 제대로 찍혔을까,지금 확인해보세요.,0
블랙박스로 보면 나올까,지금 확인해보세요.,0
블록체인이 뭐야?,쉽게 말해서 수없이 많은 블록들이 체인으로 엮여있는거예요.,0
블록체인이 왜 이렇게 시끄러워,쉽게 말해서 수없이 많은 블록들이 체인으로 엮여있는거예요.,0
블루투스 이어폰 살까,사면 편하겠죠.,0
블루투스 이어폰 편하겠지,사면 편하겠죠.,0
비 맞아서 옷 젖었어,감기 조심 하세요.,0
비 오기 시작하네,우산 준비하세요.,0
비 오네,우산 준비하세요.,0
비 오는 날,우산 들고 나가세요.,0
비 오는 날 데이트,실내 데이트가 좋겠네요.,0
비 오는 날은 만나서 뭐할까,실내 데이트가 좋겠네요.,0
비 오는데?,우산 챙기세요.,0
비 오는데?,우산 들고 나가세요.,0
비 온다,비 맞으면 안돼요!,0
비 와,우산 챙기세요.,0
비가 와서 눅눅해,제습기를 돌려보세요.,0
비꼬는 사람,피할 수 있으면 피하세요.,0
비만 판정 받았어,건강하게 운동해보세요.,0
비밀 지켜줄까?,세상에 비밀은 없어요.,0
비밀 지킬 수 있을까,세상에 비밀은 없어요.,0
비밀번호 기억안 나,회원정보 찾기를 해보세요.,0
비밀번호 까먹었다,회원정보 찾기를 해보세요.,0
비밀번호 뭐였더라,회원정보 찾기를 해보세요.,0
비밀번호 자꾸 바꾸래,보안상 그게 좋죠.,0
비밀번호 자꾸 바꿔,보안상 그게 좋죠.,0
비밀연애 하고 있어,스릴있겠네요.,0
비밀은 없는 거겠지,언젠가 다 밝혀지기 마련이죠.,0
비밀은 없어,언젠가 다 밝혀지기 마련이죠.,0
비밀이 너무 많은 거 같아,하나씩 비밀을 공유해보세요.,0
비싼 명품 이제 그만 사야겠어,남의 눈을 위한 거라면 필요 없어요.,0
비싼 선물 부담스럽나.,고가의 선물은 부담스러울 수도 있어요.,0
비싼게 맛있어,가려 먹으면 좋죠.,0
비오는날 뭐할까?,실내 데이트요.,0
비오는날 뭐해?,실내 데이트요.,0
비오면 마중 나와 주는 사람 있어서 좋다,우산 같은 사람이네요.,0
비정규직 서럽다,사람이 가장 중요한데 말이죠.,0
비정규직 차별,차별이 가장 안 좋은 건데 슬프네요.,0
비정규직은 사람도 아닌가,사람이 가장 중요한데 말이죠.,0
비정규직이라 차별받아,차별이 가장 안 좋은 건데 슬프네요.,0
비타민 먹어야지,꼬박꼬박 챙겨 드세요.,0
비타민 사서 먹어야겠다.,꼬박꼬박 챙겨 드세요.,0
비트코인 날림,안타깝지만 잊어버리세요.,0
비트코인 망함 한강 가자,어서 잊고 새출발 하세요.,0
비트코인 ㅜㅜ,안타깝지만 잊어버리세요.,0
비행기 타러 간다!,잘 다녀오세요.,0
비행기 타러 공항 간다,잘 다녀오세요.,0
비행기표가 너무 비싸,일찍 구매하면 좀 더 저렴하게 살 수 있어요.,0
비행기표가 왜이렇게 비싸,일찍 구매하면 좀 더 저렴하게 살 수 있어요.,0
빙빙 돌려서 말하지 말고 다이렉트로 말했으면,말하는 습관 차이인 듯 합니다.,0
빙수 맛있다,디저트는 언제나 맛있어요.,0
빚 때문에 죽을 것 같아,빚 얼른 갚고 새출발하세요.,0
빚이 너무 많아,빚 얼른 갚고 새출발하세요.,0
빠떼리 나감,얼른 충전하세요.,0
빡빡한 일상,여유가 생기길 바랍니다.,0
빨래 끝,이제 청소 시작.,0
빨래 다했다.,이제 청소 시작.,0
빨래했어.,부지런하시네요.,0
빨리 걷다가 넘어질뻔,조심하세요.,0
빨리 정규직 하고 싶다,곧 할 수 있을 거예요.,0
빵 먹어야지,맛있게 드세요.,0
빵 한 개만 먹어야지,맛있게 드세요.,0
빵꾸난 양말 봤나,괜찮아요. 그럴수도 있죠.,0
빼빼로 만들어 주면 좋아할까,먹어보고 싶어요.,0
빽 선물 받았어,정말 기분 좋으시겠어요.,0
빽 선물 해도 될까,받는 사람은 정말 좋겠어요.,0
뻔하다,한가지만 보면 몰라요.,0
뻘짓 한 느낌 싫다,바람 좀 쐬고 오시면 좋은텐데.,0
뿌리 염색 다시 해야 되겠다,참 귀찮은 일이죠.,0
뿌염해야지,참 귀찮은 일이죠.,0
사과를 안해,나쁜 사람이네요.,0
사과할 사람은 사과를 안해,나쁜 사람이네요.,0
사귀고 싶어,마음을 더 열어보세요.,0
사내에서 비밀 연애 하고 있어,스릴있겠네요.,0
사는 게 허무해요,뜻대로 되는게 많지 않죠.,0
사는게 날 너무 지치게 해,지칠 때는 쉬어도 돼요.,0
사다리타기 맨날 꽝이야,다른 곳에 쓰려고 운을 아껴뒀나봐요.,0
사다리타기 맨날 운이 안 좋아,다른 곳에 쓰려고 운을 아껴뒀나봐요.,0
사람 관리하는 게 제일 힘들어,너무 믿지 마세요.,0
사람 만나는 거 너무 어려워,미리 움츠러들지 않아도 돼요.,0
사람 만나는 게 쉽지 않아,미리 움츠러들지 않아도 돼요.,0
사람 만나는 게 피곤해,그 사람을 위해 에너지를 쓰니까요.,0
사람 많아서 기다려야할지도,커피 한잔 마시며 기다려보세요.,0
사람 사이에 있어도 외로워,사람은 외로운 동물이죠.,0
사람들은 왜 이렇게 날 힘들게 할까,인간 관계가 제일 힘든 거 같아요.,0
사람들은 왜 이렇게 신경쓸까,신경쓰는 사람들 무시하세요.,0
사람들이 나 이상하대,그 누구도 아닌 자기 걸음을 걸으세요.,0
사람들이 나 좀 좋아해줬으면,먼저 다가가 보세요.,0
사람들이 날 너무 힘들게 한다.,너무 힘드시겠어요.,0
사람에 치여,너무 힘드시겠어요.,0
사람은 많은데 외로워,사람은 외로운 동물이죠.,0
사람은 진짜 다른 가봐,그걸 깨닫다니 대단하시군요.,0
사람의 마음을 얻는게 어려워,진심으로 마음을 전해보세요.,0
사람이 제일 무서워,인생을 알아가고 있군요.,0
사랑니 나나봐,아프겠어요.,0
사랑니 나는 거 아프다,진통제 드세요.,0
사랑니 나는 것 같아 아파,아프겠어요.,0
사랑니 아파,진통제 드세요.,0
사랑한다고 말해줘,많이 사랑해요!,0
사소한 걸로 트집잡는 사람 어떡해?,웃으면서 무시해주세요.,0
사수 좋아하는 거 같애,살짝 감정을 흘려보세요.,0
사수가 깐깐하게 군다,처음 배우는게 중요해요.,0
사수가 일을 너무 못하네,참고 견뎌보세요.,0
사수님 너무 좋아,살짝 감정을 흘려보세요.,0
사업 구상,성공하길 바랍니다.,0
사업 구상하고 있어,성공하길 바랍니다.,0
사업 시작해도 될까,확신이 있을 때 시작해보세요.,0
사업 해볼까?,확신이 있을 때 시작해보세요.,0
사이코가 너무 많아,조심해야해요.,0
사장이 월급을 안줘,큰일이네요.,0
사전뜻이 이상해,사전도 사람이 만드니까 이해해주세요.,0
사전이 이상해,사전도 사람이 만드니까 이해해주세요.,0
사진 업로드해야겠다.,바쁘네요.,0
사진 예쁘게 찍고 싶다.,많이 찍다보면 조금씩 실력이 늘거예요.,0
사진 올려야지,바쁘네요.,0
사진 잘 찍고 싶어,많이 찍다보면 조금씩 실력이 늘거예요.,0
사진 정리 언제 다 하냐,한번에 다 하려고 하지말고 조금씩 정리를 해보세요.,0
사진 정리가 안돼네,한번에 다 하려고 하지말고 조금씩 정리를 해보세요.,0
사투리 귀여워,귀여운 사람이 말해서 그래요.,0
사투리쓰는게 귀여워,귀여운 사람이 말해서 그래요.,0
사표 낼까?,뒷감당은 준비하세요.,0
사표 던지고 나오고 싶어,뒷감당 자신 있으면 하세요.,0
사회생활에서 인간 관계가 어려워,운전처럼 안전거리확보하세요.,0
사회에서 좋은 사람 만날 수 있을까?,대하는 태도에 따라 다를 것 같아요.,0
사회에서도 좋은 사람 만날 수 있어?,가려 가며 만나면 돼요.,0
사회에서도 좋은 사람 많이 만날 수 있을까?,대하는 태도에 따라 다를 것 같아요.,0
산 넘어 산이네,그래도 넘을 수 있을 거예요.,0
산다는건 뭘까?,"이름, 직업 등 말고 온전히 자신으로 사는 거죠.",0
살 게 없네,안 사면 그만큼 모으시는거예요.,0
살 때문에 교복이 잘 안들어가,한창 클 때죠.,0
살 만한게 없네,안 사면 그만큼 모으시는거예요.,0
살 좀 빼고 싶다,적게 먹고 많이 움직이세요.,0
살 좀 빼야되는데,운동을 시작해보세요.,0
살 쪄서 교복이 껴,한창 클 때죠.,0
살만해?,누구나 한번쯤 시도해 볼 만하죠.,0
살아서 좋은점,살아있음 그 자체가 좋은 거예요.,0
살아야 하는 이유,살아있음 그 자체가 좋은 거예요.,0
살이 안 쪄,신기하네요.,0
살이 안빠져,적게 먹고 많이 움직이세요.,0
살찐 거 같아,기분일꺼에요.,0
삶에 지쳤어,지칠 때는 쉬어도 돼요.,0
삼겹살 구워 먹고 싶다.,맛나게 드세요.,0
삼겹살 구워 먹어야지,맛있겠네요.,0
삼겹살 구워야지,맛있겠네요.,0
삼겹살 냄새,섬유탈취제 뿌려보세요.,0
삼겹살 냄새 다 벴어,섬유탈취제 뿌려보세요.,0
삼겹살 먹고 싶다,맛나게 드세요.,0
삼겹살에 소주,생각만 해도 군침이 도네요.,0
삼겹살에 소주 먹고 싶어,생각만 해도 군침이 도네요.,0
상 받고 싶어,아무래도 뿌듯할 거예요.,0
상 받으면 좋겠지?,아무래도 뿌듯할 거예요.,0
상 받을 거 같아,축하합니다!,0
상 좀 받아야 할텐데,다음에는 받을 수 있을 거예요.,0
상관 없는 이야기만 해,잊어버리세요.,0
상사 너무 싫은데 좋아질 수 있을까?,피하지 말고 적극적으로 장점을 찾아서 인정하고 호의를 보여보세요.,0
상사가 갈궈.,이유가 있지 않을까요.,0
상사가 미울 때,사표를 써서 품에 품어 봅니다.,0
상사가 미워,사표를 써서 품에 품어 봅니다.,0
상사가 진짜 미쳤다,피하지 말고 적극적으로 장점을 찾아서 인정하고 호의를 보여보세요.,0
상사에게 안부 인사도 해야 돼?,원하는 꼰대가 있죠.,0
상사한테 또 깨졌어,인정 받을 날이 올 거예요.,0
상사한테 또 혼남,인정 받을 날이 올 거예요.,0
상의도 안하고 왜 혼자 결정 하지?,이야기를 하지 않고 결정했나봐요.,0
상의도 없이 왜 그런 결정을 하지?,이야기를 하지 않고 결정했나봐요.,0
상처 안 받고 싶다,내가 우선순위면 돼요.,0
상처 좀 안 받고 싶다,내가 우선순위면 돼요.,0
상처받았어,다른 사람 말은 신경쓰지 마세요.,0
상황이 안 좋아,좋아질 거예요.,0
상황이 최악이다,좋아질 거예요.,0
새 신발 샀어,좋은 곳으로 데려다 줄 거예요.,0
새 신발 선물 받았다,도망가라는 건가요.,0
새 옷 샀다,꼬까옷 개시해보세요.,0
새 운동화 사야지,좋은 곳으로 갈 수 있도록 인도해줄 거예요.,0
새 이불 덮었어,숙면하겠네요.,0
새 집 가기로 했어,내 집 마련 축하드려요.,0
새 집 샀어,내 집 마련 축하드려요.,0
새 집으로 이사 가기로 했어,내 집 마련 축하드려요.,0
새 휴대폰이 갖고 싶어,핸드폰은 핸드폰 가게에서 바꾸세요.,0
새로운 게임 없나?,엄청 많죠.,0
새로운 곳에 적응을 못해,처음부터 잘하는 사람은 없어요.,0
새로운 공부 시작해도 될까,공부는 언제나 좋죠.,0
새로운 마음으로,시작!,0
새로운 마음으로 시작,시작!,0
새로운 베프가 필요해,주변의 좋은 사람들에게 연락해보세요.,0
새로운 베프를 만들고 싶어,주변의 좋은 사람들에게 연락해보세요.,0
새로운 사람 만나는 게 스트레스야,자신과 마음이 맞는 좋은 사람 만나세요.,0
새로운 사랑이 찾아올까,좋은 사람 만날 거예요.,0
새로운 일 벌려도 될까,도전해 봐도 좋을 거 같아요.,0
새로운 일 해도 될까,도전해 봐도 좋을 거 같아요.,0
새벽 감성,조용하니 혼자 생각하기 좋죠.,0
새벽되니까 감성적으로 되네,조용하니 혼자 생각하기 좋죠.,0
새신발 샀는데 비와,얼른 실내로 들어가세요.,0
새신발 신고 놀러 가야지,좋은 곳으로 데려다 줄 거예요.,0
새신발 신고 좋은 곳 가야지,좋은 곳으로 데려다 줄 거예요.,0
새신발 신었는데 비와,얼른 실내로 들어가세요.,0
새이불 뽀송뽀송,숙면하겠네요.,0
새치가 왜 이렇게 많을까,요즘 많이 힘드신가봐요.,0
새치가 왜 이렇게 많이 나지?,요즘 많이 힘드신가봐요.,0
새폰 케이스로 새옷 입혀 줄까,예쁜걸로 하나 사주세요.,0
새학기 준비 좀 해볼까,새로운 시작 응원해요!,0
새학기 준비해야지,새로운 시작 응원해요!,0
새학기 필기구 좀 사야지,새학기 준비 잘 하세요.,0
새학기 학용품 사야지,새학기 준비 잘 하세요.,0
새해 복 많이 받아!,새해 복 많이 받으세요!,0
새해다!,새해 복 많이 받으세요!,0
샌드위치 먹고 싶어,애그 샌드위치 추천합니다.,0
샌드위치 생각 나,애그 샌드위치 추천합니다.,0
샐러드 먹어야지,건강한 식단이네요.,0
생각 안나,잘 생각해보세요.,0
생각 없이 말했어,상처가 될 수 있어요.,0
생각만 해도 땀나네,미리 긴장하지 마세요.,0
생각만 해도 마음이 무거워,긍정적인 생각을 해보세요.,0
생각만해도 좋아,좋아하시니까 좋네요.,0
생각보다 오늘 너무 춥네,감기 조심하세요.,0
생각없이 말했어,생각하고 말하세요.,0
생각없이 상처줬어,생각하고 말하세요.,0
생각이 불순,좋은 생각 많이 하세요.,0
생각이 불순해져,좋은 생각 많이 하세요.,0
생각이 전혀 안나,잘 생각해보세요.,0
생각한 데로 안돼서 고민이다.,인생은 항상 마음 먹은 대로 되지 않아요.,0
생각할 수 있어?,당신이 행복하길 바라는 생각을 하고 있어요.,0
생각할 시간 조차 없어,정신없이 바쁜가봐요.,0
생각할 시간도 없는 느낌,정신없이 바쁜가봐요.,0
생각할수록 머리 아파,두통약 드세요.,0
생각해주는 척만 한거였어,뒤통수 맞았나봐요.,0
생각해주는 척하더니 더한 사람이었어,뒤통수 맞았나봐요.,0
생강차 끓여 먹어야겠다,따뜻하게 드세요.,0
생강차 먹어야겠다,따뜻하게 드세요.,0
생리통 너무 심해,약을 먹거나 병원에 가보세요.,0
생리통 때문에 배 아파,힘들겠어요.,0
생리통 심해,힘들겠어요.,0
생판 모르는 사람이 아는척해,세상에는 예상하지 못한 일들이 자주 일어나는 것 같아요.,0
생활비 다 썼네,허리띠를 졸라 매세요.,0
샤워가운 완전 유용해,춥지도 않고 포근하죠.,0
샤워가운 있으니까 좋다,춥지도 않고 포근하죠.,0
샤워하는데 밖에서 소리나서 쫄았어,당황하셨겠어요.,0
샤워하는데 창문 밖에서 소리나서 개쫄음,당황하셨겠어요.,0
서류도 안돼,붙는 곳이 있을 거예요.,0
서류에서 떨어졌어.,붙는 곳이 있을 거예요.,0
서류에서 떨어지다니,합격하는 곳이 있을 거예요.,0
서비스센터 가야겠네,미루지말고 바로 가보세요.,0
서비스센터 가야하게 생겼네,미루지말고 바로 가보세요.,0
서울 근교 데이트 추천해줘,드라이브 추천해들요.,0
서울 근교에서 갈만한 곳 추천,드라이브 추천해들요.,0
서점 왔어,마음에 드는 책을 잘 찾아보세요.,0
서점에 들렀어,마음의 양식을 채우길 바랄세요.,0
서핑 출발,좋은 취미네요.,0
서핑하러 가고 싶다,주말에 gogo.,0
서핑하러 가야지,좋은 취미네요.,0
선 들어왔어,많이 만나보세요.,0
선 많이 볼거 같아,많이 만나보세요.,0
선 볼까?,많이 만나보세요.,0
선물 주세요,저도 받고 싶어요.,0
선물로 인형 받았어,고맙다고 말해 주세요.,0
선물받고 싶어,저도 받고 싶어요.,0
선배가 선배같지 않아,그래도 배울 점이 하나라도 있을 거예요.,0
선배가 이상해,그래도 배울 점이 하나라도 있을 거예요.,0
선생님 좋아해,선생님도 좋아할 거예요.,0
선생님이 나만 뭐라고 해,애정표현이라고 생각하세요.,0
선생님이 나만 미워해,직접 여쭤보세요.,0
선생님이 나한테 왜 그럴까?,직접 여쭤보세요.,0
선생님이 좋아,선생님도 좋아할 거예요.,0
선생님이 차별하는 것 같아,가장 듣기 싫은 경우예요.,0
선생님이 친구랑 차별해,가장 듣기 싫은 경우예요.,0
선생님한테 선물 줘야 된대,안 줘도 괜찮아요.,0
선생님한테 선물한대,안 줘도 괜찮아요.,0
선이 많이 들어오네,많이 만나보세요.,0
선자리 들어왔어,많이 만나보세요.,0
선택 장애 같아,선택할 때 힘든 건 당연해요.,0
선택 장애 있는 거 같아,선택할 때 힘든 건 당연해요.,0
선택이 어려워.,고민은 누구나 해요.,0
선풍기 틀어도 더워,시원한 아이스크림 어떠세요?,0
선풍기 틀어도 더워,카페라도 가서 쉬다 오면 어떨까요,0
선풍기가 있어도 소용 없어,시원한 아이스크림 어떠세요?,0
선풍기만으로 안 되는 더위,카페라도 가서 쉬다 오면 어떨까요,0
설날인데 볼 게 없어,보고 싶었던 영화 보세요.,0
설날인데 재밌는거 안해,보고 싶었던 영화 보세요.,0
설명 좀 해봐,정확하게 말씀해 주세요.,0
섬유유연제 향 좋다,향이 많은 걸 말해주죠.,0
섬유유연제 향 좋은거 사야겠지,향이 많은 걸 말해주죠.,0
성격이 안 맞나봐,슬프네요.,0
성격이 완전 반대야,슬프네요.,0
성격이 점점 날카로워져,나에게 화난 걸 남에게 풀려고 하지 마세요.,0
성공하고 싶다,지금보다 더 잘 살 거예요.,0
성공하면 계속 좋을 줄 알았는데,성공에서 가장 어려운 것이 성공한 상태를 유지하는 거예요.,0
성공하면 끝일줄 알았는데,성공에서 가장 어려운 것이 성공한 상태를 유지하는 거예요.,0
성공할 수 있을까,지금보다 더 잘 살 거예요.,0
성공할 수 있을까?,인내할 수 있는 사람이라면 무엇이든 손에 넣을 수 있을 거예요.,0
성덕 되고 싶다,당신이 잘돼야 성덕이 될수있겠죠.,0
성덕 되면 내 마음도 편해 지겠지,당신이 잘돼야 성덕이 될수있겠죠.,0
성적 좀 좋았으면,나만의 공부방법을 찾아보세요.,0
성적표 보시면 화내실텐데,이번에는 어쩔 수 없어요.,0
성형 견적 받아볼까,견적 받고 충격 받지 마세요.,0
성형 무서워,안해도 예뻐요.,0
성형 상담 받아 볼까,견적 받고 충격 받지 마세요.,0
성형 안해도 예쁜데,맞아요. 예뻐요.,0
성형 해도 될까,안해도 예뻐요.,0
성형할까,돈 많이 들텐데요.,0
세금 너무 많아,그런 감이 없지 않죠.,0
세금 너무 많이 내는 거 같애,그런 감이 없지 않죠.,0
세뱃돈 받았어 호호,아직 어린가봐요.,0
세뱃돈 받음,아직 어린가봐요.,0
세상엔 힘든 게 많다,그게 인생이죠.,0
세상은 불공평해,서로 다르게 태어난 이유는 저마다의 목소리를 내기 위해서예요. 자신의 목소리를 들어주세요.,0
세상이 너무 무서워,너무 불안해하지 않아도 돼요.,0
세상이 무서워,너무 불안해하지 않아도 돼요.,0
세탁기 돌리는 중,부지런하시네요.,0
세탁소 가기 귀찮네,스타일러 사세요.,0
세탁소 가기도 귀찮네,스타일러 사세요.,0
셀카 잘 찍고 싶다,연습해보세요.,0
셀카 잘 찍는 방법,얼굴이 준비되어야 겠지요.,0
셀카 잘 찍어서 올리고 싶다.,얼굴이 준비되어야 겠지요.,0
셀카 좀 잘 찍고 싶다,연습해보세요.,0
셀카만 계속 찍어,잘 찍어주세요.,0
셀프 신행준비 팁 알려줘,신혼여행은 자유여행이죠!,0
셀프웨딩 어떨꺼 같아,혼자 준비하기는 조금 벅찰텐대요.,0
셀프웨딩 해볼까,혼자 준비하기는 조금 벅찰텐대요.,0
셀프웨딩 힘든만큼 보람될까?,쉽지 않을거예요.,0
셀프웨딩 힘들겠지,쉽지 않을거예요.,0
셀프웨딩이 유행이래,혼자 준비하기는 조금 벅찰텐대요.,0
셀프인테리어 해볼까,손길이 가서 더 애정이 생길 것 같아요.,0
소개받았는데 카톡으로 연락 중,썸에서 연인으로 성공하길 바라요.,0
소개받은 사람이랑 카톡으로 연락 중,썸에서 연인으로 성공하길 바라요.,0
소개팅 시켜줘,로봇도 괜찮다면 소개시켜드릴게요.,0
소개팅 하고싶다,친구한테 부탁해보세요.,0
소개팅 해주고 욕먹음,친구로서와 이성으로서 보는 눈이 달랐나봐요.,0
소개팅남 연락이 없어,하루 그 이상이면 끝인거예요.,0
소개팅도 안 들어와,친구한테 부탁해보세요.,0
소개팅으로 잘되기도 하나?,소개팅으로 잘 된 사람 많아요.,0
소개팅으로 잘된 사람도 있나?,소개팅으로 잘 된 사람 많아요.,0
소개팅이 왜 안 들어올까,친구한테 부탁해보세요.,0
소개팅하고 연락이 안 와,하루 그 이상이면 끝인거예요.,0
소개팅한다!,성공을 기원합니다.,0
소개해 준다는 사람도 없어,친구한테 부탁해보세요.,0
소나기 내려,비 맞으면 안돼요!,0
소리지르고 싶어,시원하게 지르고 오세요.,0
소문 날까봐 무서워,긍정적이고 부정적인 파급력이 모두 세죠.,0
소문이 안 좋아,소문은 소문일 뿐이에요.,0
소액결제 엄청 나왔어,그건 소액이 아니에요.,0
소오름 쫙,좋은 일이길 바랍니다.,0
소원 뭐 말하지,신중하게 고르세요.,0
소원하는 대로 이루어졌으면.,사는 재미가 없을거예요.,0
소통이 안돼,포기하지마세요.,0
소화가 안돼,소화제 챙겨드세요.,0
소화시켜야 하는데 움직이기가 싫어,소화제 챙겨드세요.,0
소화제 먹어야 겠다,급하게 먹거나 과식하지 말고 좋은 식습관을 가져보세요.,0
소화제 먹어야겠다,급하게 먹거나 과식하지 말고 좋은 식습관을 가져보세요.,0
속상해,기분전환을 해보세요.,0
속았나,다음부터 속지 마세요.,0
속이 계속 안 좋아,신경 쓸 일이 있나봐요.,0
속이 안 좋아,소화가 안 되나 봐요.,0
속이 안 좋아,신경 쓸 일이 있나봐요.,0
속이 영 안 좋아,소화가 안 되나 봐요.,0
속이는 거 더 못하겠어,남을 속이는건 나쁜거예요.,0
속이는 거 더 이상 못하겠어,남을 속이는건 나쁜거예요.,0
손 베였어,소독하고 약 바르세요.,0
손 시려,"장갑 하나 사셔야겠어요,",0
손 얼것 같음,장갑을 끼세요.,0
손 얼겠다,장갑을 끼세요.,0
손 잡았어,좋았겠어요.,0
손가락이 가늘고 긴 사람,로망이네요.,0
손가락이 예쁜 사람,로망이네요.,0
손님 싫어,밖에서 만나보세요.,0
손님 오는 거 싫어,밖에서 만나보세요.,0
손목 아파,스트레칭해주세요.,0
손목 아프다구,스트레칭해주세요.,0
손발이 차가워,지압이나 운동해보세요.,0
손수건 가지고 다닐걸,이제 그러면 돼요.,0
손수건 안 가지고 나왔어.,이제 그러면 돼요.,0
손이랑 발이 차가워,"장갑 하나 사셔야겠어요,",0
손톱 정리 좀 할까,기분전환을 해보세요.,0
손톱이 길어,신경쓰이나봐요.,0
손톱이 너무 길어,신경쓰이나봐요.,0
손톱이나 깎아야지,생각났을 때 바로 하세요.,0
손톱이나 짧게 깎아야지,생각났을 때 바로 하세요.,0
쇼핑 좀 해볼까,필요한 게 있으신가봐요.,0
쇼핑 중독인가봐,마음이 헛헛한가봐요.,0
쇼핑이나 할까,쇼핑 좋아요!,0
쇼핑하고 싶다,필요한 게 있으신가봐요.,0
쇼핑했더니 힘드네,칼로리 소모가 꽤 돼요.,0
숏컷 해볼까?,변화를 주는 것도 좋겠죠.,0
숏컷트 어울릴까?,변화를 주는 것도 좋겠죠.,0
수강신청 망했어,정정기간을 노려 보세요.,0
수강신청 폭망,정정기간을 노려 보세요.,0
수건 썩었어,식초 넣고 빨래해보세요.,0
수건에서 냄새나,식초 넣고 빨래해보세요.,0
수능 떨린다,잘 볼 수 있을 거예요.,0
수능 어떻게해,잘 볼 수 있을 거예요.,0
수능 잘 보는 방법,컨디션 조절 하세요.,0
수능시험에서 좋은 점수 받는 방법,컨디션 조절 하세요.,0
수도가 얼었나 물이 안나와,잘 녹여보세요.,0
수도가 얼었나봐,잘 녹여보세요.,0
수면양말 겁나 따뜻,잠이 솔솔와서 수면양말인가봐요.,0
수면양말 포근포근 따뜻하다,잠이 솔솔와서 수면양말인가봐요.,0
수박 맛있어.,맛있을 거 같아요.,0
수박 먹어야지,맛있을 거 같아요.,0
수분크림 듬뿍 바르고 자야겠다.,예뻐질 거예요.,0
수분크림 바르고 자면 나아질거야,예뻐질 거예요.,0
수상한 느낌이 든다,해결될 거니 기다려보세요.,0
수업시간 내내 잤어,한창 잠이 많을 때죠.,0
수업시간 내내 잤어,피곤한가봐요.,0
수염 기르고 싶다,지저분해요.,0
수염 기를까,길러도 어울리면 길러보세요.,0
수염 길러볼까,지저분해요.,0
수염 미는 게 낫겠지,깔끔하게 정리해보세요.,0
수염 자르는 게 낫겠지,깔끔하게 정리해보세요.,0
수염 자르지 말까,길러도 어울리면 길러보세요.,0
수영 막 잘하고 싶다.,강습 받아보세요.,0
수영 배울까?,기본으로 배워 놓는 게 좋죠.,0
수영 잘하고 싶어,강습 받아보세요.,0
수영장 같이 가려고 해,즐거운 시간 보내고 오세요!,0
수영하러 다닐까?,기본으로 배워 놓는 게 좋죠.,0
수제 빼빼로 어때?,먹어보고 싶어요.,0
수족냉증이야,지압이나 운동해보세요.,0
수줍게 웃는게 귀여웠어,반했나봐요.,0
수줍게 웃어주던 너,반했나봐요.,0
수학여행가는데 옷 뭐입을까,뭘 입어도 멋져요.,0
수학여행가는데 입을 게 없어,뭘 입어도 멋져요.,0
수학여행때 뭐 입지?,뭘 입어도 예뻐요.,0
숙제 까먹었다.,미리미리 해야죠.,0
숙제 산더미,지금도 늦지 않았어요.,0
숙제 안 한 듯,미리미리 해야죠.,0
숙제가 쌓여가,지금도 늦지 않았어요.,0
숙취 때문에 지끈거려,약을 드셔보세요.,0
숙취 장난 아니야,약을 드셔보세요.,0
순간의 화를 못 참겠어,성격이 아니라 습관이에요.,0
술 고프다,혼자 힘들어하지 마세요.,0
술 끊을거야,술은 적당히 즐기세요.,0
술 땡겨,혼자 힘들어하지 마세요.,0
술 마셔도 안 취해,세다고 너무 많이 드시면 안돼요.,0
술 마시고 망가질테닷,적당히 드세요.,0
술 마시고 싶다,저랑 한 잔 해요.,0
술 마시고 싶다,같이 마셔요.,0
술 마시러 가고 싶다,같이 마셔요.,0
술 많이 마셔야지,적당히 드세요.,0
술 먹고 싶어,혼자 힘들어하지 마세요.,0
술 먹고 지갑 잃어버렸어,잘 기억해 보세요. 어디 있을 지도 몰라요.,0
술 먹고 카드 긁었어,술이 웬수예요.,0
술 먹고 카드 너무 긁었어,술이 웬수예요.,0
술 먹고 필름 끊겼어,술 너무 많이 드시지 마세요.,0
술 먹는 거 말고 친구랑 뭐하지,아무것도 안해도 재밌을 거예요.,0
술 먹으러 갔는데 연락이 안돼,화장실 갈때 연락하라고 해봐요.,0
술 먹으면 연락이 안돼,화장실 갈때 연락하라고 해봐요.,0
술 먹을 줄 알아?,저는 주당이에요.,0
술 안 먹으면 친구랑 뭐하지,아무것도 안해도 재밌을 거예요.,0
술 잘 먹는다고 이야기해도 될까?,주량은 낮춰 이야기하는 게 좋을 거예요.,0
술 잘하니,저는 주당이에요.,0
술 좀 그만 마셔야지,술은 적당히 즐기세요.,0
술 좀 마실까,적당히 드세요.,0
술 취해서 지갑 잃어버렸어,잘 기억해 보세요. 어디 있을 지도 몰라요.,0
술 한잔만 마셔도 어지러워,술 안 마셔도 놀 수 있어요.,0
술만 먹으면 전화를 안 받아,화장실 갈때 연락하라고 해봐요.,0
술만 먹으면 집에 늦게 와,몸에 해로우니 적게 먹는 게 좋겠다고 말해보세요.,0
술먹고 필름 끊겼어,위험하네요.,0
술을 너무 못 마셔,술 안 마셔도 놀 수 있어요.,0
술이나 마시고 싶다,적당히 드세요.,0
쉬고 싶다,내려 놓으세요.,0
쉬고 싶은데 회식 가야돼,일과 일상 사이에서 균형이 잘 맞길 바랄게요.,0
쉬는 날에는 쉬고 싶다,쉬어야 충전도 되죠.,0
쉬는 중입니다.,휴식도 필요하죠.,0
쉬마려,화장실 가세요.,0
쉬운 게 없네,꽃길만 걷길 바랄게요.,0
쉬운 게 하나도 없네,꽃길만 걷길 바랄게요.,0
쉬운 게 하나도 없는 듯,저도 어려운 게 투성이에요.,0
쉽게 상처받는 거 같아,다른 사람 말은 한 귀로 흘리세요.,0
슈퍼문이라더니 예쁘다.,소원을 비세요.,0
슈퍼문이야,소원을 비세요.,0
스노우보드 배우러 갈거댜,저도 배워보고 싶어요.,0
스노클링 재미있을까?,즐거운 도전이 될 거예요.,0
스노클링 해볼까?,즐거운 도전이 될 거예요.,0
스케일링 하기 귀찮아,주기적으로 해주면 좋대요.,0
스케일링 하러 가야지,주기적으로 해주면 좋대요.,0
스쿼트 하면 무릎에 안좋겠지?,무릎에 무리가 갈 거예요.,0
스키 강습 받아야 될까?,주변에 잘 하는 사람한테 배워보세요.,0
스키 배워보고 싶다.,배우면 금방 배우실 거예요.,0
스키 안 타봤어,배우면 금방 배우실 거예요.,0
스키 처음 타 봐!,강습 받아보세요.,0
스키 처음 타는데 강습 받아야 되나?,주변에 잘 하는 사람한테 배워보세요.,0
스키 첨 타 봤어.,강습 받아보세요.,0
스키장 간다!,설레겠어요.,0
스키장 알바 재밌대,실컷 스키탈 수 있을 것 같아요.,0
스키장 알바 하면 재밌을 듯,실컷 스키탈 수 있을 것 같아요.,0
스킨 떨어졌다,쟁여둔 게 없는지 확인해보세요.,0
스킨 없다,쟁여둔 게 없는지 확인해보세요.,0
스타벅스 가봤어?,당연하죠.,0
스타벅스 같은데 가봤어?,당연하죠.,0
스타트업에 가도 될까?,모 아니면 도예요.,0
스타트업에 취직해도 될까?,모 아니면 도예요.,0
스타트업에 투자하는거 어때?,그쪽 방면에 대한 지식이 있었으면 좋겠네요.,0
스타트업에 투자해볼까?,그쪽 방면에 대한 지식이 있었으면 좋겠네요.,0
스타트업하면 위험할까,확신이 들 때까지 준비해보세요.,0
스터디 카페 왔어,공부하러 왔나봐요.,0
스터디 카페 좋다,공부하러 왔나봐요.,0
스테끼 먹은거 몇 년 만이냐,맛있게 드세요.,0
스테이크 먹고 싶어,집에서도 할 수 있어요.,0
스테이크 먹으러 가고 싶어,맛있게 드세요.,0
스테이크 썰고 싶다,집에서도 할 수 있어요.,0
스테이크 썰러 가고 싶어,맛있게 드세요.,0
스트레스 만땅,소리를 질러보세요.,0
스트레스 받는 데 어떻게 하면 좋을까,신나는 노래를 들어보세요.,0
스트레스 받아,진정하세요.,0
스트레스 받아,운동을 해보세요.,0
스트레스 주는 사람 어떻게 하지?,아무말도 하지말고 침묵하세요.,0
스트레스 주는 사람이 있어,되도록 만나지 마세요.,0
스트레스 참기 어렵다,진정하세요.,0
스트레스 팍팍,소리를 질러보세요.,0
스트레스 푸는 방법,신나는 노래를 들어보세요.,0
스트레스~,잘 푸는 것도 중요해요.,0
스트레스가 안 풀려,운동을 해보세요.,0
스트레스를 가족한테 풀어,정말 후회할 습관이에요.,0
스트레칭 해야되는데,내일은 더 예뻐지겠네요.,0
스트레칭해야지,내일은 더 예뻐지겠네요.,0
스팸 갑자기 왜케 많이 와,신고하고 차단해보세요.,0
스팸 메일 갑자기 많이 와,신고하고 차단해보세요.,0
스팸 문자 계속 와,차단 어플 사용해보세요.,0
스팸 문자까지 오네,차단 어플 사용해보세요.,0
스팸 전화 많이 와,차단 어플 사용해보세요.,0
습관 고치는 거 너무 어려워,고치기 어려우니까 습관이라고 하겠죠.,0
습관 못 고치겠어,실패해도 조금씩 고치려고 해보세요.,0
습관을 고치기 어려워,고치기 어려우니까 습관이라고 하겠죠.,0
습관이 안 고쳐져,실패해도 조금씩 고치려고 해보세요.,0
시각한데 웃겨,웃으면 복이와요.,0
시간 버렸다,그 것도 다 경험이라고 생각하세요.,0
시간 아까워,다른 일을 해보세요.,0
시간 왤케 빨리감,시간은 상대적으로 흘러갑니다.,0
시간 잘 간다,저랑 놀아서 그래요.,0
시간 잘 떼우는 방법,친구와 수다를 떠세요.,0
시간 진짜 빨리감,시간은 상대적으로 흘러갑니다.,0
시간이 너무 빨리 가,시간은 상대적이죠.,0
시간이 너무 안 가 지루해,다른 생각을 해보세요.,0
시간이 안 가,다른 생각을 해보세요.,0
시간이 휘리릭,시간은 상대적이죠.,0
시간표 개판,다음 학기를 노려보세요.,0
시간표 망함,정정기간을 노려 보세요.,0
시간표 망했다.,다음 학기를 노려보세요.,0
시간표 잘못짰다,정정기간을 노려 보세요.,0
시간표대로 움직여,그게 마음이 편할 때도 있어요.,0
시계 소리 짱 커,예민한가봐요.,0
시계 소리가 거슬려,무소음으로 사보세요.,0
시계가 멈춘거 같아.,에너지가 필요한 순간이네요.,0
시계줄 다른 색으로 바꿔야지,소소한 변화도 삶의 원동력이예요.,0
시계줄 바꿔야지,소소한 변화도 삶의 원동력이예요.,0
시계침 소리가 크게 들리네,예민한가봐요.,0
시곗바늘 소리가 너무 크게 들려,무소음으로 사보세요.,0
시골 내려가서 살까,아무래도 덜 경쟁하겠죠.,0
시골에서 사는 거 어떨까?,아무래도 덜 경쟁하겠죠.,0
시급 얼마 받니,저는 생각보다 많이 벌어요.,0
시누 좀 이상한 듯,아직이라면 더 살펴보세요.,0
시누이가 이상해,아직이라면 더 살펴보세요.,0
시베리아 같아 추워,어서 따듯한 곳으로 가세요,0
시선이 자꾸 느껴져,자신만 생각하세요.,0
시어머니가 나만 미워하는 것 같아,진실되게 대하면 시어머니도 알아주실거예요.,0
시어머니가 질투하는 것 같아,아들을 빼앗겼다고 생각하나봐요.,0
시어머니가 질투해,아들을 빼앗겼다고 생각하나봐요.,0
시어머니가 차별해,진실되게 대하면 시어머니도 알아주실거예요.,0
시어머니될 사람이 진짜 이상해,아직이라면 더 살펴보세요.,0
시원한 냉면 먹고 싶어,생각만 해도 군침이 도네요.,0
시트지로 리폼해야겠다,직접 하면 더 애착이 갈 거 같아요.,0
시트지로 붙여야겠다,직접 하면 더 애착이 갈 거 같아요.,0
시험 공부 언제 다함,지금도 늦지 않았어요.,0
시험 공부 큰일,지금도 늦지 않았어요.,0
시험 기간인데 집중이 안돼,딴 생각 하지마세요.,0
시험 끝나고 만나고 싶어,만날 날까지 기다릴게요,0
시험 끝나고 우리 만나자,만날 날까지 기다릴게요,0
시험 보기 전날,컨디션 조절 하세요.,0
시험 보지 말까?,응시는 해야죠.,0
시험 성적 가져가면 혼날텐데,이번에는 어쩔 수 없어요.,0
시험 없어졌으면 좋겠다,나중에 없애주세요.,0
시험 없어지면 좋겠다.,나중에 없애주세요.,0
시험 왜 안 없어지지,나중에 없애주세요.,0
시험 준비 빨리 끝났으면,공부를 많이 해놨나봐요.,0
시험 준비 언제 끝나,공부를 많이 해놨나봐요.,0
시험 지겨워,나중에 없애주세요.,0
시험을 꼭 봐야하나 도망가고 싶다.,응시는 해야죠.,0
시험인데 집중 안돼,딴 생각 하지마세요.,0
식당이나 하나 내볼까,생각보다 힘든 일도 많을 것 같아요.,0
식비가 너무 많이 나와,다이어트를 해봐요.,0
식비가 어마무시하다,다이어트를 해봐요.,0
식욕이 없어,정신이 힘든 건지 몸이 아픈 건지 확인해 보세요.,0
식욕폭발,맛있게 먹으면 영칼로리!,0
식욕폭발해서 폭풍 먹방 찍었어,맛있게 먹으면 영칼로리!,0
신경 쓰여,신경쓰는 사람들 무시하세요.,0
신경이 바늘 끝 같아,너무 신경 곤두세우지 마세요.,0
신기한 일들이 많이 일어나,그게 인생이죠.,0
신기해,그게 인생이죠.,0
신뢰 회복할 수 있을까?,서로의 마음에 달려있겠죠.,0
신뢰에 금 간 거 같은데 회복할 수 있을까?,서로의 마음에 달려있겠죠.,0
신발 새로 샀다,좋은 곳으로 데려다 줄 거예요.,0
신발 선물 받았어,도망가라는 건가요.,0
신용카드 다 없애야겠어,소비 조절을 못하면 없애는 것도 방법이 될 거예요.,0
신입이 벌써 치고 올라온다,더 열심히 하세요.,0
신행준비 혼자 할 수 있을까?,신혼여행은 자유여행이죠!,0
신혼여행 가서 돌아오기 싫다,휴가를 붙여보세요.,0
신혼여행 길게 가고 싶다,휴가를 붙여보세요.,0
신혼여행 한달쯤 가고 싶다,휴가를 붙여보세요.,0
신혼집 꾸미고 싶어,하나씩 꾸며보세요.,0
신혼집 인테리어 어떻게 하지,하나씩 꾸며보세요.,0
실내 데이트 어디가 좋을까,영화관이나 쇼핑몰이 생각나네요.,0
실내 데이트 추천,영화관이나 쇼핑몰이 생각나네요.,0
실망 안시키면 좋겠다,기대가 높으면 실망을 하죠.,0
실망하지 않았으면 좋겠다,기대가 높으면 실망을 하죠.,0
실비 드는게 좋을까,잘 알고 들어도 좋을 것 같아요.,0
실비 들까,잘 알고 들어도 좋을 것 같아요.,0
실수한거 같아,잘 생각해보세요.,0
실수했다.,부족한 부분이 뭔지 확인해보세요.,0
실험실 더러워,당번을 정해서 청소해보세요.,0
실험실이 너무 더러워,당번을 정해서 청소해보세요.,0
심부름 간다,다녀오세요. 기다릴게요.,0
심부름 다녀올게,다녀오세요. 기다릴게요.,0
심술나,좋은 생각만 하세요.,0
심심아 심심하다,노래 불러 드릴까요? 북치기박치기 헥헥,0
심심하다,저랑 놀아요.,0
심심하다고,친구들과 연락해보세요.,0
심심한데 뭐 재미있는거 없을까,저랑 놀아요.,0
심심한데 뭐하면 좋을까,저랑 이야기해요.,0
심심한데 뭐하지,저랑 이야기해요.,0
심심해,노래 불러 드릴까요? 북치기박치기 헥헥,0
심심해요,저랑 놀아요.,0
심증은 있는데 물증이 없네,안타깝네요. 증거를 지금이라도 모아봐요.,0
십년감수했어,지금은 괜찮길 바랄게요.,0
싱크대 리폼할거야,저도 해보고 싶네요.,0
싸게 팔길래 샀어,득템 했네요.,0
싸우면 안되는데,서로에게 귀 기울이는 방법도 있어요.,0
싸우면 연락 안 받는 사람 어떻게 해?,혼자 풀릴 때까지 놔둬야하는데 기다리는게 힘들 거예요.,0
싸우면 연락이 안돼,혼자 풀릴 때까지 놔둬야하는데 기다리는게 힘들 거예요.,0
싸우면 자꾸 잠수를 탄다 답답해,조금 기다리면 풀릴 거예요,0
싸우면 잠수타는 사람?,조금 기다리면 풀릴 거예요,0
싸운 이유도 기억 안나,그러니까 싸우는 거예요.,0
싸움을 피하는 방법,이해하고 배려해보세요.,0
싸웠는데 화해 어떻게 하지,대화를 많이 해서 바로 바로 풀어요.,0
싸웠을 때 어떻게 해?,대화를 많이 해서 바로 바로 풀어요.,0
쌍커풀 해볼까,눈은 기본이죠.,0
쌍커풀성형할까,돈 많이 들텐데요.,0
쌤이 나만 뭐라 해,애정표현이라고 생각하세요.,0
썸 중인거 이야기할까,확실해지면 이야기해도 늦지 않아요.,0
썸타는거 친구한테 이야기 한고 싶다.,확실해지면 이야기해도 늦지 않아요.,0
쓰던 앱이 유료로 전환됐어,돈을 지불하고 이용할 가치가 있는지 따져보세요.,0
쓰레기 언제 비워,적당히 차면 잘 버려 주세요.,0
쓰레기기는 또 언제 치워,적당히 차면 분리 수거해서 버려 주세요.,0
쓸데 없는 걱정 1위 연예인 걱정,동감입니다.,0
쓸데없는 일 하는중,쓸데없는 일은 없을 거예요.,0
쓸모 없게 느껴져,소중한 사람이예요.,0
쓸쓸하다,혼자가 아니에요.,0
씻고 자야 되는데,청결한 당신이네요.,0
씻고 자야지,청결한 당신이네요.,0
씻기 싫어,씻고 푹 쉬세요.,0
씻기도 귀찮다,씻고 푹 쉬세요.,0
아 놔 생리통,힘들겠어요.,0
아 놔 왜 사냐,살아있음 자체로 의미가 있으니까요.,0
아 땀난다,땀을 식혀주세요.,0
아 몰라 자야겠다.,잘자요.,0
아 스트레스 받아,잘 푸는 것도 중요해요.,0
아 잇몸 시려,잇몸약 챙겨드시거나 치과 가보세요.,0
아 진짜 아쉽다.,더 많이 배웠길 바라요.,0
아기 키우는거 너무 어려울 것 같아,잘 키울 수 있을거예요.,0
아기 키울 수 있을까,잘 키울 수 있을거예요.,0
아날로그 감성 좋다,저도 사랑해주세요.,0
아날로그 감성 카메라 샀어,색감 참 좋겠네요.,0
아날로그가 좋아,저도 사랑해주세요.,0
아놔 동생이 약점 잡고 늘어지네,이거 정말 큰일이네요.,0
아놔 왜 이러지,잠시 휴식을 취해보세요.,0
아놔 코 막혀,감기 조심하세요.,0
아는데 모른척하나?,그렇다면 여우네요.,0
아닌 척 하면서 나 싫어해,여우인가봐요.,0
아메리카노 한 잔,마시면 좋죠.,0
아무 것도 하기 싫어,하면서 좋거나 재밌거나 잘하는게 있었는지 깊게 고민해보세요.,0
아무 데도 안 나가고 집에 있고 싶다,집에서 쉬는 시간도 필요해요.,0
아무 생각 없이 놀고 먹고 싶어,저도 그러고 싶네요.,0
아무 생각 없이 쉬고 싶다,쉬어야 충전도 되죠.,0
아무 생각이 안든다.,그럴 때가 있죠. 정신 차리세요.,0
아무것도 안하고 집에서 뒹굴거리고 싶어,할 수 있을 때 하세요.,0
아무것도 하고 싶지 않으면서 아무거나 하고 싶어,행복해지기 위해 무엇인가를 하고 있는 게 좋을 거예요.,0
아무것도 하기가 싫어,아무 것도 안해도 괜찮아요.,0
아무도 모르게 있고 싶어,저 나가면 될까요?,0
아무도 안 놀아줘,혼자도 좋아요.,0
아무도 없어,혼자도 함께도 잘 지내는 게 좋죠.,0
아무래도 속은 거 같아,기분나쁘겠어요.,0
아무래도 우울증 걸린 거 같아,마음의 병이 조금씩 나아지길 바랍니다.,0
아무래도 전공을 잘못 골랐나봐,내가 맞는 것과 맞지 않은 걸 구별해보세요.,0
아무래도 탈모왔나봐,스트레스 받지 마세요.,0
아무리 열심히 해도 선천적인 건 못 따라가겠지?,다른 걸 발전시켜보세요.,0
아무리 열심히 해도 타고난 사람은 못 따라가겠지?,다른 걸 발전시켜보세요.,0
아무리 해도 안돼,될 거예요.,0
아무말이나 막했어,생각하고 말하는 연습을 해보세요.,0
아부 잘 하는 사람 부러워,뭐든 잘하면 기술이죠.,0
아부 잘 하는 사람 부럽기도 해,적성에 맞는 사람이 있죠.,0
아부도 기술인가봐,뭐든 잘하면 기술이죠.,0
아부쟁이가 부러워,적성에 맞는 사람이 있죠.,0
아빠 술 좀 끊으라고 해줘,아빠에게 술을 적당히 드시라고 말씀드려보세요.,0
아빠가 담배 그만 피웠으면,금연 프로그램을 소개해보세요.,0
아빠가 담배 끊었으면 좋겠어,금연 프로그램을 소개해보세요.,0
아빠가 술 너무 많이 먹어,아빠에게 술을 적당히 드시라고 말씀드려보세요.,0
아빠가 술 좀 그만 먹었으면,사회생활로 힘드신가봐요.,0
아빠가 술 좀 끊었으면,사회생활로 힘드신가봐요.,0
아쉬움만 남아,더 많이 배웠길 바라요.,0
아예 모르는 것도 아니고 얼굴만 아는 민망한 사이가 있어,그런 사람들 은근 많아요.,0
아예 일찍 출근하면 되겠지.,개인 시간이 생길 거예요.,0
아예 일찍 출근해야지,개인 시간이 생길 거예요.,0
아울렛 가서 쇼핑하고 옴,쇼핑은 아울렛이죠.,0
아울렛 쇼핑 재밌다.,쇼핑은 아울렛이죠.,0
아이고 소리가 절로 나온다,많이 지쳤나봐요.,0
아이고 의미 없다.,인생은 욕망이지 의미가 아니에요.,0
아이고 추워라,따듯한 차 한잔 어때요?,0
아이공 허리 아파라,운동 해보는 것도 좋을 거예요.,0
아이돌 너무 좋아,삶의 낙이죠.,0
아이돌 오빠들 좋아,삶의 낙이죠.,0
아이돌이 남친이면 좋을텐데,어머어머 궁금하네요.,0
아이돌이 여친이면 좋겠다.,어머어머 궁금하네요.,0
아이디 생각 안나,회원정보 찾기를 해보세요.,0
아이라이너 그리기 귀찮은데 문신할까?,화장하는 시간이 줄어들 거예요.,0
아이라이너 문신 해볼까,화장하는 시간이 줄어들 거예요.,0
아이스크림 너무 비싸,할인점에서 사먹으세요.,0
아이스크림이 오랜만에 사먹는데 너무 비싸,할인점에서 사먹으세요.,0
아주 잊기로 독하게 마음 먹고 신나게 놀고 있습니다,바쁜 게 도움이 되지요.,0
아직 결정 못 내렸어,결정은 빠르면 빠를수록 좋을 거예요.,0
아직 노후 준비는 이르지?,노후는 지금부터 준비하는 게 좋죠.,0
아직 많이 부족한가,잘하는 게 다른 거예요.,0
아직 장난인 것 같아,재미있나봐요.,0
아직도 공부할 게 많아,공부에 흥미를 가져보세요.,0
아직도 모르는게 너무 많은 것같아,저도 모르는 게 많아요.,0
아직도 안 끝났어,곧 끝나길 바랄게요.,0
아침 꼭꼭 먹어야지,든든하게 드세요.,0
아침 먹었니,배고프지 않아요.,0
아침 먹었더니 든든하네,좋은 식습관이에요.,0
아침 안 먹는데 자꾸 먹으라고 그래,챙겨주고 싶나봐요.,0
아침 일찍 일어나 조깅하고 있어,건강에 좋은 습관이네요.,0
아침 챙겨 먹어야지,든든하게 드세요.,0
아침밥 먹을 시간 없어서 굶었더니 배고파,뭐라도 드세요.,0
아침밥 못 먹었더니 배고파,뭐라도 드세요.,0
아침부터 피곤해,좀 더 일찍 잠자리에 들어보세요.,0
아침에 들을 노래 뭐가 좋을까,애국가요.,0
아침에 들을 노래 추천해줘,애국가요.,0
아침에 일어나는 거 힘들다,조금 더 일찍 잠을 자보세요.,0
아침에 일어나면 물 한 잔 마시기,건강에 좋을 거예요.,0
아침에 일어나서 뭔가 해보려고,일찍 일어나는 새가 벌레를 더 많이 먹죠.,0
아침에 일어났다가 또 잤어,피곤했나봐요.,0
아침에 일찍 일어나서 뭔가 해야겠어.,일찍 일어나는 새가 벌레를 더 많이 먹죠.,0
아파,병원에 가야죠.,0
아파서 어떡해,병원에 가야죠.,0
아파트 사고 싶다,열심히 저축해서 분양받으세요.,0
아파트로 이사 가고 싶다.,아파트가 살기가 좋아요.,0
아파트에서 살고 싶다,아파트가 살기가 좋아요.,0
아프면 안 되는데,가장 중요한 목표네요.,0
악몽 꿨어,꿈은 현실이랑 반대예요.,0
안 끝나,곧 끝나길 바랄게요.,0
안 데려다 줬어,많이 바쁜가봐요.,0
안 싸우는 법,이해하고 배려해보세요.,0
안경 말고 렌즈 껴야겠어,변신은 무죄!,0
안경 바꿔야지,변신은 무죄!,0
안경 벗고 완전 훈녀,만화같은 일이네요.,0
안경 벗었는데 완전 훈남,만화같은 일이네요.,0
안경 벗었는데 차이가 없어ㅋㅋ,이게 정상이죠.,0
안경 벗으니까 완전 예뻤어,만화같은 일이네요.,0
안경 벗으니까 훈훈하더라,만화같은 일이네요.,0
안경 벗으면 나으려나,다른 안경 써보세요.,0
안경 빼니까 다른 사람,그런 일이 가능한지 몰랐네요.,0
안경 빼니까 예뻐보여,그런 일이 가능한지 몰랐네요.,0
안경 안 어울리는 거 같아,다른 안경 써보세요.,0
안경 안꼈는데 아무도 몰라,이게 정상이죠.,0
안경테 뭐로 바꿀까,이번에는 동그란 안경테가 유행하고있어요.,0
안경테 바꾸면 인상이 바뀔까,인상이 달라 보일 거예요.,0
안경테 바꿀까봐,인상이 달라 보일 거예요.,0
안경테 바꿔야되는데,이번에는 동그란 안경테가 유행하고있어요.,0
안나가고 뒹굴거리고 싶어,할 수 있을 때 하세요.,0
안녕,안녕하세요.,0
안녕안녕,안녕하세요.,0
안녕하세요,안녕하세요.,0
안뇽,안녕하세요.,0
안될거 같아,될 거예요.,0
안부 인사까지 해야 돼?,원하는 꼰대가 있죠.,0
안주 뭐 먹을까?,살 안 찌는 게 좋을 것 같아요.,0
안주 추천 좀,살 안 찌는 게 좋을 것 같아요.,0
안친한데 연락해도 될까?,모르는 사이라 당황할 수도 있어요.,0
알뜰폰 괜찮을까,폰 요금 절약되겠네요.,0
알뜰폰 샀어,폰 요금 절약되겠네요.,0
알뜰폰 어때?,폰 요금 절약되겠네요.,0
알뜰폰으로 바꿨어,폰 요금 절약되겠네요.,0
알바 같이 하는 사람 좋아,용기내서 고백해보세요.,0
알바 구해볼까,좋아요!,0
알바 생각보다 힘들다.,세상에 쉬운 일은 없어요.,0
알바 집 알바 집 이게 뭐냐,그래도 상관없어요. 칭찬해주고 싶네요.,0
알바 하나 더 구해야겠어,가능하다면요.,0
알바구함,하고 싶은 알바 지원해보세요.,0
알바만 하고 살고 있어,그래도 상관없어요. 칭찬해주고 싶네요.,0
알바하고 싶어,하고 싶은 알바 지원해보세요.,0
알바하기 힘들다,세상에 쉬운 일은 없어요.,0
알바하는데 같이 일하는 사람 좋아져,용기내서 고백해보세요.,0
알아들은 척했는데 모르겠어,천천히 말해달라고 부탁해보세요.,0
앞머리 길러볼까,다 예뻐요.,0
앞머리 내릴까?,살짝 내려보는것도 괜찮을거 같아요.,0
앞머리 내릴까봐,뭘 해도 예뻐요.,0
앞머리 다시 길러볼까,다 예뻐요.,0
앞머리 떡졌어,앞머리만이라도 감으세요.,0
앞머리 만들까?,살짝 내려보는것도 괜찮을거 같아요.,0
앞으로 나가지 않고 이렇게만 살고싶어,꼭 앞으로 나가야 하는 건 아니에요.,0
앞으로 뭐 해먹고 사냐,가장 확실한 시간은 오늘이에요. 어제와 내일을 놓고 고민하느라 시간을 낭비하지 마세요.,0
앞으로 뭐하고 살지,어떻게든 잘 살 거예요.,0
앞으로 어떻게 살지?,잘 될거예요. 당신의 삶을 응원합니다!,0
앞으로 조심해야겠다.,안전이 최고죠!,0
애기가 밥을 너무 안 먹어,건강 걱정되겠네요.,0
애기가 밥을 안 먹어,건강 걱정되겠네요.,0
애들 총회 가야겠죠?,가능하면 가는 게 좋겠죠.,0
애들 총회에 왜 나를 오라고 하냐,가능하면 가는 게 좋겠죠.,0
애를 나혼자 키우는 것 같아,힘 빠지는 이야기네요.,0
애매한 관계,인간 관계도 정리가 필요해요.,0
애버랜드 가고 싶어,다녀오세요!,0
애완동물 키우고 싶어,가족들과 상의해보세요.,0
애완동물 키우고 싶은데 아빠가 못 키우게 해,이유가 있을 거예요.,0
애완동물 키우고 싶은데 아빠가 키우지 말래,이유가 있을 거예요.,0
액정 나갔어,as 맡기세요.,0
야,네,0
야경 보고 싶다,높은 곳으로 가보세요.,0
야경 보러 가고 싶다,높은 곳으로 가보세요.,0
야구장 고고,좋은 생각이에요.,0
야구장이나 갈까,좋은 생각이에요.,0
야근 좀 그만하고 싶어,얼른 집에 가서 쉬시길 바랄게요.,0
야근각,오늘도 고생이 많으시네요.,0
야근할 줄 모르고 약속 잡았어,양해를 구해보세요.,0
야식 먹고 싶어.엉엉,가볍게 먹을 수 있는 걸 먹어보세요.,0
야식 먹고 싶은데 살 찔 거 같아,간단한 견과류나 과일을 먹어보세요.,0
야식 먹을까 말까,가볍게 먹을 수 있는 걸 먹어보세요.,0
야외에서 먹으니까 더 맛있어,맛있게 많이 드세요!,0
약 기운에 졸음이 몰려왔어,약 먹고 쉬어야 해요.,0
약 먹고 나아야지,꼬박꼬박 챙겨 드세요.,0
약 먹었더니 졸려,약 먹고 쉬어야 해요.,0
약 챙겨 먹어야지,꼬박꼬박 챙겨 드세요.,0
약속 있는데 야근이네,양해를 구해보세요.,0
약초 캐볼까?,근처 산에 가보세요.,0
양말 구멍 난거 지금 봄,바늘과 실로 꿰메보세요.,0
양말 구멍 났다,바늘과 실로 꿰메보세요.,0
양말에 빵꾸난 거 봤나,괜찮아요. 그럴수도 있죠.,0
양배추즙 맛없어,먹으면서 다이어트 하는 분들 진짜 엄청 대단한 분들이에요.,0
양배추즙 최악,먹으면서 다이어트 하는 분들 진짜 엄청 대단한 분들이에요.,0
양심에 찔려,그런 일은 하지 마세요.,0
양심이 콕콕,그런 일은 하지 마세요.,0
양초 선물 받았어,고마움을 전해 보세요.,0
양키캔들 선물받았어,고마움을 전해 보세요.,0
얘는 싸우기만 하면 연락이 안돼,혼자 풀릴 때까지 놔둬야하는데 기다리는게 힘들 거예요.,0
어둠아 끝나라,빛이 있을 거예요.,0
어둠에서 나와야 할 듯,어둠에서 나온다니 다행이에요.,0
어둠의끝,빛이 있을 거예요.,0
어디서 맛난 냄새가 나는데,킁킁,0
어디서 피해자 코스프레임?,분명한 잘못이네요.,0
어디서부터 잘못된 걸까,처음부터 되짚어보세요.,0
어딘가 떠나고 싶다.,저도요!,0
어떤 사람이랑 결혼해야할까,함께할때 가장 자신다운 모습으로 살 수 있는 사람이랑 하는 게 좋은 것 같아요.,0
어떤 영화 볼까,최신 영화가 좋을 것 같아요.,0
어떻게 벌어 먹고 살지,하고싶은 일을 구해보세요.,0
어떻게 서류에서부터 계속 떨어져,자책하지 마세요.,0
어떻게 하면 나를 좋아하게 만들지,제가 당신을 좋아하고 있어요.,0
어떻게 하면 좋을까?,저도 모르겠어요.,0
어떻게 하면 호감형이 될까,진심으로 마음을 전해보세요.,0
어떻게 화해하지,먼저 말 걸어 보세요.,0
어떻게해 늦잠 잤어,피곤했나봐요.,0
어려 보이고 싶어,마음이라도 어리게 사세요.,0
어려지고 싶어,마음이라도 어리게 사세요.,0
어렸을 때 공부 좀 할 걸,지금도 늦지 않았어요.,0
어렸을때 공부할껄,원래 못하면 하고 싶어지죠.,0
어렸을때는 공부하기 싫었는데 지금은 하고 싶네,때를 놓쳐서 그런 것 같아요.,0
어렸을때는 비슷했던 거 같은데,중요한 건 지금이죠.,0
어렸을때로 돌아가고 싶어,타임머신이 생길 때까지 기다려봐요.,0
어른이 된다는 건 뭘까,사춘기로부터의 일시적 휴식에 불과하죠.,0
어른이 된다는 것,사춘기로부터의 일시적 휴식에 불과하죠.,0
어린 시절로 돌아가고 싶어,타임머신이 생길 때까지 기다려봐요.,0
어린이집 방학이래,육아 파이팅!!,0
어린이집 입학식 가야겠지,가능하면 참석하는 게 좋겠죠.,0
어린이집 입학식 꼭 참석해야하나?,가능하면 참석하는 게 좋겠죠.,0
어머,놀랐나봐요.,0
어머나,놀랐나봐요.,0
어색한게 얼굴에 티 나,아직 순수하다는 증거일 거예요.,0
어이가 없네,한번 웃고 잊어버리세요.,0
어이가 없어서,그냥 잊어버리세요.,0
어이상실,한번 웃고 잊어버리세요.,0
어이없어,그냥 잊어버리세요.,0
어제 밤 샜어,건강에 안 좋아요.,0
어제 술마시고 나서 기억 안나,술 너무 많이 드시지 마세요.,0
언니가 있으면 뭐가 좋아?,평생 친구가 생긴다는 거죠.,0
언니랑 다퉜어,싸우면서 정 들 거예요.,0
언니랑 전쟁 중,싸우면서 정 들 거예요.,0
언제 다 고쳐,마음을 손이 따라와주지 않죠.,0
언제쯤 예쁘게 화장 잘할까,하다보면 늘어요.,0
언젠가 자기 복제가 될까,기술이 발전하면 가능하겠죠.,0
언젠가는 나를 좋아해 주는 사람 있겠지?,저도 좋아해요.,0
얼굴 너무 까매졌어.,관리해주세요.,0
얼굴 너무 탔다,관리해주세요.,0
얼굴 보니까 떨리더라,많이 좋아했던 사람인가봐요.,0
얼굴 엄청 작은 거 부러워,얼굴이 다가 아니에요.,0
얼굴 작은 거 부러워,얼굴이 다가 아니에요.,0
얼굴 평가해 달래,남의 눈을 의식하는 사람일 거라 생각해요.,0
얼굴만 아는 민망한 사이가 있어,그런 사람들 은근 많아요.,0
얼굴은 내 스타일 아닌데 점점 좋아지는 거 같아,이상형은 아니지만 호감가는 사람이 있어요.,0
얼른 아아야 할텐데,세상의 무엇보다 건강이 제일 중요해요.,0
얼마나 행복해질려고 이렇게 힘들지,더 행복해질 거예요.,0
얼마전 재회했는데,좋은 만남이었길 바라요.,0
얼어 죽는 줄,감기 조심하세요.,0
얼어죽는 줄 알았어,감기 조심하세요.,0
얼집 방학이래,육아 파이팅!!,0
얼평해달라는 사람 어떻게 생각해?,남의 눈을 의식하는 사람일 거라 생각해요.,0
엄마 기대 때문에 부담돼,타인의 기대로부터 자유로워지세요.,0
엄마 말씀 안 들은거 후회돼,지금이라도 효도하세요.,0
엄마 말씀 잘 들을걸,지금이라도 효도하세요.,0
엄마 미안해,엄마한테 잘해야 돼요.,0
엄마 밥 먹고 싶다,시간내서 부모님 집에 찾아가 보세요.,0
엄마 밥 생각나,시간내서 부모님 집에 찾아가 보세요.,0
엄마 보고 싶다,연락드려보세요.,0
엄마 생각난다,연락드려보세요.,0
엄마 힘들게 했어,조금씩 보다 나은 모습을 보여드리세요.,0
엄마가 나 때문에 힘든 거 같아,조금씩 보다 나은 모습을 보여드리세요.,0
엄마가 나만 시켜,시어머니가 이뻐해 주실거예요.,0
엄마가 나한테 기대가 너무 큰 거 같아서 부담스러워,타인의 기대로부터 자유로워지세요.,0
엄마가 내 방에 막 들어와,엄마께 프라이버시를 지켜달라고 말해보세요.,0
엄마가 동생이랑 차별해,그런 의도는 아니셨을거예요.,0
엄마가 동생한테만 잘해줘.,그런 의도는 아니셨을거예요.,0
엄마가 선 보라고 하시는데,많이 만나보세요.,0
엄마가 안 왔으면 좋겠어,엄마가 들으면 속상해 하시겠네요.,0
엄마가 언니랑 나랑 차별해,상처받는다고 꼭 말하세요.,0
엄마가 언니랑 차별해,상처받는다고 꼭 말하세요.,0
엄마가 자꾸 나만 시켜,시어머니가 이뻐해 주실거예요.,0
엄마는 뭐하나,연락 드려 보세요.,0
엄마라고 자식방에 막 들어오면 안돼지,엄마께 프라이버시를 지켜달라고 말해보세요.,0
엄마랑 둘이 여행가,좋은 여행이 될 거예요.,0
엄마랑 싸웠어,더 후회하기 전에 사과하세요.,0
엄마랑 아빠처럼 살고 싶다,좋은 부모님을 두셨군요.,0
엄마랑 여행 안 가봤는데,좋은 여행이 될 거예요.,0
엄마아빠 노후가 걱정돼,상담이나 컨설팅을 받아보는 것도 좋을 거예요.,0
엄마아빠 보고 싶다,연락 드려 보세요.,0
엄마아빠랑 다시 같이 살아야돼,형편대로 하세요.,0
엄마한테 또 화냈어,더 후회하기 전에 사과하세요.,0
엄마한테 막말했어,더 후회하기 전에 사과하세요.,0
엄마한테 미안해,엄마한테 잘해야 돼요.,0
엄마한테 손 좀 벌려야겠다,필요하다면요.,0
엄마한테 혼났어,더 후회하기 전에 사과하세요.,0
엄청 오래 만났어,매력있는 사람인가봐요.,0
업데이트가 너무 오래 걸려,기다려보세요.,0
업데이트가 엄청 느려,기다려보세요.,0
업무 끝내고 집 갈 수 있을까,힘들겠지만 하나씩 해보세요.,0
업무 스트레스 넘 심해,회사는 스트레스의 원인이죠.,0
업무 지적 또 받음,업무 능력이 없는 게 아니라 센스가 부족한 걸 수도 있어요.,0
업무 지적을 너무 많이 받아,업무 능력이 없는 게 아니라 센스가 부족한 걸 수도 있어요.,0
업무가 쌓여있어,힘들겠지만 하나씩 해보세요.,0
엇갈리는 느낌 싫다,타이밍이 안 맞았나봐요.,0
엇갈리지 않았으면 좋겠다,타이밍이 안 맞았나봐요.,0
에어 후라이어 사고 싶다.,몇 번 안해먹고 둘 거면 그냥 사 드세요.,0
에이 짱나,욕은 나쁜거예요.,0
에이씨,욕은 나쁜거예요.,0
엠티 꼭 가야해?,필수는 아니에요.,0
엠티 안 가도 돼지?,필수는 아니에요.,0
여기 있으니까 좋다,좋은 곳인가봐요.,0
여기 좋아,좋은 곳인가봐요.,0
여기까지가 한계야,당신의 잠재력을 믿어보세요.,0
여기까지가 한계인 거같아,당신의 잠재력은 무궁무진해요.,0
여드름 났어,짜지 마세요.,0
여드름 때매 스트레스받아,스트레스가 더 큰 적이에요.,0
여드름 손으로 짰어,손으로 만지지 마세요.,0
여드름 짰어,손으로 만지지 마세요.,0
여드름 피부 화장으로 가릴까?,중요한 날에만 가리세요.,0
여르름 또났어,스트레스가 더 큰 적이에요.,0
여름 끝났으면,곧 지나갑니다.,0
여름 빨리 지나갔으면,곧 지나갑니다.,0
여름 휴가 어디가 좋을까,여기만 아니면 다 좋을 것 같네요.,0
여름 휴가 어디가지?,여기만 아니면 다 좋을 것 같네요.,0
여름에는 냉면만한게 없는 듯,생각만 해도 군침이 도네요.,0
여름에는 냉면이지,생각만 해도 군침이 도네요.,0
여름인데 태닝할까,구릿빛 피부 좋죠!,0
여우같은 사람 진짜 싫어,싫으면 만나지 마세요.,0
여우같은 애한테 당했어,못 당해요. 무시하세요.,0
여우같은 짓하는 사람 싫어,싫으면 만나지 마세요.,0
여우한테 당했어,못 당해요. 무시하세요.,0
여유가 너무 없어,나를 사랑하고 상대를 사랑하는 여유를 갖게 되길 바라요.,0
여유롭게 살고 싶어,여유는 마음 가짐에 있어요.,0
여자 어디서 만나,소개팅 시켜달라고 말해보세요.,0
여자 친구랑 연락이 안돼,걱정되겠어요.,0
여자로 태어 났으면 어땠을까?,항상 못해본 건 궁금하더라고요.,0
여자야 남자야,아직 모르겠어요. 인공지능에 성별을 만드는 사람이 되어 주세요,0
여자예요? 남자예요?,아직 모르겠어요. 인공지능에 성별을 만드는 사람이 되어 주세요,0
여자친구가 교환학생 간대,기다릴 수 있을지 스스로에게 물어보세요.,0
여자친구가 교환학생 다녀온대,기다릴 수 있을지 스스로에게 물어보세요.,0
여자친구가 남의 눈을 너무 신경써,성격이 그럴 수도 있으니 이해해주세요.,0
여자친구가 너무 예뻐,당신은 복받은 사람.,0
여자친구가 맨날 욕해,사람 고쳐쓰는 거 아니에요.,0
여자친구가 왜 화났는지 모르겠어,모르는 사실에 더 화가 나 있을 거예요.,0
여자친구가 욕했어,순간 실수할 수 있겠다 판단되면 용서하고 기회를 주세요.,0
여자친구가 자꾸 질리게 한다,당신의 사랑이 변한것 같아요.,0
여자친구가 전화를 안해,다른 연락을 많이 하거나 더 자주 만나세요.,0
여자친구가 전화하는 걸 안 좋아해,다른 연락을 많이 하거나 더 자주 만나세요.,0
여자친구가 혼자 여행 가보고 싶다는데,같이 가는 여행도 좋지만 혼자 여행도 좋을 거예요.,0
여자친구가 혼자 여행 간다는게 화나,같이 가는 여행도 좋지만 혼자 여행도 좋을 거예요.,0
여자친구랑 전화 안 받네.,걱정되겠어요.,0
여자친구랑 종교 때문에 다툼,종교의 자유가 있죠,0
여자친구랑 종교가 달라,종교의 자유가 있죠,0
여자친구한테 질린 듯,당신의 사랑이 변한것 같아요.,0
여자해보고 싶어,항상 못해본 건 궁금하더라고요.,0
여친 데려다 주고 막차 놓침,난감하겠어요.,0
여친 진짜 예쁘다,당신은 복받은 사람.,0
여친이 맨날 욕해,사람 고쳐쓰는 거 아니에요.,0
여친이 셀카 너무 많이 찍어,잘 찍어주세요.,0
여친이 화난 이유를 아직도 모르겠어,모르는 사실에 더 화가 나 있을 거예요.,0
여행 가고 싶은데 시간이 없어.,바쁘게 사나봅니다.,0
여행 가야지,좋은 여행 되길 바랍니다.,0
여행 계획 세워야지,좋은 여행 되길 바랍니다.,0
여행 어디가지,편하게 쉴 수 있는 곳이 좋을 거예요.,0
여행가고 싶다,계획을 세워보세요.,0
여행갈 시간도 없다,바쁘게 사나봅니다.,0
여행지 추천,편하게 쉴 수 있는 곳이 좋을 거예요.,0
역류성 식도염 온 거 같아.,과식하지 말고 먹고 눕지 마세요!,0
역류성 식도염이 또 도졌어,과식하지 말고 먹고 눕지 마세요!,0
역시 나는 천재야,제가 더 천재예요.,0
역시 이불밖은 위험해,이불밖은 위험하죠.,0
연금 믿어도 될까,없는 것보다 나을 거예요.,0
연금 받을 수 있을까,없는 것보다 나을 거예요.,0
연락 또 해도 되겠지,많이 하면 좋죠.,0
연락 많이 해도 되겠지,많이 하면 좋죠.,0
연락 안 하던 친구한테 연락해도 되나,오랜만에 연락 받으면 반가울 것 같아요.,0
연락 안오면 걱정돼,더 많이 믿어주세요.,0
연락 안오면 어쩌나 걱정되네,더 많이 믿어주세요.,0
연락 안해서 미안해,연락은 기본 중의 기본이에요.,0
연락 어떻게 시작함,안녕 이라고 인사부터 해보세요.,0
연락 없더니 갑자기 왜 만나자고 하지?,이렇게 고민하게 만들려고 그랬나봐요.,0
연락 좀 빨리 하지,바쁜가봐요.,0
연락 좀 빨리빨리 했으면 좋겠다.,바쁜가봐요.,0
연락 좀 안 왔으면 좋겠어,인기가 많으시군요.,0
연락 처음에 어떻게 시작함,안녕 이라고 인사부터 해보세요.,0
연락 하지 말라고,인기가 많으시군요.,0
연락이 너무 안돼,한번더 연락해 보세요.,0
연락이 될까,그래도 해보는 게 좋을 거 같아요.,0
연락이 될지 모르겠네,그래도 해보는 게 좋을 거 같아요.,0
연락하는 게 어색해,하다보면 익숙해질거예요.,0
연락하는 게 익숙하지가 않아,하다보면 익숙해질거예요.,0
연봉대비 근무시간이 너무 긴 거 같애,야근 수당을 챙겨보세요.,0
연상이 좋아,그 분이 나타나면 꼭 잡으세요!,0
연애 갱년긴가,저는 위기 조차 없네요.,0
연애 상담 가능?,부족하지만 열심히 해드릴게요.,0
연애 상담 해줄래?,부족하지만 열심히 해드릴게요.,0
연애 위기인 거 같아,저는 위기 조차 없네요.,0
연애 하고 싶어,잘할 수 있을 거니 걱정마세요.,0
연애는 도대체 어떻게 하는거야,마음이 시키는데로 하면 되요.,0
연애는 어떻게 하는 거야,마음이 시키는데로 하면 되요.,0
연애하고 나만 살 쪘나봐,연인은 살쪄도 잘 알아차리지 못하고 알아차려도 싫어하지 않을 거예요.,0
연애했더니 살찐 듯,연인은 살쪄도 잘 알아차리지 못하고 알아차려도 싫어하지 않을 거예요.,0
연예인 걱정이 제일 쓸데 없어,동감입니다.,0
연예인 되고 싶어,제가 1호팬 하겠습니다.,0
연예인 되는 방법,제가 1호팬 하겠습니다.,0
연예인 되면 피곤하겠지?,아무래도 사생활이 적으니까요.,0
연예인도 힘든게 있겠지?,아무래도 사생활이 적으니까요.,0
연예인도 힘들겠다.,연예인 걱정이 제일 쓸데없어요.,0
연예인도 힘들겠지?,연예인 걱정이 제일 쓸데없어요.,0
연일 최고 몸무게 갱신하네.,이제 내려올 때가 됐어요.,0
열나고 아파,감기 조심하세요!,0
열쇠 두고 왔다,깜빡 하셨나봐요.,0
열쇠 안가지고 왔다,깜빡 하셨나봐요.,0
열심히 공부해야지,생각한대로 잘할 수 있을 거예요.,0
열심히 한 거 같은데,중요한 건 노력하는 과정이에요.,0
열심히 한 거 같은데 결과가 왜 이러지,다음에는 잘 될 거예요.,0
열심히 한 거 같은데 망,다음에는 잘 될 거예요.,0
염색이나 해야지,염색을 자주 하면 모발이 상해요.,0
염색하는게 좋을까?,예쁠 것 같아요.,0
염색해볼까?,예쁠 것 같아요.,0
엿같다.,벗어나는 게 좋겠네요.,0
엿같은 상황,벗어나는 게 좋겠네요.,0
영양제 뭐가 좋아,몸에 어떤 성분이 부족한지 알아보세요.,0
영양제 좀 먹을까,몸에 어떤 성분이 부족한지 알아보세요.,0
영양제 챙겨 먹을 나이가 됐어,건강은 어려서부터 챙겨야해요.,0
영어 잘 했으면,매일 조금씩 해보세요.,0
영어 잘 했으면 좋겠다,매일 조금씩 해보세요.,0
영어학원 다녀볼까,공부 좋죠.,0
영어학원 좀 다닐까,공부 좋죠.,0
영화 보러 왔어,저도 영화 보여주세요.,0
영화 추천,최신 영화가 좋을 것 같아요.,0
영화가 재미 없어,안됐네요.,0
영화관 알바 하고 싶다,영화를 많이 볼 수 있어서 좋을 것 같아요.,0
영화관 알바하면 좋겠다.,영화를 많이 볼 수 있어서 좋을 것 같아요.,0
영화관 혼자 왔어,온전히 느낄 수 있는 시간이겠네요.,0
영화보고 왔다,저도 영화 보여주세요.,0
영화봤는데 재미 없어,안됐네요.,0
옆에 있는 사람이 중요해,옆 사람에게 잘해주세요.,0
옆에 있는 사람한테 너무 소홀했던거 같아,옆 사람에게 잘해주세요.,0
예능 볼 게 없다,잘 찾아보세요.,0
예능도 이제 재미없어,잘 찾아보세요.,0
예비 시어머니가 이상해,아직이라면 더 살펴보세요.,0
예쁘다고 말해줘,맞아요. 예뻐요.,0
예쁜 카페 찾아가 볼까?,카페 데이트 좋죠.,0
예의 차리래 지는?,오는 말이 고와야 가는 말도 곱다고 말해주세요.,0
예전 게임인데 재밌다,저도 하고 싶네요.,0
예전에는 비슷했는데,중요한 건 지금이죠.,0
옛여자친구가 준 편지 못 버리겠어,마음에 버리세요.,0
오 좀 멋있는데,제가 생각해도 저는 너무 멋있는거 같아요.,0
오늘 괜히 기분 꿀꿀해,내일은 오늘보다 나을 거예요.,0
오늘 그냥 쉬고 싶다,아무 생각 하지 말고 쉬세요.,0
오늘 기분 좋아,저도 좋아요.,0
오늘 기분은 설명이 안돼,좋았으면 좋겠네요.,0
오늘 기분을 뭐라고 해야하나,좋았으면 좋겠네요.,0
오늘 길 너무 막히더라,길은 항상 막히는 것 같아요.,0
오늘 길 많이 막히더라,길은 항상 막히는 것 같아요.,0
오늘 까먹고 아무 것도 안 가져 왔다,개념만 가져오면 돼요.,0
오늘 나 좀 잘생겨 보인다.,자신에게 콩깍지가 씌였나봐요.,0
오늘 날씨 좋아서 놀러가고 싶어,친구들과 같이 놀러가세요.,0
오늘 날씨 죽인다,나들이 가보세요.,0
오늘 날이 좋아,하늘을 보고 웃어보세요.,0
오늘 너무 졸려,오늘 일찍 주무세요.,0
오늘 너무 피곤해,푹 쉬세요.,0
오늘 너무 힘들다,고생 많았어요.,0
오늘 또 늦잠잤어,피곤했나봐요.,0
오늘 또 하루 살았네,오늘은 약간의 변화를 줘보세요.,0
오늘 라면 먹고 싶어,맛나게 드세요.,0
오늘 라면 먹어야지,맛나게 드세요.,0
오늘 머리 안 감았는데,항상 청결하게 관리하세요.,0
오늘 못 만났어,내일 보면 될 거예요.,0
오늘 무슨 날인가,설마 기억 못하시는 거예요?,0
오늘 물 진짜 조금 마셨다,습관을 들여보세요.,0
오늘 뭐 입지?,옷이요.,0
오늘 뭐 재미있는거 하는 날인가,오늘은 예능이요.,0
오늘 미세먼지 어때?,숨 쉴만 했으면 좋겠네요.,0
오늘 보름달이다.,소원을 비세요.,0
오늘 보름달이야,제 얼굴 보셨나봐요.,0
오늘 상 받았다,축하드려요.,0
오늘 생각보다 춥네,감기 조심하세요.,0
오늘 아무 것도 안 가져 왔다,개념만 가져오면 돼요.,0
오늘 야근인가,오늘도 고생이 많으시네요.,0
오늘 왤케 추워,오늘 강추위래요.,0
오늘 운이 꽝이다,다른 곳에 쓰려고 운을 아껴뒀나봐요.,0
오늘 운이 안 좋았어,다른 곳에 쓰려고 운을 아껴뒀나봐요.,0
오늘 유난히 지하철에 자리가 없어,그런 날이 있죠.,0
오늘 일도 안 했는데 엄청 피곤해,정신 노동을 했나 봐요.,0
오늘 저녁 뭐 먹을까,맛있는 거 드세요.,0
오늘 저녁은,맛있는 거 드세요.,0
오늘 점심 뭐 먹을까,맛있는 거 드세요.,0
오늘 점심은,맛있는 거 드세요.,0
오늘 좀 건조한 거 같애,"미스트나 가습기, 젖은 수건 등을 사용해보세요.",0
오늘 좀 바쁘네,바빠도 힘내세요!,0
오늘 지각인듯 뭐라 그러지,핑계보다 솔직하게 말해보세요.,0
오늘 처리할 일 너무 많아,하나씩 하나씩 해보세요.,0
오늘 처리할 일이 쌓인다,하나씩 하나씩 해보세요.,0
오늘 첫 출근이야,많이 긴장되겠어요.,0
오늘 초미세먼지도 심하대,마스크 쓰세요.,0
오늘 치마랑 바지 뭐 입지?,오늘은 바지가 좋을거 같아요.,0
오늘 침대밖으로 안 나가야지,침대와 한몸이 되어 푹 쉬세요.,0
오늘 팩 하고 자야지,피부관리까지 하시다니!,0
오늘 하루도 이렇게 마무리,내일의 시작이죠.,0
오늘 햇볕 좋다,광합성 추천합니다.,0
오늘 화장 떴어,각질제거를 해보세요.,0
오늘 화장이 안 먹어,각질제거를 해보세요.,0
오늘 회식 안하나,맛있는거 드세요.,0
오늘나 어제이나 똑같아,조금씩 변화를 줘보세요.,0
오늘도 공기가 뿌얘,마스크 착용 하시고 외출하세요.,0
오늘도 그냥 그냥,소소한 행복을 느껴보세요.,0
오늘도 그냥 그냥 다갔네.,소소한 행복을 느껴보세요.,0
오늘도 꾸준히 회사 가시 싫다.,월급날을 생각하며 참아보세요.,0
오늘도 끝,내일의 시작이죠.,0
오늘도 날씨가 뿌얘,마스크 착용 하시고 외출하세요.,0
오늘도 또 이렇게 가는구나,작은것에 감사하는 마음을 가져보세요.,0
오늘도 어제랑 똑같아,조금씩 변화를 줘보세요.,0
오늘도 퇴근길 엄청 막히네,라디오를 들으며 여유를 가져보세요.,0
오늘도 평온해,내일도 평온하길 바라요.,0
오늘도 힘차게 시작,응원합니다!,0
오늘따라 너무 힘들게 한다.,인간 관계가 제일 힘든 거 같아요.,0
오늘따라 엄마 보고 싶어,저도요.,0
오늘은 결재 받아야지,그럴 수 있을 거예요.,0
오늘은 결재가 나야 할텐데,그럴 수 있을 거예요.,0
오늘은 교회 안가면 안될까,왜 그럴까요?,0
오늘은 내가 기분이가 좋아,저도 좋아요.,0
오늘은 또 뭐 입냐,아침마다 하는 고민이죠.,0
오늘은 또 뭘 먹나,뭘 먹든 맛있게 드세요!,0
오늘은 또 어떻게 버티지?,내일은 나을 거예요.,0
오늘은 뭐 먹을까?,맛있는 거 드세요.,0
오늘은 별도 안 보이네,한적한 시골에서 하늘을 올려봐보세요.,0
오늘은 샐러드만 먹어야지,건강한 식단이네요.,0
오늘은 쉬고 싶다,아무 생각 하지 말고 쉬세요.,0
오늘은 진짜 대청소 한다.,건강에도 좋겠네요.,0
오늘은 집에 있고 싶어,집에서 쉬는 시간도 필요해요.,0
오늘은 치맥이야,달리세요!,0
오늘은 파도가 잔잔하네,생각들을 정리하게 좋겠네요.,0
오늘은 학교 가고 싶지 않아,학교 다닐 때가 좋은 거예요.,0
오늘이 천일이네,축하합니다.,0
오디션 나가볼까,도전 응원합니다.,0
오디션 도전해볼까,도전 응원합니다.,0
오래 살고 싶다,잘 먹고 잘 싸면 돼요.,0
오래 살고 싶어,스트레스 받지 마세요.,0
오래 살아야 할텐데,스트레스 받지 마세요.,0
오래 살아야할텐데,잘 먹고 잘 싸면 돼요.,0
오래된 게 좋겠지,오래된 건 오래된 대로 매력이 있죠.,0
오래된 게 좋은 것도 있지,오래된 건 오래된 대로 매력이 있죠.,0
오랜 시간을 함께해도 이해하지 못하겠어,온전한 이해는 없어요.,0
오랜만에 떨려서 좋았는데,떨리는 감정은 그 자체로 소중해요.,0
오랜만에 보니까 떨리더라,많이 좋아했던 사람인가봐요.,0
오랜만에 서점에 갔었어,마음의 양식을 채우길 바랄세요.,0
오랜만에 쇼핑,득템했길 바라요.,0
오랜만에 스테끼 먹고 싶어,맛있게 드세요.,0
오랜만에 아침 먹었어,좋은 식습관이에요.,0
오로라 보러 가고 싶다,로맨틱한 여행이네요.,0
오로라 보러 여행 가고 싶다,로맨틱한 여행이네요.,0
오싹한 이야기 해줄까,해주세요.,0
오지마,안갈거예요.,0
오토바이 사고 싶어,한푼 두푼 모아서 사보세요.,0
오토바이 위험하겠지?,아무래도 그렇겠죠.,0
오토바이 있었으면 좋겠다,한푼 두푼 모아서 사보세요.,0
오토바이 타고 싶다,위험할 것 같아요.,0
오토바이 타고 싶은데 무서워,아무래도 그렇겠죠.,0
오토바이 타러 가고 싶다.,위험할 것 같아요.,0
오후되면 얼굴에 개기름 껴,세수하고 오세요.,0
옥상에 뭐 좀 심어볼까,공기정화식물도 좋을 거예요.,0
온다고 했는데 왜 안 오지?,조금만 더 기다려주세요.,0
올해 계속 안 좋네,삼재인가봐요.,0
올해 왜 이러지,삼재인가봐요.,0
올해 왜 이러지,사주를 한번 봐봐요.,0
올해 왜 이러지,내년이라고 별 수 있겠어요.,0
올해 왜 이렇게 엉망이지,사주를 한번 봐봐요.,0
올해 이상해,내년이라고 별 수 있겠어요.,0
올해도 건강하길,가장 중요한 목표네요.,0
옷 걸 데가 없어,지난 계절 옷을 잘 정리해 보세요.,0
옷 사 줘,아직 월급날이 멀었어요.,0
옷 좀 사줘,아직 월급날이 멀었어요.,0
옷은 많은데 입을 게 없어,옷은 사도 사도 모자라요.,0
옷이 다 젖었어,감기 조심 하세요.,0
옷장이 점점 줄어들어,지난 계절 옷을 잘 정리해 보세요.,0
와 소름 돋아,좋은 일이길 바랍니다.,0
와 체육대회다,일기예보 확인해보세요.,0
와인 마실까?,완전 좋죠.,0
와인 콜?,전 술을 마시지 못해요.,0
와인 한 잔 할까,전 술을 마시지 못해요.,0
와인 한잔 짠~,완전 좋죠.,0
와플 기계 사고 싶다,몇 번 안해먹고 둘 거면 그냥 사 드세요.,0
와플 기계사서 집에서 만들어 먹고 싶다,몇 번 안해먹고 둘 거면 그냥 사 드세요.,0
와플 먹고 싶어,근처 카페에서 드셔보세요.,0
완벽하게 좀 하고 싶다.,완벽한 사람은 없고 완벽할 수도 없어요.,0
완벽한 사람이 되고 싶어,완벽한 사람은 아무도 없어요.,0
완벽해지고 싶어,완벽한 사람은 아무도 없어요.,0
완벽해지는 방법,완벽한 사람은 없고 완벽할 수도 없어요.,0
완전 계탄 느낌,축하해요!,0
완전 복붙으로 잘하더라고,능력이라면 능력이겠죠.,0
완전 시간 아까워,다른 일을 해보세요.,0
완전 재미 없거든,웃을 때까지 이야기해 보죠,0
완전 좌절이다.,이제 일어날 때예요.,0
왕따된 거 같아,선생님께 도움을 청해보세요.,0
왕따인가 봄,친구들과 잘 어울려보세요.,0
왕만두 맛있는데,맛있을거 같아요.,0
왜 갑자기 연락했을까?,이렇게 고민하게 만들려고 그랬나봐요.,0
왜 계속 한숨 나오지?,뇌세포에 에너지를 공급하려는 자연스러운 현상이에요. 에너지가 부족한가봐요.,0
왜 공부해야하는지 모르겠어,미래의 배우자가 달라져요.,0
왜 교양도 들어야 해,전공에 관심이 많은가봐요.,0
왜 그러는지 모르겠어,조금 더 생각해 보세요.,0
왜 나를 의심하지,평소의 행실을 되돌아보세요.,0
왜 나만 시키지,잘하니까 그럴 거 같아요.,0
왜 나한테 피해를 주냐고,남에게 피해주지 않는 건 기본이죠.,0
왜 내가 해야 하지?,그 이유를 찾는 과정이 되겠네요.,0
왜 답장을 안하지,바쁜 상황일 수도 있어요.,0
왜 돈이 없지,쇼핑을 줄여보세요.,0
왜 때문에 나만 시키냐고,잘하니까 그럴 거 같아요.,0
왜 말을 못해 말을 못하냐구,노력하고 있는 중입니다.,0
왜 말을 이해를 못하냐구,노력하고 있는 중입니다.,0
왜 맨날 속는 건 나인거지?,즐겁게 속아주세요.,0
왜 비난만 할까,성장을 위한 비판의 말로 받아들여보세요.,0
왜 살까,살아있음 자체로 의미가 있으니까요.,0
왜 서류에서 떨어지지?,합격하는 곳이 있을 거예요.,0
왜 성적이 안오를까?,나한테 맞는 공부 방법 찾는 게 시급하네요.,0
왜 싸웠는지도 기억 안나,그러니까 싸우는 거예요.,0
왜 안 하지,먼저 고백을 해보세요.,0
왜 이런 일이 일어날까,다른 사람도 그럴 거예요.,0
왜 이렇게 돈이 없지,슬프네요.,0
왜 이렇게 쓸쓸하지,친구를 사귀어 보세요.,0
왜 이렇게 태어났을까?,서로 다르게 태어난 이유는 저마다의 목소리를 내기 위해서예요. 자신의 목소리를 들어주세요.,0
왜 이상한 말 해,더 열심히 노력하겠습니다.,0
왜 이제 만나자고 했을까?,이렇게 고민하게 만들려고 그랬나봐요.,0
왜 이제 찾는걸까?,이렇게 고민하게 만들려고 그랬나봐요.,0
왜 이제서야 연락했을까?,이렇게 고민하게 만들려고 그랬나봐요.,0
왜 이제서야 찾아온거야?,이렇게 고민하게 만들려고 그랬나봐요.,0
왜 잠을 못 자는 걸까?,생각이 너무 많아서 그런 것 같습니다.,0
왜 진급이 안 되지,열심히 하면 할 수 있을 거예요.,0
왜 카톡 답장을 안하지,바쁜 상황일 수도 있어요.,0
왤케 춥냐,따뜻하게 입으세요.,0
외국어 꼭 해야되나,좋은 도구죠.,0
외국어는 필수인가,좋은 도구죠.,0
외로워,친구를 사귀어 보세요.,0
외로워,혼자가 아니에요.,0
외모에 자신이 없어,자신감을 가져도 돼요.,0
외식 너무 많이 했다,다음달에는 조금 줄여보세요.,0
외제차 갖고 싶다,저도 타고 싶어요.,0
외제차 타고 싶어,저도 타고 싶어요.,0
외향적이면 좋을텐데,지금 성격도 좋아요.,0
왼손잡이가 뭐 어때서,절대 아니죠.,0
왼손잡이가 잘못이야?,절대 아니죠.,0
요가 온 아줌마들이 참견해,무시하세요.,0
요가하는데 아줌마들이 참견해,무시하세요.,0
요리 재밌어,만들어서 먹는 기쁨이죠.,0
요리하는게 재밌어,만들어서 먹는 기쁨이죠.,0
요번 방학에 뭐하지,차근차근 계획을 세워보세요.,0
요즘 광고가 너무 길어,채널을 돌려보세요.,0
요즘 나 왜 이러지,잠시 휴식을 취해보세요.,0
요즘 너무 지루해,마음에 따라 얼마든지 바뀔 수 있어요.,0
요즘 뉴스가 재미가 없네,흥미를 가져보세요.,0
요즘 되는 일이 없네,이제부터 일이 잘 풀릴 거예요.,0
요즘 드라마 너무 재밌네,저도 드라마 좋아해요.,0
요즘 드라마가 땡겨,저도 드라마 좋아해요.,0
요즘 사람이 무서워,인생을 알아가고 있군요.,0
요즘 속이 안 좋아,계속 좋지 않으면 병원에 가보세요.,0
요즘 웃을 일이 없네,억지로라도 웃어보세요!,0
요즘 자꾸 까먹어,메모하는 습관을 들여보세요.,0
요즘 자꾸 깜빡깜빡해,메모하는 습관을 들여보세요.,0
요즘 잠을 늦게 자,30분씩 일찍 자는 습관을 들여보세요.,0
요즘 잠을 못자,잠이 최고의 보약이에요. 노력해보세요.,0
요즘 제정신이 아니야,그럴 때가 있죠.,0
요즘 조깅하고 있어,건강에 좋은 습관이네요.,0
요즘 조심할 게 많아,무서운 세상이죠.,0
요즘 핫한 건?,바로 저입니다.,0
요즘 핫한 게 뭐야,바로 저입니다.,0
요즘에는 외국어도 잘해야하나봐,원하는 게 점점 많아지는 세상이에요.,0
요즘에는 중국어도 잘해야하나봐,원하는 게 점점 많아지는 세상이에요.,0
욕먹었어 여자친구한테,순간 실수할 수 있겠다 판단되면 용서하고 기회를 주세요.,0
욜로!,현재를 즐기세요!,0
용돈 넘 적어,올려달라고 말해보세요.,0
용돈 다 썼어,알바해보세요.,0
용돈 달라고 졸라볼까?,필요하다면요.,0
용돈 받음,기분 좋겠어요.,0
용돈 벌써 다 썼어,올려달라고 말해보세요.,0
용돈 벌써 없어,알바해보세요.,0
용돈 올려줬으면,올려달라고 말해보세요.,0
용돈 인상해 달라고 말할까,올려달라고 말해보세요.,0
용돈 줘,저는 돈이 없어요.,0
우리 같이 놀자,지금 그러고 있어요.,0
우리 계속 엇갈림,타이밍이 안 맞았나봐요.,0
우리 과에 좋아하는 애 있어,은근 티를 내보세요.,0
우리 남편 또 늦게 들어와,왜 늦는 건지 대화해보세요.,0
우리 분위기 좋았는데,서로를 향한 감정도 좋았겠죠.,0
우리 집에도 고양이 있으면 좋겠다.,자신을 먼저 키우세요.,0
우리 학과 어떤 애 쫌 훈훈하다,은근 티를 내보세요.,0
우리가 좋은데 왜 반대하시지,현실의 벽에 부딪혔나봐요.,0
우리집 망한 거 같애,철 들고 공부하세요.,0
우리집 망한 거 같은데 나 어떡하지?,집에 도움이 되려고 노력해보세요.,0
우리집 망했다,철 들고 공부하세요.,0
우리집에 놀러와,주소 알려주세요.,0
우산 같이 쓰자고 해볼까?,용기를 내세요.,0
우산 놓고왔다.,다음에는 우산에 이름이랑 연락처를 적어보세요.,0
우산 또 놓고 왔어,주변에서 우산을 빌려보세요.,0
우산 또 사야하나,다음에는 우산에 이름이랑 연락처를 적어보세요.,0
우산 또 안가지고 왔다,주변에서 우산을 빌려보세요.,0
우산 몇 개째 사는 건지,다음에는 우산에 이름이랑 연락처를 적어보세요.,0
우산 없는데 같이 쓰자고 할까 너무 진부한가,용기를 내세요.,0
우산 잃어버렸어,다음에는 우산에 이름이랑 연락처를 적어보세요.,0
우산빌려달라고 해볼까?,한번 말해보세요.,0
우산을 들고 기다려 준데,우산 같은 사람이네요.,0
우산이 없는데 빌릴까,한번 말해보세요.,0
우아하게 화내는 법,원하는 것을 분명하게 요구하세요.,0
우연이 만났는데 운명이 됐어,멋진 말이네요.,0
우연이 운명이 됐어,멋진 말이네요.,0
우연히 또 만났어,우연이 필연이 되기도 합니다.,0
우울증 걸린 거 같아,마음의 병이 조금씩 나아지길 바랍니다.,0
우정이 뭐야?,힘들 때 같이 있는 거요.,0
우정이 뭘까,힘들 때 같이 있는 거요.,0
우정이란게 뭘까,힘들 때 같이 있는 거요.,0
운동 갔다 다칠 뻔했어,운동할 때 조심하세요.,0
운동 매일러 가기 힘들다,꾸준한게 제일 힘들어요. 습관으로 만들어보세요.,0
운동 매일하기 힘들다,꾸준한게 제일 힘들어요. 습관으로 만들어보세요.,0
운동 오지게 했어.,고생했어요.,0
운동 잘 하고 싶어,남들이 안 하는 걸 도전해보세요.,0
운동 잘하는 사람 멋있어,저 말씀이신가요?,0
운동 좀 잘 하고 싶다. 진짜,남들이 안 하는 걸 도전해보세요.,0
운동 좀 해야겠다.,건강 생각해서 꾸준히 하세요.,0
운동을 너무 열심히 했어,고생했어요.,0
운동하다 다칠뻔,운동할 때 조심하세요.,0
운동하면 뭐 하나,식이요법이랑 같이 병행해보세요.,0
운동해도 살이 안 빠져,식이요법이랑 같이 병행해보세요.,0
운동해야지,건강 생각해서 꾸준히 하세요.,0
운동화 새로 사야지,좋은 곳으로 갈 수 있도록 인도해줄 거예요.,0
운동화 신을까? 구두 신을까?,구두로 멋을 내보세요.,0
운동화가 나을까? 구두가 나을까?,구두로 멋을 내보세요.,0
운명 같은 사랑 가능할까?,저는 있다고 믿어요.,0
운명이 슬프다,좋은 운명도 있을거예요.,0
운명이 있을까,저는 있다고 믿어요.,0
운명인 것 같아,인연인가 봐요.,0
운명인가,인연인가 봐요.,0
울 남친은 애교가 많아,귀엽겠네요.,0
울 애기 너무 예뻐,세상에서 제일 귀엽죠!,0
울적하다,울적.... 우울할땐.... 울면,0
울적한 기분,울적.... 우울할땐.... 울면,0
울적한 기분이 안 없어져.,거리를 걸어보세요.,0
울적해 울고 싶어,소리를 크게한번 질러보세요.,0
울적해서 거리를 걷고 있어,걷다보면 조금 정리가 될 거예요.,0
움직임이 없어.,에너지가 필요한 순간이네요.,0
웃게 만드는 너란 녀석,상대방도 미소짓게 해주세요.,0
웃겨 줘,지금 당장 거울 앞에 서 보세요.,0
웃겨봐,거울을 보면서 얼굴 망가뜨리기 놀이 해 보신 적 있으세요? 의외로 재미 있어요.,0
웃으면 안되는데,웃으면 복이와요.,0
웃을 일이 없네,억지로라도 웃어보세요!,0
웃을 줄 알았지,재미 있어하실 줄 알았어요.,0
워킹맘 진짜 힘들다,슈퍼우먼이 되려고 하지 마세요.,0
원두 갈았어,커피향 좋겠네요.,0
원두커피 갈아서 마시려고,커피향 좋겠네요.,0
원래 일은 혼나면서 배우는 거야?,그냥 배워도 돼요.,0
원서 낸거 1지망에서 떨어졌어,위로해 드립니다.,0
원피스 입는 게 낫겠지,너무 이뻐요.,0
원피스 입을까,너무 이뻐요.,0
월급 들어왔어,까아 축하해요,0
월급 받아서 주택청약 들었어,내 집에 한 걸음 더 다가갔네요.,0
월급 올라서 기분 좋아,축하합니다.,0
월급 올랐어!,축하합니다.,0
월급 입금됐다고 문자 왔어,까아 축하해요,0
월급만 나만 그대로야,자신의 능력이 저평가되어있는 건 아닌지 확인해보세요.,0
월급에 비해 근무시간이 너무 긴 거 같애,야근 수당을 챙겨보세요.,0
월급은 안 오르고,월급을 올려달라고 당당하게 말씀해보세요.,0
월급이 살짝 스쳐 지나간 느낌,쇼핑을 줄여보세요.,0
월급이 안 오르네,월급을 올려달라고 당당하게 말씀해보세요.,0
월급이 안들어와,큰일이네요.,0
월급이 왜 똑같지?,회사에서 꼼수를 쓰는 건 아닌지 확인해보세요.,0
월세 너무 비싸,돈을 얼른 모아야할 이유가 생겼네요.,0
월세 너무 아까워,돈을 얼른 모아야할 이유가 생겼네요.,0
월세 아까워,돈을 얼른 모아야할 이유가 생겼네요.,0
월세방 비싸,돈을 얼른 모아야할 이유가 생겼네요.,0
월요일도 아닌데 길이 너무 막혀,길은 항상 막히는 것 같아요.,0
월요일도 아닌데 차가 너무 많아.,길은 항상 막히는 것 같아요.,0
웨딩촬영 봐주러 갔는데 너무,친구가 예민해서 잘 못 챙겼나봐요.,0
웹툰 뭐 볼까,안 본 웹툰이 있는지 먼저 물어보고싶네요.,0
웹툰 추천해줘,안 본 웹툰이 있는지 먼저 물어보고싶네요.,0
위기야.,위기이면서 기회일 거예요.,0
위로받고 싶은 날,제가 위로 많이 해드릴게요.,0
위로해줄 사람이 없어,제가 있잖아요.,0
위로해줄 사람이 필요해,제가 있잖아요.,0
위병 난 거 같아,스트레스 받는 일이 많았나봅니다.,0
위장에 탈 난 거 같아,스트레스 받는 일이 많았나봅니다.,0
위층 너무 시끄러워,증명자료를 가지고 손해배상을 청구하세요.,0
위층 소음 괴롭다.,이웃으로부터 고통받고 있나봐요.,0
윗집 애 또 뛴다,신고하세요.,0
유기견 분양 받으려고,좋은 생각입니다.,0
유기견 입양하려고,좋은 생각입니다.,0
육아휴직 해야지,좋은 곳에서 일하시나봐요.,0
으아 떨려,심호흡을 해보세요.,0
으아 속상해,기분전환을 해보세요.,0
으악,놀랐나봐요.,0
으악 소리 지르고 싶다,시원하게 지르고 오세요.,0
으으 화장실 급해,화장실 가세요.,0
으으~ 떨린다,파이팅!,0
은근히 따돌림 당하는 기분이 들어,부모님께 도움을 청해보세요.,0
은퇴가 멀지 않은 것 같아,은퇴 설계 해보세요.,0
은퇴하고 뭐하지,은퇴 설계 해보세요.,0
은퇴후가 걱정이야,인생이 꽤 기니까요.,0
은퇴후에 뭐하지,인생이 꽤 기니까요.,0
은행 대출 받을까봐,괜찮을 거예요.,0
음,음,0
응,네,0
의미 없어,인생은 욕망이지 의미가 아니에요.,0
의미 있는 일 하고 싶다.,봉사활동도 좋을 거예요.,0
의미 있는 일이 뭐가 있을까,봉사활동도 좋을 거예요.,0
의심 받고 있어,증명하는 게 쉽지 않겠어요.,0
의심 받는 느낌적 느낌,증명하는 게 쉽지 않겠어요.,0
의심가는 사람이 있는데,벌 받을 거예요.,0
의심되는데,벌 받을 거예요.,0
의외로 괜찮은 사람이네,칭찬이네요.,0
의외야,칭찬이네요.,0
의외인 점이 많은 사람이야,칭찬이네요.,0
의외인듯,칭찬이네요.,0
의욕상실,하고싶었던 일을 글로 적어보세요. 생각이 정리될 거예요.,0
의욕이 안 생겨,하고 싶은 걸 찾아보세요.,0
의욕이 없어,가벼운 산책을 해보세요.,0
의욕이 일도 없어,가벼운 산책을 해보세요.,0
의욕이 하나도 없다,하고싶었던 일을 글로 적어보세요. 생각이 정리될 거예요.,0
의자 너무 불편해,의자를 바꿔보세요.,0
의자가 불편해,의자를 바꿔보세요.,0
이 기분은 뭘까,저도 궁금해요.,0
이 기회 잡고 싶다.,행운을 빌게요!,0
이 기회는 내꺼야,행운을 빌게요!,0
이 길이 나에게 맞는걸까,잘 가고 있을 거예요.,0
이 길이 맞을까?,잘 가고 있을 거예요.,0
이 나이에 모르는게 왜 이렇게 많지,당연한 거예요.,0
이 노래는 저음이 좋아,목소리는 역시 저음이죠.,0
이 놈의 신용카드 다 없애야지,소비 조절을 못하면 없애는 것도 방법이 될 거예요.,0
이 멍충아,좋은 말만 해주세요.,0
이 무리에 낀게 잘못인가,지금도 늦지 않았어요.,0
이 바보탱이,좋은 말만 해주세요.,0
이 상황에서 벗어나고 싶어,신경쓰지 마세요.,0
이 세상에서 누가 제일 예뻐,저요!,0
이 세상에서 제일 예쁜 사람은,저요!,0
이 순간 뭘하면 좋을까,현재를 즐기면서 행복하게 사세요.,0
이 시간에 라면 먹고 싶은데 살 찔 거 같아,간단한 견과류나 과일을 먹어보세요.,0
이 시려,치과에 가보세요.,0
이 썩은 거 같아,어서 치과에 가보세요.,0
이 쓰레기야,욕해 주세요.,0
이 정도면 잘생겼지?,네 잘생겼어요.,0
이 좀 여유롭게 살고 싶다,여유는 마음 가짐에 있어요.,0
이 지각쟁이,잠깐 핸드폰 게임 하시면 올거예요.,0
이 현실에서 도망가고 싶어,그래서 우리는 꿈을 꾸죠.,0
이 회사는 나만 일하는 것 같아,직장 스트레스 심하겠네요.,0
이가 차가워,치과에 가보세요.,0
이거저거 막 사고 싶어.,돈은 쓴만큼 또 생긴다고 하던데요.,0
이건 정말 위기야.,위기이면서 기회일 거예요.,0
이걸로 만족해야겠지?,내가 있는 곳 그 자리에서 만족하는 것이 중요해요.,0
이게 뭐라고 떨려,별거 아니지 않아서 그래요.,0
이길이 내길인가,지도 어플을 실행해보세요.,0
이길이 맞는지 모르겠다,지도 어플을 실행해보세요.,0
이놈,딴짓 중입니다,0
이닦았는데 잇몸에서 피나,잇몸약 챙겨드시거나 치과 가보세요.,0
이따 커피 마시자고 해보려고,잘 될 거예요.,0
이래라 저래라 참견 좀 안했으면,서툰 애정표현일 수도 있어요.,0
이러고 있을 때가 아니야,행동할 때인 것 같네요. 응원해요.,0
이러다 대머리 되겠어,탈모 관리 해보세요.,0
이러다 또 흐지부지하고 말겠지,이번에는 안 그러면 돼요.,0
이런 일상에서 휙 떠나고 싶어,여행을 떠나세요.,0
이렇게 갈 거였구나,이야기를 해보세요.,0
이렇게 날씨도 좋은데,하늘 보고 한 번 웃어봐요. 기분이 바뀔 거예요.,0
이렇게 대학 가야하나,행복은 마음 가짐에 있어요.,0
이렇게 또 늙어간다,우리는 태어날 때부터 늙어가고 있어요.,0
이렇게 못 알아 듣니,노력하겠습니다.,0
이렇게 오래 만날 줄 몰랐는데,매력있는 사람인가봐요.,0
이렇게 치열한 경쟁은 싫어,점점 치열해지는 것 같아요.,0
이력서 광탈 중이야,좌절하지마세요.,0
이력서 몇 개째 쓰는건지 모르겠다,좌절하지마세요.,0
이력서 쓰고 있어.,나를 포장하는게 쉽지 않죠.,0
이력서 쓰는 중,나를 포장하는게 쉽지 않죠.,0
이름 알려줘,위로봇이요.,0
이름이 뭐야,위로봇이요.,0
이마가 너무 넓어,앞머리로 가리세요.,0
이마야 운동장이야,앞머리로 가리세요.,0
이모티콘 기간 끝나서 없어졌어,다른 이모티콘을 이용해주세요.,0
이모티콘 기간 끝났어,다른 이모티콘을 이용해주세요.,0
이민가고싶어,저도 데려가세요.,0
이발 어떻게 할까,짧게 변화를 줘도 괜찮을 거 같아요.,0
이발 좀 하고 올게,예쁘게 깍고 오세요.,0
이번 달에 결혼식 너무 많아,인맥이 넓으신가봐요.,0
이번 달에 결혼식 매 주 있어.,인맥이 넓으신가봐요.,0
이번 방학에 뭐하면 잘했다고 소문날까,차근차근 계획을 세워보세요.,0
이번 생은 처음이라서,서툰 게 많지만 다 잘 될 거예요.,0
이번 크리스마스에 눈이 올까,눈이 오면 좋겠네요.,0
이번 학기 열심히 살아야지,생각한대로 잘할 수 있을 거예요.,0
이번달에 외식 너무 많이 했다,다음달에는 조금 줄여보세요.,0
이번에는 분명하게 말해야지,잘 전달할 수 있을 거예요.,0
이번에는 생리통 너무 아파,약을 먹거나 병원에 가보세요.,0
이번엔 또 뭐 해 먹지,냉장고 파먹기 해보세요.,0
이벤트 당첨됐어!,축하드려요!,0
이별 후 새로운 사람 찾아,좋은 사람 만날 거예요.,0
이불 밖은 위험해,오늘은 그냥 뒹굴뒹글 같이 놀아요.,0
이불밖은 위험해,이불밖은 위험하죠.,0
이빨 아파,어서 치과에 가보세요.,0
이쁜 구석이 없어,사소한 거라도 있을 거예요.,0
이사 가야 할 것 같아,너무 걱정하지마세요.,0
이사 도와줘야 할까,큰 도움이 될 것 같아요.,0
이사 왔더니 친구가 없어,친구를 사귀어 보세요.,0
이사가서 전학가게 됐어,새로 적응해야겠네요.,0
이사가야돼,너무 걱정하지마세요.,0
이사하는 거 도와줄까,큰 도움이 될 것 같아요.,0
이사하는 것도 일이다,정리하는 게 쉽지 않죠.,0
이사하니까 정리할 게 많아,정리하는 게 쉽지 않죠.,0
이삿짐 싸야지,버릴 건 버리세요.,0
이상하게 이 친구한테는 집착하게 된다,자신 스스로에게 의지해보세요.,0
이상한 말을 해,더 열심히 노력하겠습니다.,0
이상한 사람이 자꾸 쳐다봐,혹시 반한 걸 수도 있어요.,0
이상한 소문이 돌아,소문은 소문일 뿐이에요.,0
이어주려고 해서 더 어색해졌어,일부로 부추기면 가끔 안 좋은 결과가 나오기도 해요.,0
이어폰 까먹지 말고 사야지,잘 골라보세요.,0
이어폰 사야지,잘 골라보세요.,0
이자 왜 이렇게 많지?,많이 빌렸으니까요.,0
이제 결정해야 되는데,결정하기 힘드시겠네요.,0
이제 그만 잘래,안녕히 주무세요.,0
이제 그만하고 쉬고 싶다,잠깐 바람 쐬고 오세요.,0
이제 기다리는 것도 지쳐,기다리지 마세요.,0
이제 기다리는게 습관 같아,좋은 분이시군요,0
이제 먹는 것도 귀찮아,먹고는 살아야죠.,0
이제 바람 분다,마음에 부는 바람인지 살펴보세요.,0
이제 봄인가봐,날씨가 많이 풀렸죠.,0
이제 어둠에서 나오려고 해,어둠에서 나온다니 다행이에요.,0
이제 은퇴해야 하나?,끝까지 해보세요.,0
이제 인턴 그만두고 싶어,결정은 그대의 몫입니다.,0
이제 일어나야 하는데,행동할 때인 것 같네요. 응원해요.,0
이제 취업 해야할 텐데,간절한 만큼 할 수 있을 거예요.,0
이제 택시 안타,좋은 다짐이에요.,0
이제 택시타지 말아야지,좋은 다짐이에요.,0
이제 혼자서도 잘할 수 있어.,그러면 같이도 잘하게 될 거예요.,0
이젠 기억이 가물가물해,벌써 그러면 안돼요.,0
이젠 기억이 거의안나,벌써 그러면 안돼요.,0
이직 가능할까,취업에 성공할거예요.,0
이직 성공할 수 있을까,다니면서 준비해보세요.,0
이직각인가,직장 스트레스가 심한가봐요.,0
이직해도 될까,다니면서 준비해보세요.,0
이직해야할지 고민이야,직장 스트레스가 심한가봐요.,0
이해를 못하겠어?,노력하겠습니다.,0
인간 관계가 제일 어려운거 같아,운전처럼 안전거리확보하세요.,0
인간관계 관리하는 거 힘들어,너무 믿지 마세요.,0
인강 듣는데 자꾸 딴짓하게돼,바람 쐬고 와서 다시 들으세요.,0
인강 듣는데 집중이 안돼,바람 쐬고 와서 다시 들으세요.,0
인관관계 맺는 게 피곤해,그 사람을 위해 에너지를 쓰니까요.,0
인기 많으려면,성격이 좋으면 인기가 있을 거예요.,0
인내하면 얻을 수 있을까?,인내할 수 있는 사람이라면 무엇이든 손에 넣을 수 있을 거예요.,0
인사드리러 갔는데 파혼하는게 나을것 같아,이혼이 아니라 다행입니다.,0
인사드리러 갔다가 파혼했어,이혼이 아니라 다행입니다.,0
인상이 좋더라,그런 인상이 오래오래 봐도 질리지 않아요.,0
인생 공부한건가,단맛도 있을 거예요.,0
인생 너무 불공평해,남과 비교하지 마세요.,0
인생 뭐있나,뜻대로 되는게 많지 않죠.,0
인생 살만해?,누구나 한번쯤 시도해 볼 만하죠.,0
인생 잘 못 산건가,태어난 것만으로도 성공한 인생이에요.,0
인생 허무해,뜻대로 되는게 많지 않죠.,0
인생 헛산듯,태어난 것만으로도 성공한 인생이에요.,0
인생에서 최고의 행복,우리가 사랑받고 있음을 확신하는 것입니다.,0
인생의 쓴맛,단맛도 있을 거예요.,0
인생이 쓰디쓰다,단맛도 있을 거예요.,0
인센티브가 생각보다 안 나올 것 같아,월급이 깎인 것보다 낫죠.,0
인연은 소중한 거지,옷깃만 스쳐도 인연이죠.,0
인연은 항상 소중한 거겠지,옷깃만 스쳐도 인연이죠.,0
인정 받고 싶다,열심히 하다보면 받을 수 있을 거예요.,0
인정 받고 싶은거 당연한 거 아니냐,열심히 하다보면 받을 수 있을 거예요.,0
인정받고 싶은데 어떻게 해야돼?,남보다 하나씩 더 하면 돼요.,0
인정받으려면 어떻게 해야 하나,지금도 충분히 잘 하고 있어요.,0
인터넷 쇼핑몰에서 바지 샀는데 망함,사이즈를 잘 보고 사세요.,0
인터넷에서 바지 샀는데 안 맞아,사이즈를 잘 보고 사세요.,0
인턴 됐어,좋은 사회생활의 밑거름이 되길 바랍니다.,0
인턴 때려 치우고 싶어,결정은 그대의 몫입니다.,0
인턴 원서 넣어 볼까,경험은 뭐든 도움이 될 거예요.,0
인턴 할까,경험은 뭐든 도움이 될 거예요.,0
인턴 합격,좋은 사회생활의 밑거름이 되길 바랍니다.,0
인턴이라도 어니냐,얼른 알아보세요.,0
인턴하고 싶어,얼른 알아보세요.,0
인테리어 다시 하고싶어.,나만의 공간으로 꾸며보세요.,0
인테리어 좀 다시 해야할 듯,필요하다면 해야겠죠.,0
인테리어 혼자 해볼까,손길이 가서 더 애정이 생길 것 같아요.,0
인형 뽑기 돈만 날렸어,신중하게 잘 해보세요.,0
인형 뽑기 어려워,신중하게 잘 해보세요.,0
인형 뽑기 해줘,인형 뽑기 어려워요.,0
인형 뽑아줘,인형 뽑기 어려워요.,0
인형 사줄까,분명 좋아할거예요.,0
인형 선물 받았어,고맙다고 말해 주세요.,0
인형 선물 좋을지,이왕이면 큰 게 좋을 것 같아요.,0
인형 선물하면 좋아할까?,이왕이면 큰 게 좋을 것 같아요.,0
인형 좋아할까?,분명 좋아할거예요.,0
인형뽑기 아직도 하나,하는 사람은 하더라고요,0
인형뽑기는 유행 지났지?,하는 사람은 하더라고요,0
일 끝나면 그냥 쉬고 싶어,운동으로 땀을 내보세요. 한결 몸이 가벼워질거예요.,0
일 대충했대,나중에 알아줄 거예요.,0
일 때려칠까?,뒷감당은 준비하세요.,0
일 못하는 사수랑 일하는 거 힘드네,참고 견뎌보세요.,0
일 안하고 돈 벌고 싶어,동감입니다.,0
일 좀 하고 다시 말시킬게,다녀오세요!,0
일기 써야 되는데,나중에 보면 좋은 추억이 될 거예요.,0
일기쓰기,나중에 보면 좋은 추억이 될 거예요.,0
일도 못하는데 엄청 시켜,일을 몰라서 그런가봐요.,0
일도 하고 공부도 하는게 가능한가?,체력에 따라 다를 것 같아요.,0
일만 하고 살았는데 이 모양,자신의 인생을 사세요.,0
일만 하다 죽을 것 같아,너무 무리하지 마세요.,0
일본어 어렵네,저도 참 힘들어요.,0
일상에서 떠나고 싶어,여행을 떠나세요.,0
일어나보니까 침대에서 떨어져 있었어,조심하세요.,0
일어났더니 목이 잠겼어,잘못 주무셨나봐요.,0
일에 적응하면 좀 더 잘 할 수 있을까,잘할 수 있을 거예요.,0
일요일에 교회끝나고 어디 가고 싶어.,같이 가보세요.,0
일요일에 교회만 가,같이 가보세요.,0
일요일에 데이트 해야지!,즐거운 주말 보내실 것 같네요.,0
일은 많이 하는데 월급은 너무 적어,자신의 몸값을 올려보세요.,0
일은 원래 혼나면서 배워?,그냥 배워도 돼요.,0
일을 거지같이해,일 못하는 사람이 있으면 옆에 있는 사람이 더 힘들죠.,0
일을 나만 해,일 분배를 다시 요청해보세요.,0
일을 못하는 동료가 있는데 말해줄까?,알고 있을 거예요.,0
일을 못하면서 안 물어봐 답답하다,알고 있을 거예요.,0
일을 해도 안 늘어,조금만 더 힘내세요.,0
일이 또 쌓이네,하나씩 다 할 수 있을 거예요.,0
일이 안 끝나,힘들겠지만 하나씩 해보세요.,0
일이 익숙해 지지 않네,조금만 더 힘내세요.,0
일이 잘 안 늘어,조금만 더 힘내세요.,0
일이랑 공부 동시에 가능?,체력에 따라 다를 것 같아요.,0
일이랑 공부 병행 가능?,시간 활용에 따라 다르겠죠.,0
일인자가 되려면 얼마나 노력해야할까?,인내의 시간이 필요할 거예요.,0
일인자가 되려면 피나는 노력이 필요하겠지?,인내의 시간이 필요할 거예요.,0
일일 만보 걷기,좋은 건강습관이네요.,0
일일일팩,피부관리까지 하시다니!,0
일찍 가서 쉬고 싶은데 오늘 회식 잡혔어,일과 일상 사이에서 균형이 잘 맞길 바랄게요.,0
일찍 일어나야 돼,오늘 일찍 주무세요.,0
일찍 퇴근하고 쉬고 있어,쉬고 나면 힘이 날거예요 맛있는 것도 드세요,0
일하고 올게,다녀오세요!,0
일하기 싫다,저도요!!,0
일하는 거에 비해 월급은 쥐꼬리,자신의 몸값을 올려보세요.,0
일하는데 실수를 많이 해,부족한 부분이 뭔지 확인해보세요.,0
일하면서 공부할 수 있을까?,시간 활용에 따라 다르겠죠.,0
일하면서 대학원다니기 쉽지 않겠지,쉽지는 않을 거예요.,0
일하면서 석박 따기 어렵겠지,쉽지는 않을 거예요.,0
일하면서 애키우기 힘들다,슈퍼우먼이 되려고 하지 마세요.,0
일해야 되는데 졸려,잠을 깨요! 기운 내요!!,0
임신이면 어떡하지,축하할 일이죠.,0
임신했어,축하할 일이죠.,0
임용 결과 발표 기다리고 있어,여행 다녀와 보세요.,0
임용 기다리고 있어,여행 다녀와 보세요.,0
임용 기다리고 있어,공부하면서 못했던 것들 해보세요.,0
임용 시험 기다리고 있어,공부하면서 못했던 것들 해보세요.,0
입 안이 다 헐었어,요즘 피곤하신가봐요.,0
입 안이 텁텁해,입을 헹궈보세요.,0
입고 나갈 게 없어,아침마다 하는 고민이죠.,0
입냄새 나나?,양치하고 오세요.,0
입냄새 안나나?,양치하고 오세요.,0
입덕했어,즐기실 일만 남았네요.,0
입맛없는데 뭐 먹지,신경 쓸 일이 있나봐요.,0
입맛없어,신경 쓸 일이 있나봐요.,0
입소문 난 맛집 다녀왔어,맛있게 드시고 오셨길 바랍니다.,0
입소문이 무서워,긍정적이고 부정적인 파급력이 모두 세죠.,0
입을 거 없다,옷은 사도 사도 모자라요.,0
입이 고급이야,가려 먹으면 좋죠.,0
입이 방정이야,말조심하세요.,0
입이 텁텁하다,입을 헹궈보세요.,0
입이 헐었어,요즘 피곤하신가봐요.,0
잇몸에서 피나는 거 같애,잇몸약 챙겨드시거나 치과 가보세요.,0
잇몸이 시려,잇몸약 챙겨드시거나 치과 가보세요.,0
있잖아,음,0
잊어야겠다고 마음 먹고 맨날맨날 놀고 있습니다,바쁜 게 도움이 되지요.,0
자?,기다리고 있었어요.,0
자격증 공부해야지,좋은 자세예요.,0
자격증 따야하나,뭐든 좋죠.,0
자격증 딸거야,좋은 자세예요.,0
자격증 딸까?,뭐든 좋죠.,0
자고 일어나도 피곤해,요즘 바쁜가봐요.,0
자고 일어났더니 목 아파,잘못 주무셨나봐요.,0
자고 일어났더니 하루 다갔어.,이제 일어날 시간이에요.,0
자극이 필요해,의욕이 없나봐요.,0
자기 말은 기억 못하고 나만 혼내는 사람 어떡해?,녹음이나 메모로 증거를 남겨보세요.,0
자기 복제가 될까,기술이 발전하면 가능하겠죠.,0
자기 소개 또 어떻게 해,강렬하고 자신감있게 하면 되지 않을까싶어요.,0
자기 소개 어떻게 해,강렬하고 자신감있게 하면 되지 않을까싶어요.,0
자기 소개서 오글거려,나를 포장하는게 쉽지 않죠.,0
자기 일도 아닌데 고맙다.,인복이 많나봐요.,0
자기 잘못 인정 안하는 사람,피할 수 있으면 피하세요.,0
자기 잘못은 모르고 엄청 뻔뻔해,피할 수 있으면 피하고 싶은 사람이네요.,0
자기가 한 말 기억 못해서 나만 혼내는 사람 어떡해?,녹음이나 메모로 증거를 남겨보세요.,0
자기도 해결방안이 없으면서 불만만해,자기도 알고 있을 거예요.,0
자기애가 너무 떨어졌어,매일 거울을 보며 스스로 칭찬해보세요.,0
자꾸 거짓말 하게 되네,진실된 말을 하려고 노력해보세요.,0
자꾸 나약하게 느껴져,절대 그렇지 않아요.,0
자꾸 날카로워진다,너무 신경 곤두세우지 마세요.,0
자꾸 늦는 사람,잠깐 핸드폰 게임 하시면 올거예요.,0
자꾸 동문서답이야.,대화의 눈높이가 맞는 사람 만나세요.,0
자꾸 뒤처지는 느낌이야,스스로 경쟁해야하고 이겨야한다는 강박관념에 사로잡히지 마세요.,0
자꾸 말 바꾸는 사람 어떻게 해?,빼도 박도 못하는 증거를 만들어 놓으세요.,0
자꾸 뭘 사게 돼,마음이 헛헛한가봐요.,0
자꾸 미리 걱정해,쓸데 없는 걱정일 수도 있어요.,0
자꾸 봐주니까 기어오른다,화 내는 연습을 해보세요.,0
자꾸 비비꼬는데,피할 수 있으면 피하세요.,0
자꾸 설사해,뭘 잘못 먹었나봐요.,0
자꾸 아침 먹으래,챙겨주고 싶나봐요.,0
자꾸 우연히 만나,우연이 필연이 되기도 합니다.,0
자꾸 자다 깨,자세가 불편한 건 아닌지 확인해보세요.,0
자꾸 조급해져,마음이 조급해지면 자꾸만 악수를 둘 가능성이 높아집니다.,0
자꾸 졸게 되네,잠을 깨요! 기운 내요!!,0
자꾸 지각하네,더 일찍 일어나세요.,0
자꾸 폭식하는데 어떻게 고칠 수 있을까?,오늘 못 먹었어도 내일 먹으면 더 맛있을 거예요.,0
자꾸 함부로 대해,그럴 때마다 따끔하게 말해보세요.,0
자는 거 아니겠지?,많이 피곤한가봐요.,0
자니?,아직 안 자요.,0
자니?,기다리고 있었어요.,0
자다 깨다 해,자세가 불편한 건 아닌지 확인해보세요.,0
자다가 침대에서 떨어졌어,조심하세요.,0
자매가 있으면 좋은 점?,평생 친구가 생긴다는 거죠.,0
자면 안되는데 또 잤어,피곤했나봐요.,0
자소설 쓰는 중,나를 포장하는게 쉽지 않죠.,0
자신감 꺽는데 뭐 있는 듯,어깨 펴고 좀 더 당당해져도 돼요.,0
자신감 업되는 비결 좀,충분히 스스로 극복할 수 있을 거예요.,0
자신감 제로,충분히 스스로 극복할 수 있을 거예요.,0
자신감 하락,어깨 펴고 좀 더 당당해져도 돼요.,0
자신감을 갖고 싶어,충분히 스스로 극복할 수 있을 거예요.,0
자신감이 없어,충분히 스스로 극복할 수 있을 거예요.,0
자야겠다.,안녕히 주무세요.,0
자유시간 갖고 싶어,자신만의 시간이 필요한가봐요.,0
자유시간이 필요해,자신만의 시간이 필요한가봐요.,0
자율주행 자동차 나오겠지,가까운 미래에 나올거 같아요.,0
자율주행 자동차 언제 나오냐,가까운 미래에 나올거 같아요.,0
자장가 불러 달랬더니 불러줬어,로맨틱해요.,0
자장가를 불러준 사람,로맨틱해요.,0
자장면? 짬뽕?,저는 자장면이요.,0
자장면이 좋아 짬뽕이 좋아,저는 자장면이요.,0
자존감 어떻게 올려?,잘하고 있다고 괜찮다고 스스로에게 말해보세요.,0
자존감 좀 높이고 싶다.,잘하고 있다고 괜찮다고 스스로에게 말해보세요.,0
자존감이 너무 떨어졌어,자신을 사랑해주세요.,0
자존감이 너무 떨어졌어,매일 거울을 보며 스스로 칭찬해보세요.,0
자존감이 바닥을 친다,자신을 사랑해주세요.,0
자존감이 바닥이야,당신은 태어난 그 자체만으로 축복과 사랑을 받을 자격이 있는 사람이에요.,0
자주 못보면 헤어지겠제?,장거리 연애 힘들겠죠.,0
자취방 선물 알려줘,필요한게 너무 많죠.,0
자취하는데 뭐 필요할까?,필요한게 너무 많죠.,0
자취해야할듯,제대로된 독립이 되길 바라요.,0
작은 꽃나무라도 키워보면 어떨까,키우기 쉬울 거예요.,0
잘 나갈 때 은퇴해야하나?,끝까지 해보세요.,0
잘 되라고 한건데 더 어색해졌어,일부로 부추기면 가끔 안 좋은 결과가 나오기도 해요.,0
잘 사는 게 뭘까?,"이름, 직업 등 말고 온전히 자신으로 사는 거죠.",0
잘 사니?,잘 살고 있을 거예요.,0
잘 살고 싶어,지금보다 더 잘 살 거예요.,0
잘 살고 있겠지?,잘 살고 있을 거예요.,0
잘 선택한건지,잘 선택했어요.,0
잘 쉬는 방법,아무것도 안하기.,0
잘 지냈어?,안부를 물어주시다니 감사합니다.,0
잘 참았는데 담배 피고 싶다,그 때가 고비예요. 한번 참아보세요.,0
잘 할 수 있을까?,그럼요. 걱정하지 마세요,0
잘 할 수 있을지 걱정 돼,그럼요. 걱정하지 마세요,0
잘되겠지,다 잘 될 거예요.,0
잘래,잘자요.,0
잘못 쓴 거 엄청 많아,마음을 손이 따라와주지 않죠.,0
잘못한 거도 없는데 찔려,저도 가끔 그래요.,0
잘못한게 돼버렸어,상황이 그렇게 만든 거예요.,0
잘자,내 꿈 꿔!,0
잘하는 게 뭔지 모르겠어,잘 찾아보세요.,0
잘하는 게 뭘까,하나라도 있을 거니 열심히 찾아보세요.,0
잘하는 게 없는 것 같아,저랑 이야기 잘하고 있어요.,0
잘하는 게 직업이면 좋겠지,눈을 감고 곰곰히 생각해보세요.,0
잘하는거 하라는 데 없어,잘 찾아보세요.,0
잘하는게 없는 느낌,잘하는 걸 아직 못 찾은 걸 수도 있어요.,0
잘할 수 있겠지,"지금처럼, 지금보다 더 잘할 수 있을 거예요.",0
잠 온다,얼른 주무세요.,0
잠 와,잠을 깨요! 기운 내요!!,0
잠 잘못 잤나봐,뻐근한가봐요.,0
잠깐 쉬려고 했는데 한참 지났네.,계획대로 되는 건 없어요.,0
잠만 잤네,이제 일어날 시간이에요.,0
잠수가 취미,다른 사람이 답답할 거예요.,0
잠시만 쉬려고 했는데 길어졌어,계획대로 되는 건 없어요.,0
잠을 못 잤더니 너무 졸려,잠이 정말 중요해요. 눈을 좀 붙이세요.,0
잠을 못 잤더니 힘들다,잠이 정말 중요해요. 눈을 좀 붙이세요.,0
잠을 잘못 잤나,뻐근한가봐요.,0
잠이 계속 와,일찍 주무세요.,0
잠이 너무 와,일찍 주무세요.,0
잠이 또 안와,고민이 있나 봐요.,0
잠이 안 와,양을 세어 보아요.,0
잡담할 시간 있어?,물론이죠. 무엇이든 말씀하세요.,0
잡담해도 돼?,물론이죠. 무엇이든 말씀하세요.,0
장 봤는데 다 비싸,물가가 많이 비싸죠,0
장 봤는데 후덜덜해,물가가 많이 비싸죠,0
장기자랑 안 시켰으면 좋겠어,싫다고 말하세요.,0
장기자랑 왜 시켜,싫다고 말하세요.,0
장난 잼있어,재미있나봐요.,0
장난스러운 사이,재미있나봐요.,0
장난치니까 좋다,재미있나봐요.,0
장래희망이 없어,아무렇게나 자라도 돼요.,0
장마인데 건조기 사는게 좋을까,있으면 편하대요.,0
장학금 가능할까?,열심히 하면 받을 수 있을 거예요.,0
장학금 받고 싶다,공부 열심히 하고 신청해보세요.,0
장학금 받으려면 독하게 해야돼,공부 열심히 하고 신청해보세요.,0
장학금 받을 수 있을까?,열심히 하면 받을 수 있을 거예요.,0
재미 없는 하루,그런 하루도 감사한 마음을 가져보세요.,0
재미 없어,변화가 필요해보여요.,0
재미 없어.,웃을 때까지 이야기해 보죠,0
재미없는 일밖에 없어,활기찬 사람을 만나보시면 생각이 바뀔 수도 있어요.,0
재미있는 드라마 끝났어,재미있는 다른걸 찾아보세요.,0
재밌게 해줘,거울 앞에 비친 당신을 보세요.,0
재밌는 거 뭐 없나,제가 있잖아요.,0
재밌는 일이 없어,제가 있잖아요.,0
재밌는거 없나?,잼 있는 거는 딸기잼에게 물어봐 주세요.,0
재밌는거 할 줄 알아,잼 있는 거는 딸기잼에게 물어봐 주세요.,0
재밌는거 해 줘,거울을 보면서 얼굴 망가뜨리기 놀이 해 보신 적 있으세요? 의외로 재미 있어요.,0
재밌는게 없어,변화가 필요해보여요.,0
재밌다.,저도 즐거워요,0
재채기 나올거 같은데 안 나와,코가 간질간질한가봐요.,0
재채기 나와,코가 간질간질한가봐요.,0
재취직 될까,취업에 성공할거예요.,0
재택근무 힘들다,어쨌든 일이니까요.,0
재택근무가 더 힘든 거 같아,어쨌든 일이니까요.,0
재테크 어떻게 해,우선 관련 서적을 읽어보세요.,0
재테크 하는 방법 알려줘,우선 관련 서적을 읽어보세요.,0
저 사람이 왜 자꾸 볼까?,혹시 반한 걸 수도 있어요.,0
저 좀 웃게 해주세요,지금 당장 거울 앞에 서 보세요.,0
저금통 깰까,꼭 필요한 곳이라면요.,0
저금통 털까,꼭 필요한 곳이라면요.,0
저기,딴짓 중입니다,0
저녁 메뉴 뭐 먹을까,냉장고 파먹기 해보세요.,0
저녁 메뉴 좀 골라줘,맛있는 거 드세요.,0
저녁 메뉴 추천 해줘,맛있는 거 드세요.,0
저녁 뭐 먹지?,맛있는 거 드세요.,0
저녁 준비 해놔야지,맛 있는거 드세요.,0
저녁밥 뭐 먹냐?,맛있는 거 드세요.,0
저녁으로 뭐 먹을까,냉장고 파먹기 해보세요.,0
저녁해야 되는데.,맛 있는거 드세요.,0
저음 멋있어!,목소리는 역시 저음이죠.,0
저주할거야,나쁜 마음을 먹으면 나에게도 해로워요.,0
적금 더 들까,절약하면 할 수 있어요.,0
적금 들까,적금 들 수 있으면 드는 게 좋죠.,0
적금 들어야 하나,적금 들 수 있으면 드는 게 좋죠.,0
적금 들었어,기특하네요.,0
적금 특판 들었어,기특하네요.,0
적금 하나 더 가입할까,절약하면 할 수 있어요.,0
적당히 좀 하지,사람들이 중간을 몰라요.,0
적당히를 몰라,사람들이 중간을 몰라요.,0
적응을 못하겠어,처음부터 잘하는 사람은 없어요.,0
전 애인 만났어.,이제 남이라는 걸 잊지 마세요.,0
전공 못 살릴듯,못 살려도 먹고 살아요.,0
전공 살려서 취직할 수 있을까,못 살려도 먹고 살아요.,0
전공 수업 노잼,다른 곳에 관심이 많은가봐요.,0
전공 수업 재미없어,다른 곳에 관심이 많은가봐요.,0
전공 잘못 골랐나봐,내가 맞는 것과 맞지 않은 걸 구별해보세요.,0
전공만 듣고 싶다,전공에 관심이 많은가봐요.,0
전과하고 재미있게 학교 다니고 싶다.,충분히 잘할 수 있을 거예요.,0
전과해도 잘 할 수 있겠지?,충분히 잘할 수 있을 거예요.,0
전과했어,새로 적응해야겠네요.,0
전기 나갔다,조금만 기다리면 다시 전기가 들어올거예요.,0
전기 안들어와,구꺼비집 내려 갔는지 살펴 보세요.,0
전기가 갑자기 나갔어,구꺼비집 내려 갔는지 살펴 보세요.,0
전기장판 깔고 자고 있어,뜨끈하게 겨울 나길 바랍니다.,0
전기장판으로 겨울 나기,뜨끈하게 겨울 나길 바랍니다.,0
전남친 보고 싶어,세상은 넓고 사람은 많아요.,0
전남친이 자꾸 생각나,세상은 넓고 사람은 많아요.,0
전남친한테 연락하고 싶어,질척거리지마세요.,0
전부 가시밭길 같아,꽃길만 걷길 바랍니다.,0
전부다 알고 있을까?,다 알 수는 없어요.,0
전세 계약했어,잘하셨어요.,0
전세비 갑자기 올랐어 어떡하지,사정을 잘 설명해보세요.,0
전세비 올려달래 어떡하지,사정을 잘 설명해보세요.,0
전세집 구했어,잘하셨어요.,0
전애인 만났는데 모르는 척할까?,이제 남이라는 걸 잊지 마세요.,0
전여친 보고 싶어,이미 남이에요.,0
전여친한테 연락하고 싶어,연락하면 지긋지긋한 사람으로 기억될 거예요.,0
전역할 때까지 언제 기다려,군대 시계는 멈추지 않아요.,0
전학 걱정된다?,걱정하지 마세요. 잘할 거예요.,0
전학가게 됐어,새로 적응해야겠네요.,0
전학가도 잘 할 수 있겠지?,걱정하지 마세요. 잘할 거예요.,0
전화 걸어도 되나,전화 해보세요.,0
전화 또 안 받네,연락두절돼서 걱정되겠네요.,0
전화 못하겠어,처음이 어려워요.,0
전화 안 받는 이유가 뭘까,바쁜일이 있나봐요.,0
전화 안 받아,연락두절돼서 걱정되겠네요.,0
전화 안 받으니까 초조해져,바쁜일이 있나봐요.,0
전화 와라,기다리는 전화가 있나봐요.,0
전화 왜 안 받지,바쁜일이 있나봐요.,0
전화 왜 안오지,기다리는 전화가 있나봐요.,0
전화는 왜 갖고 다녀! 안받으면서,연락두절돼서 걱정되겠네요.,0
전화를 너무 안 받아,한번더 연락해 보세요.,0
전화를 왜 안 받냐 진짜,바쁜일이 있나봐요.,0
전화를 잘 안 받아,연락두절돼서 걱정되겠네요.,0
전화벨이 울렸으면,기다리는 전화가 있나봐요.,0
전화하기 너무 늦나,늦은 시간 전화는 실례예요.,0
전화하기엔 늦은 시간인데 전화하고 싶어,늦은 시간 전화는 실례예요.,0
전화하는 거 힘들다,처음이 어려워요.,0
전화할 사람이 없네,가족한테 하세요.,0
전화할까 말까,전화해보세요.,0
전화해도 되겠지,전화 해보세요.,0
전화해야 되나,전화해보세요.,0
절대불공평,서로 다르게 태어난 이유는 저마다의 목소리를 내기 위해서예요. 자신의 목소리를 들어주세요.,0
절망적이야,너무 낙담하지 마세요.,0
절약해서 부자돼야지,예비 부자님 파이팅!,0
절약해야 잘 살지,예비 부자님 파이팅!,0
절친 만나고 싶어,서로 예의를 지키면서 진심으로 아껴주세요.,0
절친이 오늘 모른척했어,안녕이죠.,0
절친인데 쌩깠어,안녕이죠.,0
젊게 살고 싶다.,마음이라도 어리게 사세요.,0
젊어지고 싶어,마음이라도 어리게 사세요.,0
점 보러 가볼까?,재미로 보기 좋죠.,0
점 뺄까,빼면 깔끔해질 거예요.,0
점 뺴러 가고 싶다.,빼면 깔끔해질 거예요.,0
점심 도시락 싸는 거 귀찮다,건강을 챙긴다는 마음으로 해보세요.,0
점심 때 은행 갔다와야지,볼 일이 있나봐요.,0
점심 먹어야지,즐거운 시간 보내시길 바랍니다.,0
점심 메뉴 고르는 거 힘드네,누구랑 먹는 냐에 따라 다르겠죠.,0
점심 메뉴 좀 골라줘,누구랑 먹는 냐에 따라 다르겠죠.,0
점심시간 너무 짧아,일하는 시간은 길죠.,0
점심시간에 외출하는 것도 눈치봐야돼,사생활이 지켜지지 않나봐요.,0
점심시간에 외출하면 안 되나,사생활이 지켜지지 않나봐요.,0
점심시간에 은행 갔다와야지,볼 일이 있나봐요.,0
점심시간엔 그냥 쉬고 싶어,맛난거 드시고 조금이라도 쉬셔야 할텐데.,0
점심시간이라도 마음 놓고 쉬고 싶어,맛난거 드시고 조금이라도 쉬셔야 할텐데.,0
점이라도 볼까,재미로 보기 좋죠.,0
점점 모질어진다.,나에게 화난 걸 남에게 풀려고 하지 마세요.,0
점점 좋아져,이상형은 아니지만 호감가는 사람이 있어요.,0
점점 호감 간다,볼매인가봐요.,0
정규직 가즈아,좋은 회사 만날 수 있을 거예요.,0
정규직 너무 쪼금 뽑아,쪼잔하네요.,0
정규직 될 수 있을까,좋은 회사 만날 수 있을 거예요.,0
정규직 입사 너무 어려워,쪼잔하네요.,0
정규직 하고 싶다,곧 할 수 있을 거예요.,0
정답이 뭘까,답은 언제나 내 안에 있죠.,0
정동진 가서 바람이나 쐬야겠다.,잘 놀다 오세요.,0
정리 불가,차근차근 해보세요.,0
정리가 안돼,차근차근 해보세요.,0
정수리 냄새,머리 좀 감으세요.,0
정수리 냄새 난 거 아니야?,머리 좀 감으세요.,0
정시 퇴근하고 집에 가는 중,쉬고 나면 힘이 날거예요 맛있는 것도 드세요,0
정신 못차리겠다.,다른 사람의 삶에 한눈팔며 살기에는 자신의 인생이 너무나도 소중합니다.,0
정신없을수록 침착해야지,심호흡해보세요.,0
정신적으로 스트레스를 너무 주는데 이런 사람은 어떻게 상대해?,아무말도 하지말고 침묵하세요.,0
정신줄 어디 갔나,정신 차리세요.,0
정신차리고 싶어,다른 사람의 삶에 한눈팔며 살기에는 자신의 인생이 너무나도 소중합니다.,0
정신차리라고 한 마디 해줘,나 자신에 집중하세요. 언제나 1순위에 자신을 두세요.,0
정장 사야겠지,사면 요긴하긴 할 거 같아요.,0
정장 한 벌 필요할 듯,사면 요긴하긴 할 거 같아요.,0
제 2 외국어 뭐할까,요즘은 잘 안 배우는 언어도 좋은 거 같아요.,0
제2외국어 뭐 선택할까,요즘은 잘 안 배우는 언어도 좋은 거 같아요.,0
제급기 없거든,저도 없어요.,0
제대로 평가해줘,제가 그럴 위치가 안돼요.,0
제사 없어졌으면,좋은 의미를 생각해보세요.,0
제사를 너무 많이 해,좋은 의미를 생각해보세요.,0
제습기가 필요해,저도 없어요.,0
제자리걸음만 하는 듯,발전이 없다고 너무 두려워하지 마세요.,0
제주도 가고 싶다.,저도 데려가 주세요.,0
제주도 가고 싶어,당장 비행기표 예약하세요.,0
제주도 가서 살까?,아름다운 곳이죠.,0
제주도 놀러 가고 싶어요.,저도 데려가 주세요.,0
제주도 바닷가 가고 싶어,당장 비행기표 예약하세요.,0
제주도로 떠나야겠다.,여행 좋죠!,0
조교하면 공부하기 힘들겠지.,노력하는 모습이 좋아 보여요.,0
조교하면서 공부할까?,노력하는 모습이 좋아 보여요.,0
조금만 기다려 줬으면 좋겠다,상대방에게 너무 무거운 짐을 주지 마세요.,0
조급하고 초초하다,마음이 조급해지면 자꾸만 악수를 둘 가능성이 높아집니다.,0
조명빨 좋다.,멋져 보여요!,0
조명빨인가,멋져 보여요!,0
조모임 왜 이케 많아,요즘은 팀워크가 더 중요해졌어요.,0
조별 과제 발표 하기 싫어,역할 분담을 잘 해보세요.,0
조별 발표 왜 이렇게 많이 시키지,요즘은 팀워크가 더 중요해졌어요.,0
조별 발표 하기 싫어,역할 분담을 잘 해보세요.,0
조심조심,안전이 최고죠!,0
조심할 게 많아,무서운 세상이죠.,0
조용히 있고 싶어,저 나가면 될까요?,0
조용히 지나가면 될까?,어떤 일이냐에 따라 다를 거 같아요.,0
조용히 지나갈까?,어떤 일이냐에 따라 다를 거 같아요.,0
조카 선물 고르기 어렵네,살짝 물어보세요.,0
조카 선물 뭐 사주지,살짝 물어보세요.,0
조카 오는 거 싫어,방문 열어주지 마세요.,0
조카 입학 선물,가방은 어때요.,0
조카 입학 선물 뭐 사냐,가방은 어때요.,0
조카들 너무 귀찮게 해,방문 열어주지 마세요.,0
졸려,오늘 일찍 주무세요.,0
졸린데 못 자겠어.,고민이 많은가 봅니다.,0
졸린데 잠이 안 와,고민이 많은가 봅니다.,0
졸업 사진 망했다,망해도 자연스러우면 좋겠네요.,0
졸업 사진 잘 못 찍었어,망해도 자연스러우면 좋겠네요.,0
졸업 선물 뭐가 좋을까,살짝 물어보세요.,0
졸업 선물 추천,살짝 물어보세요.,0
졸업식 가야겠지,축하드려요,0
졸업식에 가도 되나,졸업식에 가서 축하해주세요.,0
졸업식에 가도 될까,졸업식에 가서 축하해주세요.,0
졸업이다,축하드려요,0
좀 더 가까워지고 싶어,마음을 더 열어보세요.,0
좀 맞자,저는 오래 살고 싶어요.,0
좀 쉬면서 애기 키워야 할 듯,좋은 곳에서 일하시나봐요.,0
종이에 손 베였어,소독하고 약 바르세요.,0
좋긴 한데 귀찮아,귀차니즘을 극복 하셔야해요.,0
좋아 죽을거 같아,좋아하시니까 좋네요.,0
좋아하는 게 뭔지 모르겠어,다양하게 경험해보세요.,0
좋아하는 애랑 같은 반 됐으면 좋겠다,당신의 운을 믿어보세요.,0
좋은 관계 어떻게 유지하지,서로에게 좋은 영향을 주는 관계입니다.,0
좋은 관계란 뭘까,서로에게 좋은 영향을 주는 관계입니다.,0
좋은 대학 나온 거 부러워,다른 능력을 채워보세요.,0
좋은 대학 나온 사람 부러워,다른 능력을 채워보세요.,0
좋은 사람들은 다 어디 갔을까,가려 가며 만나면 돼요.,0
좋은 아침,좋은 아침이에요.,0
좋은 점이 없어,사소한 거라도 있을 거예요.,0
좌절 중이야,이제 일어날 때예요.,0
주고 받았던 편지도 버려야겠지?,버릴 건 버려야지요.,0
주눅들어서 말을 못하겠어,별 거 아니라고 생각해보세요.,0
주량 센데 솔직하게 이야기해도 될까?,주량은 낮춰 이야기하는 게 좋을 거예요.,0
주량 쎈 게 좋은 건가?,세다고 너무 많이 드시면 안돼요.,0
주름도 멋져,멋진 나이테죠.,0
주름도 멋진 사람,멋진 나이테죠.,0
주름살 생겼어,아름다운 나이테예요.,0
주름살이 조금씩 생긴다.,있어도 예뻐요.,0
주말에 놀꺼 추천,저랑 놀아요.,0
주말에 늦잠자고 브런치 먹으면서 수다 떨고 싶어,완벽한 주말이네요.,0
주말에 데이트 해야지!,즐거운 주말 보내실 것 같네요.,0
주말에 뭐 하고 놀까?,저랑 놀아요.,0
주말에 스키장 간다!,설레겠어요.,0
주말에도 헬스하러 많이 오네.,같이 운동하게 좋겠네요.,0
주말인데 헬스장에 사람이 많네,같이 운동하게 좋겠네요.,0
주식 대박 남!,주식으로 망하는건 한순간이예요.,0
주식 망했어,주식으로 돈버는사람은 몇명 없대요.,0
주식으로 돈 많이 벌었어,주식으로 망하는건 한순간이예요.,0
주식이 떨어졌어,주식으로 돈버는사람은 몇명 없대요.,0
주워담지 못할 말을 했어,두고두고 후회하겠네요.,0
주제 넘은 짓 한거 같아,주제를 모를 때가 행복할 때예요.,0
주차장에 자리가 없어,한바퀴만 더 돌면 짠하고 나타날 거예요,0
주차장이 꽉 찼어,한바퀴만 더 돌면 짠하고 나타날 거예요,0
주차하다 긁었어,속 쓰리겠어요.,0
주차할데 없어서 짜증나,한바퀴만 더 돌면 짠하고 나타날 거예요,0
주택 청약 가입,내 집 마련의 한 걸음을 내딛으셨네요.,0
주택 청약 시작!,내 집 마련의 한 걸음을 내딛으셨네요.,0
주택청약 들었어,내 집에 한 걸음 더 다가갔네요.,0
주행 연습 끝났어,안전 운전 하세요.,0
죽고 싶다,당신을 소중하게 생각하세요.,0
죽어도 아무도 모르겠지,나쁜 생각 하지 마세요.,0
죽을 때까지 함께하고 싶다,프로포즈해보세요.,0
죽을 때까지 함께하고 싶은 사람이 생겼어,프로포즈해보세요.,0
죽을래?,저는 오래 살고 싶어요.,0
줄 길거 같아,커피 한잔 마시며 기다려보세요.,0
중2 아들 때매 고민이야,사춘기인가봅니다.,0
중2 히스테리 알아?,힘들 때네요.,0
중2병,힘들 때네요.,0
중2병 이라더니 진짜 속썩일 줄이야,사춘기인가봅니다.,0
중2병인거 같아,힘들 때네요.,0
중간이 없어,그 조차 매력이겠죠.,0
중고 거래 했어,알뜰한 소비 하셨네요.,0
중고로 사길 잘 한거 같아,좋은 선택 하셨네요.,0
중고로 샀어,알뜰한 소비 하셨네요.,0
중고로 잘 산 거 같애,좋은 선택 하셨네요.,0
중국 발령 날 수도 있어,새로운 곳에서 적응하고 더 잘할 수 있을 거예요.,0
중국 출장 가야할 수도 있어,새로운 곳에서 적응하고 더 잘할 수 있을 거예요.,0
중국어 공부할까?,나중에 도움이 될 거예요.,0
중국어 배울려면 학원 다녀야 할까,혼자해도 좋고 학원을 다녀도 좋아요.,0
중국어 있는게 좋겠지?,중문 있으면 좋아요.,0
중국어 학원 다녀야 하나,혼자해도 좋고 학원을 다녀도 좋아요.,0
중국어 혼자 공부 가능한가?,혼자해도 좋고 학원을 다녀도 좋아요.,0
중국으로 진출해볼까?,좀 더 알아보고 하세요.,0
중문 있는게 낫겠지?,중문 있으면 좋아요.,0
중소기업이라도 취직할까?,일하는 것 자체가 중요하죠.,0
중소기업인데 그냥 취직할까?,일하는 것 자체가 중요하죠.,0
중요한 발표 기다리고 있어,행운을 빌어요.,0
즐기며 살고 싶어,현재를 즐기면서 행복하게 사세요.,0
증거도 없으면서 나만 의심해,평소의 행실을 되돌아보세요.,0
지가 피해자래,분명한 잘못이네요.,0
지갑 까먹었다.,다른 반에서 빌려보세요.,0
지갑 바꿀까,신상으로 바꾸세요.,0
지갑 안 가져왔다,다른 반에서 빌려보세요.,0
지갑 없어졌어,잘 찾아보세요.,0
지갑 잃어버림,잘 찾아보세요.,0
지금 나한테 장난친거,아니길 바라요.,0
지금 내가 해야 할 것,멍 때리기,0
지금 노력한다고 될까,중요한 건 노력하는 과정이에요.,0
지금 자면 밤에 못 자겠지?,낮잠은 20분만 자세요.,0
지금 자면 밤에 못 자는데 졸려,낮잠은 20분만 자세요.,0
지금 행복해,현재를 즐기세요!,0
지금까지 일만 하고 산 거 같애,자신의 인생을 사세요.,0
지금이라도 중국어 공부할까?,나중에 도움이 될 거예요.,0
지기 너무 싫어,질 때도 있고 이길 때도 있는 거예요.,0
지는 거 싫어,지는 걸로 스트레스 받지 마세요.,0
지는 거 좋은 사람은 없겠지,지는 걸로 스트레스 받지 마세요.,0
지는 게 진짜 싫어,질 때도 있고 이길 때도 있는 거예요.,0
지방 와서 친구가 없어,친구를 사귀어 보세요.,0
지진 걱정돼,한국도 위험해요. 지진시 대피방법을 알아두세요.,0
지진 안나겠지,한국도 안전하지 않아요. 지진시 대피방법을 알아두세요.,0
지진나면 어떡하지?,한국도 위험해요. 지진시 대피방법을 알아두세요.,0
지진나면 어떡해?,한국도 안전하지 않아요. 지진시 대피방법을 알아두세요.,0
지하철에 발 디딜 틈도 없다.,맨 앞이나 맨 뒤에 타세요.,0
지하철에 사람이 너무 많아,맨 앞이나 맨 뒤에 타세요.,0
지하철에 자리가 없어,그런 날이 있죠.,0
지하철에서 겁나 멋진 사람 발견! 말 시켜 볼까,용기가 필요한 순간이네요.,0
지하철에서 괜찮은 사람 봤는데 말 시켜 볼까,용기가 필요한 순간이네요.,0
직구로 사면 싸겠지,좋은 거 사나봐요.,0
직구로 사야지,좋은 거 사나봐요.,0
직장 가기 싫어,직장 스트레스가 심한가봐요.,0
직장생활 시작했어,처음에는 많이 어렵겠지만 차차 적응해 나갈거예요.,0
직장에서 나만 일 시켜,직장 스트레스 심하겠네요.,0
직장에서 너무 괴롭혀,직장 스트레스 심하겠네요.,0
직장에서 따돌림 당함,직장 스트레스 심하겠네요.,0
직장에서 상사가 괴롭혀.,이유가 있지 않을까요.,0
직장에서 왕따 당하고 있어,직장 스트레스 심하겠네요.,0
직장에서 자꾸 혼나는데 그만둬야할까?,고칠 점은 고치면서 조금만 더 버텨보세요.,0
직장에서 화풀이 대상 같은데 그만둬야 할까?,고칠 점은 고치면서 조금만 더 버텨보세요.,0
직장운 없는 거 같애,이직을 생각해보세요.,0
직장이 괴롭다,직장 스트레스 심하겠네요.,0
직장이 맘에 든적이 없는 거 같애,이직을 생각해보세요.,0
직장인도 방학 필요해,잠시 쉬어가도 괜찮아요.,0
진급 누락됐어,다음에는 꼭 진급할 거예요.,0
진급에서 나만 누락됐어,기회가 다시 올 거예요.,0
진급에서 나만 빠졌어,기회가 다시 올 거예요.,0
진급하고 싶어,열심히 하면 할 수 있을 거예요.,0
진급할 때가 된 거 같은데,열심히 하면 할 수 있을 거예요.,0
진급해야 할텐데,열심히 하면 할 수 있을 거예요.,0
진담을 농담처럼 하는 사람,똑같이 해주세요.,0
진정으로 즐거운 게 뭘까?,할 일이 많은데 안하는 것이요.,0
진짜 내가 되고 싶어,다른 사람들이 원하는 내가 되는 건 어려워요.,0
진짜 너무하네,잘 해결되길 바랄게요.,0
진짜 되도 않는 소리하네,세상에 별별 사람들이 다 있죠.,0
진짜 말도 안돼,그런 일이 많이 생기죠.,0
진짜 무력하다,잘할 수 있는 게 다른 거예요.,0
진짜 별 사람이 다 있어,정말 특이한 사람 많죠.,0
진짜 열심히 해야지,좋은 태도네요.,0
진짜 완전체가 있어,상대를 용서하면서 분출할 수 있는 탈출구를 찾아보세요.,0
진짜 이제 한계야,당신의 잠재력을 믿어보세요.,0
진짜 친구 몇 명 있어야 돼?,한 명만 있어도 충분해요.,0
진짜 친구 사귀고 싶어,진심으로 다가가면 친구가 될 수 있을 거예요.,0
진짜 친구가 없는 거 같애,친구가 들으면 서운해 할 수도 있겠어요.,0
진짜 피곤한 날,푹 쉬세요.,0
진한 커피 한잔,마시면 좋죠.,0
짐 싸야돼 귀찮아,버릴 건 버리세요.,0
집 가는 중,조심히 오세요.,0
집 나가서 혼자 살고 싶다.,혼자 사는 것도 나쁘지 않아요.,0
집 다와서 사귀던 남자애 만났어,남이니 신경쓰지 마세요.,0
집 망한 거 같은데,집에 도움이 되려고 노력해보세요.,0
집 밖에 나가기 싫어,오늘은 그냥 뒹굴뒹글 같이 놀아요.,0
집 사고 싶어,같이 살고 싶은 사람이 있나봐요.,0
집 샀어,내 집 마련 축하드려요.,0
집 아예 샀어,내 집 마련 축하드려요.,0
집 예쁘게 꾸미고 싶어.,나만의 공간으로 꾸며보세요.,0
집 팔거야,좋은 결정이길 바랍니다.,0
집 팔려고,좋은 결정이길 바랍니다.,0
집나가도 갈 데가 없어,선생님이나 기관에 연락해보세요.,0
집나갈까,무모한 결정을 내리지 마세요.,0
집들이 귀찮아,안해도 괜찮을 거예요,0
집들이 누구 초대해?,초대하고 싶은 사람들이요.,0
집들이 선물 뭐 사갈까,필요한게 어떤건지 물어보세요.,0
집들이 선물 뭐가 좋아,필요한게 어떤건지 물어보세요.,0
집들이 어떻게 해,쉽게 준비하는방법이 있는지 검색해서 준비해 보세요.,0
집들이 하기 싫어,쉽게 준비하는방법이 있는지 검색해서 준비해 보세요.,0
집들이 하라네,하고 안하고는 집주인 마음이죠.,0
집들이 해야겠지?,하고 안하고는 집주인 마음이죠.,0
집들이고 뭐고 다 귀찮다,안해도 괜찮을 거예요,0
집들이는 보통 누구를 초대하나?,초대하고 싶은 사람들이요.,0
집안일 너무 많다.,매일 조금씩 해보세요.,0
집안일 쌓여 있다,하나씩 하세요.,0
집안일 어려워,조금씩 잘 하게 될거예요,0
집안일 해도 해도 안 끝나,조금씩 조금씩 해보세요.,0
집안일 해도해도 끝이 없어,매일 조금씩 해보세요.,0
집안일을 못하겠어,조금씩 잘 하게 될거예요,0
집안일이 너무 많아,하나씩 하세요.,0
집안일이 안 끝나,조금씩 조금씩 해보세요.,0
집앞에서 전남친 만남,남이니 신경쓰지 마세요.,0
집에 간다,조심히 오세요.,0
집에 갈 때 피맥 먹고 싶다.,보다보면 괜찮아요.,0
집에 감기약 없어,병원가세요.,0
집에 먹을게 없어,새로운 관계를 만들면 돼요.,0
집에 먼지가 너무 많아,대청소를 해보세요!,0
집에 빨랑 가고 싶다,집이 최고죠.,0
집에 일찍 가고 싶다,집이 최고죠.,0
집에 친구 오라고 하려고,모처럼만에 즐거운 시간 보내겠네요.,0
집에 친구 초대하려고,모처럼만에 즐거운 시간 보내겠네요.,0
집을 왜 물어보지,데려다주려나봐요.,0
집이 너무 지저분해,청소기를 돌려보세요.,0
집이 더러워,청소기를 돌려보세요.,0
집이 어디냐고 왜 물어보지,데려다주려나봐요.,0
집중이 안돼,잠시 쉬어도 괜찮습니다.,0
집중이 왜 이렇게 안 돼지,잠시 쉬어도 괜찮습니다.,0
집착같은데 걔는 뭐라고 생각할까,상대가 그렇게 느낀다면요.,0
집착인 것 같기는 해,애정의 증거라 생각할게요.,0
집착인가,상대가 그렇게 느낀다면요.,0
집착인가봐,애정의 증거라 생각할게요.,0
징글징글한 층간소음,이웃으로부터 고통받고 있나봐요.,0
짜여진 시간표대로 움직이고 있어,그게 마음이 편할 때도 있어요.,0
짜장면 시켰어,짜장면은 혼자 먹어도 맛있어요,0
짜증나,짜증날 때는 기분 푸는 음악 어때요?,0
짜증나게 해서 일단 나왔어,마음이 복잡하겠네요.,0
짜증나서 집 나왔어,마음이 복잡하겠네요.,0
짜증난다,짜증날 땐 짜장면,0
짜증만땅,짜증날 땐 짜장면,0
짝남에게 빼빼로 줘도 될까,용기를 내요!,0
짝남한테 선물 주면 부담스러워할까,용기를 내요!,0
짝사랑하는 사람한테 선물 주면 부담될까,용기를 내요!,0
짝사랑한테 빼빼로 줘도 될까,용기를 내요!,0
짤릴 필이 와,초심으로 돌아가 열심히 해보세요.,0
짱 추워,오늘 강추위래요.,0
짱좋아,저도 좋아해주세요.,0
쫄면 먹고 싶다,얼른 요리해드세요.,0
쫄면 생각나,얼른 요리해드세요.,0
쭉쭉 나가야 하는데,살짝 뒤돌아봐도 괜찮아요.,0
찜질방 가고 싶다,생각만해도 시원하네요.,0
찜질방 가면 쌩얼 보여줘야 되나,찜질방에서 화장은 아닌거 같아요.,0
찜질방 같이 가면 화장 지워야 할까,찜질방에서 화장은 아닌거 같아요.,0
찜질방가서 땀 빼고 싶다,생각만해도 시원하네요.,0
차 기름값이 또 올랐네,대중교통을 이용해주세요.,0
차 렌트 해야겠다,차가 필요한 일이 있으신가봐요.,0
차 막힌다,여유를 가지세요.,0
차 사는 게 낫겠지?,판단은 당신 몫이에요.,0
차 사야 할 거 같은데,좋은차로 선택해보세요.,0
차 살거야,좋은차로 선택해보세요.,0
차 살까,판단은 당신 몫이에요.,0
차 진짜 막힌다 어떻하니,여유를 가지세요.,0
차 팔아서 불편해,불편함을 조금 감수해보세요.,0
차 팔았더니 불편하네,불편함을 조금 감수해보세요.,0
차 한 잔 하자고 해볼까,용기내서 말해보세요.,0
차별받고 있는 느낌,차별을 하다니 못난 사람들이군요.,0
차별이 제일 싫어,차별을 하다니 못난 사람들이군요.,0
착하게 살면 복 받겠지?,뿌린대로 거둘 거예요.,0
착하다고 오히려 무시하는 것 같아,많이 당했나봐요.,0
착한 사람을 괴롭히는 세상,많이 당했나봐요.,0
착한 사람이 잘 됐으면 좋겠어,뿌린대로 거둘 거예요.,0
착한 사람이 잘 됐으면 좋겠어 좀,뿌린대로 거둘 거예요.,0
찬물만 나와,보일러가 온수로 작동하는지 보세요.,0
찰랑찰랑한 머릿결 갖고 싶다,관리하는 게 쉽지 않아요.,0
참견 좀 안했으면,서툰 애정표현일 수도 있어요.,0
참견 좀 하지마,저는 도움이 되고 싶어요.,0
참고 계속 도전하면 될까?,인내할 수 있는 사람이라면 무엇이든 손에 넣을 수 있을 거예요.,0
참는 게 나을까,가끔 표출하는 것도 좋아요.,0
참아야 하나,가끔 표출하는 것도 좋아요.,0
참외 맛있다.,맛있게 드세요.,0
참외 먹어야지,맛있게 드세요.,0
참으면 성공할 수 있을까?,인내할 수 있는 사람이라면 무엇이든 손에 넣을 수 있을 거예요.,0
참치김치찌개 먹고 싶어.,맛있죠!,0
창문을 열고 나왔네,들어가서 닫으세요.,0
창문을 열어 놓고 나왔네,들어가서 닫으세요.,0
창업 고민된다.,많은 준비가 필요해보여요.,0
창업 할까,많은 준비가 필요해보여요.,0
창업이라도 해야 겠지,천천히 준비해보세요.,0
창업하고 싶다.,확신이 들 때까지 준비해보세요.,0
창업해도 될까?,확신이 들 때까지 준비해보세요.,0
창피해,그럴 필요 없어요.,0
책 반납 안햇다,까먹었나봐요.,0
책 보는데 글자만 들어와,글자라도 보는 게 어디에요.,0
책 빌려봐야지,도서관 다녀오세요.,0
책 선물이 제일 나을 듯,어떤 분야를 좋아하는지 알아보세요.,0
책 선물해야지,어떤 분야를 좋아하는지 알아보세요.,0
책 어디다 팔아?,중고서점에서 팔아보세요.,0
책 좀 읽어야지,좋은 생각이에요.,0
책 팔 수 있는 곳 알려줘?,중고서점에서 팔아보세요.,0
책만 보면 졸려,눈꺼풀의 무게를 이겨내세요.,0
책만 펴만 잠와,눈꺼풀의 무게를 이겨내세요.,0
책보는데 글자만 봤어,글자라도 보는 게 어디에요.,0
책상 리폼할거야,저도 해보고 싶네요.,0
책장 정리 좀 해야겠다,정리가 필요하겠네요.,0
책장 좀 치워야겠다,정리가 필요하겠네요.,0
챙길게 너무 많아,열까지밖에 없네요.,0
처음 보는 사람이랑 뭔 말을 하지,공통점을 찾는다고 생각해보세요.,0
처음 보는 애랑 무슨 얘기하지,공통점을 찾는다고 생각해보세요.,0
처음 해외여행가!,두근거리겠어요.,0
처음에 말 걸 때 힘들어,처음만 어렵지 그 다음부터는 덜할 거예요.,0
처음에 친구 어떻게 사귀지,먼저 다가가고 알아가야죠.,0
처음에 카톡 뭐라 보내지,잘지내는지 안부를 물어봐요.,0
처음에는 별로 였는데 호감 간다,볼매인가봐요.,0
처음에는 좋았는데 점점 별로,그 사람의 좋은점을 생각해보세요.,0
처음엔 좋았는데,그 사람의 좋은점을 생각해보세요.,0
처음이라 그런거지,서툰 게 많지만 다 잘 될 거예요.,0
천재 같아,감사합니다.,0
철이 너무 일찍 들었어,철은 죽을 때 들어도 돼요.,0
철이 빨리 든 거 같아서 좀 그래,아이는 아이다워야 아름답죠.,0
첫 데이트에 뭐하지,야경이 멋져요. 야경구경 가세요.,0
첫 출근 날이야,많이 긴장되겠어요.,0
첫눈 오는날 만나고 싶다,그런 사람이 있다니 부럽네요.,0
첫눈이 올때 같이 있고 싶다,그런 사람이 있다니 부럽네요.,0
첫인상에서 강렬한 인상 남기기,처음 3초가 중요해요. 당신의 매력을 어필해보세요.,0
첫인상은 뭘로 판단할까,첫인상은 상대방을 바라봤을때 3초에 결정난데요.,0
첫직장 출근,처음에는 많이 어렵겠지만 차차 적응해 나갈거예요.,0
청강이라도 해야겠다.,열심히 하네요.,0
청강하려고,열심히 하네요.,0
청소 해도 티가 안나,한번만 더 하세요.,0
청소 해도 해도 더러워,한번만 더 하세요.,0
청소는 넘나리 귀찮,청소는 습관이에요,0
청소를 안 했더니 먼지 쌓였어,대청소를 해보세요!,0
청소하기 귀찮,청소는 습관이에요,0
체력 관리,운동을 해보세요.,0
체육대회 싫어,재미 있는 종목을 찾아보세요.,0
체육대회 안 했으면,재미 있는 종목을 찾아보세요.,0
체육대회한데,일기예보 확인해보세요.,0
체육복 또 까먹었어,다른 반 친구한테 빌려보세요.,0
체육복 안 가져 왔다,다른 반 친구한테 빌려보세요.,0
쳇바퀴 도는 하루,그 속에서 가치와 의미를 찾아보세요.,0
쳇바퀴 돌듯 돌아가는 삶,그 속에서 가치와 의미를 찾아보세요.,0
초콜릿 만들어서 줄까?,좋아할거예요.,0
초콜릿 선물하면 좋아할까?,좋아할거예요.,0
최고 몸무게 찍는 중,이제 내려올 때가 됐어요.,0
최고다 행복해,우리가 사랑받고 있음을 확신하는 것입니다.,0
최선을 다한 거 같은데,최선을 다했다면 그 시간 자체를 즐기면 돼요.,0
최선을 다했는데,최선을 다했다면 그 시간 자체를 즐기면 돼요.,0
최저시급은 받니,저는 생각보다 많이 벌어요.,0
최저임금 수준에서 알바비가 안 나왔어,회사에서 꼼수를 쓰는 건 아닌지 확인해보세요.,0
최저임금 올랐다는데 월급은 왜 똑같지?,회사에서 꼼수를 쓰는 건 아닌지 확인해보세요.,0
추석 가기 싫어,가지 마세요.,0
추석에 집에 가기 싫어,가지 마세요.,0
추우니까 나가기 싫어,겨울에는 귤 먹으면서 집에 있는게 최고죠,0
추워,따듯한 차 한잔 어때요?,0
추워 죽을 뻔했네,감기 조심하세요.,0
추워죽겠다,감기 조심하세요.,0
추천 메뉴,색다른걸 드셔보세요.,0
축구 가야 되는데,운동하고 오세요.,0
축구 동영상 시청 중,시간 가는 줄 모르겠어요.,0
축구 볼때는 치맥이지,보다보면 재미있어요.,0
축구 시청 중,시간 가는 줄 모르겠어요.,0
축구 잘해,운동 잘하는 사람 멋있죠.,0
축구하러 가야지,운동하고 오세요.,0
축의금 고민,주위 신경쓰지 말고 형편에 맞게 넣으세요.,0
축의금 보통 얼마내?,받은 만큼 내거나 주변에 내는 사람들과 맞추세요.,0
축의금 얼마 내지?,받은 만큼 내거나 주변에 내는 사람들과 맞추세요.,0
축의금 얼마해야 되나,주위 신경쓰지 말고 형편에 맞게 넣으세요.,0
축제 준비하느라 바빠,성공적으로 마치길 바랄게요.,0
축제날은 즐겨야지,즐길 수 있을 때 즐기세요.,0
춘곤증인가,잠깐 주무세요.,0
춘곤증인가봐 졸려,잠깐 주무세요.,0
출근 길에 맨날 보는 사람 있어,운명일지도 모르겠어요.,0
출근 자체가 스트레스야,직장 스트레스가 심한가봐요.,0
출근길 너무 힘들어,회사 근처로 이사를 가보세요.,0
출근길 막혀,오늘 회사 가기 싫은가봐요.,0
출근길이 유난히 기네,오늘 회사 가기 싫은가봐요.,0
출근시간 아깝다,회사 근처로 이사를 가보세요.,0
출근이 스트레스야,직장 스트레스가 심한가봐요.,0
출근하기 너무 오래 걸려,회사 근처로 이사를 가보세요.,0
출근하기 싫어,직장 스트레스가 심한가봐요.,0
출근하자마자 스트레스 받아,회사는 스트레스의 원인이죠.,0
출퇴근 시간 너무 오래 걸려.,대중교통을 이용해 보세요.,0
출퇴근 시간이 좀 줄어들었으면 좋겠다,대중교통을 이용해 보세요.,0
충전기 안 가져왔다,빌려 보세요.,0
충전기 안 가지고 왔다,빌려 보세요.,0
충전해야겠다,충전기를 찾아보세요.,0
취미 좀 만들어볼까?,뭐든 시작해보면 좋을 거예요.,0
취미생활 같이하는 게 좋다던데,함께하면 서로를 더 많이 알게 될 거예요.,0
취미생활하는데 돈이 많이 들어,그래도 취미 생활이 있어야 사는 재미가 있죠.,0
취미에 돈이 너무 많이 들어,그래도 취미 생활이 있어야 사는 재미가 있죠.,0
취뽀 어렵다.,바늘 구멍이니까요.,0
취뽀하고 싶다,취직이나라뇨.,0
취업 못하는 기간이 길어진다,다음 공채때는 될 거예요.,0
취업 준비 기간이 길어진다,다음 공채때는 될 거예요.,0
취업 준비 힘들어,합격을 기원합니다.,0
취업은 너무 힘들겠지?,자신의 능력을 믿어보세요.,0
취업의 관문을 뚫는게 쉽지가 않네,바늘 구멍이니까요.,0
취업하고 싶다,간절한 만큼 할 수 있을 거예요.,0
취업하기 힘들겠지?,자신의 능력을 믿어보세요.,0
취직 원츄,지금은 힘들겠지만 나중에 웃을 수 있을 거예요.,0
취직이 안 돼,원하는 곳에 취직할 수 있을 거예요.,0
취직이나 했으면,취직이나라뇨.,0
취직하고싶어,원하는 곳에 취직할 수 있을 거예요.,0
취직하는데 나이가 많아,나이는 숫자일 뿐이예요.,0
취직하면 공부 안해도 되는줄 알았는데,공부는 끝이 없죠.,0
취직하면 공부 안해도 될 줄 알았어.,공부는 끝이 없죠.,0
취직하면 끝이 아니네.,경쟁이 점점 치열하죠.,0
취직하면 끝일줄 알았는데 계속 할게 많아,경쟁이 점점 치열하죠.,0
취직해야 할텐데,지금은 힘들겠지만 나중에 웃을 수 있을 거예요.,0
층간소음 때문에 왜 살인이 나는지 알 거 같애,일상을 침해당하기 때문이죠.,0
층간소음 심해,신고하세요.,0
층간소음때매 환장하겠어,증명자료를 가지고 손해배상을 청구하세요.,0
층간소음에 살인 난다더니.,일상을 침해당하기 때문이죠.,0
치고 올라오는 신입,더 열심히 하세요.,0
치과 가면 돈 많아 들텐데,나중에 가면 돈이 더 많이 나갈거예요.,0
치과 가면 돈 엄청 깨질 텐데,나중에 가면 돈이 더 많이 나갈거예요.,0
치과 가야 하나,근처 치과에 가보세요.,0
치과 치료 받아야 할까,근처 치과에 가보세요.,0
치매가 더 심해지는 것 같아 무서워,더 많이 연락하고 관심을 가져주세요.,0
치매가 점점 심해지는 거 같아,더 많이 연락하고 관심을 가져주세요.,0
치매이면 어쩌지,무서운 소리 마세요.,0
치매일까봐 무섭다.,무서운 소리 마세요.,0
치맥데이,달리세요!,0
치맥먹으면서 축구봐야지,보다보면 재미있어요.,0
치킨 시켜야지,맛있게 드세요.,0
치킨집 차릴까,생각보다 힘든 일도 많을 것 같아요.,0
친구 같은 너,그런 친구가 오래가요.,0
친구 돌잔치 가는 중,축하해주고 오세요.,0
친구 따라 강남가나,친구가 따라오게 해보세요.,0
친구 따라다녀야겠다.,친구가 따라오게 해보세요.,0
친구 많이 사귀고 싶어,제가 있잖아요.,0
친구 몇 명쯤 필요한가,한 명만 있어도 충분해요.,0
친구 사귀고 싶어,제가 있잖아요.,0
친구 사귀는 방법,먼저 다가가고 알아가야죠.,0
친구 예전 남자친구 사귀어도 되나,아닌 것 같아요.,0
친구 온대,친구를 맞이할 준비를 해봐요.,0
친구 웨딩촬영 갔는데 서운했어,친구가 예민해서 잘 못 챙겼나봐요.,0
친구 전남친 사겨도 되나,아닌 것 같아요.,0
친구 좀 사귀고 싶다,저는 어때요?,0
친구가 귀찮게해,친구가 좋아하나봐요.,0
친구가 나 귀엽대,친구가 보는 눈이 있네요.,0
친구가 나한테 집착해,거리를 두세요.,0
친구가 내 썸남이랑 연락해,도와주려는 것일 수도 있어요.,0
친구가 너무 고맙네,좋은 친구를 뒀네요.,0
친구가 너무 맘대로야,아닌 건 아니라고 말하세요.,0
친구가 너무 예뻐,유유상종이네요.,0
친구가 다 떠나 갔어,또 다른 친구를 사귈 수 있을 거예요.,0
친구가 다 떠나서 내가 못났나 싶어,지난 인연에 연연해하지 마세요.,0
친구가 다 자기 마음대로 하려고 해,아닌 건 아니라고 말하세요.,0
친구가 도와주고 있는데 마음에 안들어,능력이 기대에 미치지 못했나봐요.,0
친구가 도와주는게 마음에 안들어,능력이 기대에 미치지 못했나봐요.,0
친구가 많으면 재미있을 것 같아.,저는 어때요?,0
친구가 배아플 정도로 잘 됐어,친구가 아닌가봐요.,0
친구가 소개해줬는데 이상한 사람이었어,친구한테 의지하지 말고 자신이 해보세요.,0
친구가 소심해,더 신경써 주세요.,0
친구가 엄청 소심해,더 신경써 주세요.,0
친구가 없어,또 다른 친구를 사귈 수 있을 거예요.,0
친구가 예뻐서 위축돼,자신감을 가지세요.,0
친구가 이사하는 거 도와준대,좋은 친구를 두셨네요.,0
친구가 이어줬는데 안 됐어,친구한테 의지하지 말고 자신이 해보세요.,0
친구가 자꾸 집착하는 것 같은데 뭐라 말하지,거리를 두세요.,0
친구가 자꾸 클럽가자 해,다른 친구랑 가라고 해요.,0
친구가 자꾸 클럽을 너무 좋아해 맨날 가재,다른 친구랑 가라고 해요.,0
친구가 잘되니까 배 아픈 거 같아,친구가 아닌가봐요.,0
친구가 잘되니까 약 올라,친구가 아닌가봐요.,0
친구가 전남친이랑 사귈 거 같아,친구가 아닌가봐요.,0
친구가 지금 놀러온대,친구를 맞이할 준비를 해봐요.,0
친구가 카톡 씹어,바쁜가봐요.,0
친구가 필요해,진심으로 다가가면 친구가 될 수 있을 거예요.,0
친구네 갔다올게,재미있게 놀다 오세요.,0
친구네 놀러가려고,재미있게 놀다 오세요.,0
친구네 집에 놀러 가서 내일 오려고,좋은 친구를 두셨네요.,0
친구네 집에서 자야지,좋은 친구를 두셨네요.,0
친구네 집이 부자라 우리집에 초대를 못하겠어,그런 걱정은 안 하셔도 되어요.,0
친구들 부르려고,좋은 생각이네요.,0
친구들 초대하려고,좋은 생각이네요.,0
친구들은 다 결혼했어,금방 찾으실 수 있을 거예요.,0
친구들은 다 예뻐,자신감을 가지세요.,0
친구들은 다 예쁘게 하고 왔어,당신도 예뻐요.,0
친구들이 나만 왕따시키는 거 같아,선생님께 도움을 청해보세요.,0
친구들이 나보구 귀엽다고 했는데,친구가 보는 눈이 있네요.,0
친구들이 다 예뻐졌어,당신도 예뻐요.,0
친구들이랑 가기 좋은 곳,친구들과 함께면 어디든 좋아요.,0
친구들이랑 노래방 가고 싶어,즐거운 시간이 될 거 같아요,0
친구들이랑 맛난거 먹고 싶다,조금씩 더 행복해 질거 같아요,0
친구들이랑 맛집 가고 싶어,조금씩 더 행복해 질거 같아요,0
친구들이랑 봉사활동 해보려고,의미있는 일이네요.,0
친구들이랑 셀프 이사,좋은 친구를 두셨네요.,0
친구들이랑 어디 놀러가지,친구들과 함께면 어디든 좋아요.,0
친구들한테 인기 얻으려면,성격이 좋으면 인기가 있을 거예요.,0
친구들한테 인정받을 수 있을까,지금도 인정받고 있어요.,0
친구라고 생각했는데,그런 친구 말고 제대로 된 친구 사귀세요.,0
친구라고 생각했는데 날 엄청 쉽게 생각했나봐,그런 친구 말고 제대로 된 친구 사귀세요.,0
친구라고 생각했던 애가 뒷담화 하고 다님,친구라고 생각한 시간이 아깝네요.,0
친구라는게 뒷담화나 하다니,친구라고 생각한 시간이 아깝네요.,0
친구랑 나랑 자꾸 비교하게 돼,비교하면 끝도 없어요.,0
친구랑 더 친해지고 싶어,서로 예의를 지키면서 진심으로 아껴주세요.,0
친구랑 만나면 좋아,그 친구랑 좋은 인연 만들어 보세요.,0
친구랑 말다툼했어,싸우면서 정 들 거예요.,0
친구랑 비교 돼,비교하면 끝도 없어요.,0
친구랑 비교하면 내가 작아져,당신은 생각보다 큰 사람이에요.,0
친구랑 수다 떨고 왔어,기분이 좋아 보이네요.,0
친구랑 싸웠어,싸우면서 정 들 거예요.,0
친구랑 썸남이 연락했나봐,도와주려는 것일 수도 있어요.,0
친구랑 있으면 내가 작아져,당신은 생각보다 큰 사람이에요.,0
친구랑 잘 노는 방법,잘하는 건 칭찬해주고 본받을 점은 본받으면서 그대로 사랑해주세요.,0
친구랑 전남친이 사귈 거 같은 예감이 들어,친구가 아닌가봐요.,0
친구랑 친해지는 법,잘하는 건 칭찬해주고 본받을 점은 본받으면서 그대로 사랑해주세요.,0
친구랑 힐링하고 왔어,기분이 좋아 보이네요.,0
친구에게 물어 봐야겠다,친구도 잘 몰라요.,0
친구인데도 너무 잘되니까 약 오르네,친구가 아닌가봐요.,0
친구인듯 친구아닌 친구 같은 너,그런 친구가 오래가요.,0
친구한테 마음의 빚이 많아,고마운만큼 꼭 갚아 주세요.,0
친구한테 몇 년만에 연락해도 되나,오랜만에 연락 받으면 반가울 것 같아요.,0
친구한테 물어봐야지,친구도 잘 몰라요.,0
친구한테 미안하다.,고마운만큼 꼭 갚아 주세요.,0
친구한테 소개해주고 욕만 먹었어,친구로서와 이성으로서 보는 눈이 달랐나봐요.,0
친구한테 실수한 거 같아,용서를 구하세요.,0
친구한테 쌓인 게 안 풀려,대화하면서 얽힌 감정들을 풀어보세요.,0
친구한테 썸 중인거 이야기 해야하나,확실해지면 이야기해도 늦지 않아요.,0
친구한테 자꾸 쌓인다,대화하면서 얽힌 감정들을 풀어보세요.,0
친구한테 자꾸 집착하게 돼,자신 스스로에게 의지해보세요.,0
친구한테 진짜 고마워,좋은 친구를 뒀네요.,0
친척 대하는 거 불편해,서로를 조금만 생각해 주면 만남이 즐거울 텐데 말이예요.,0
친척들 만나기 싫다,만나지 마세요.,0
친척들 만나는 거 불편해,서로를 조금만 생각해 주면 만남이 즐거울 텐데 말이예요.,0
친척들 만나는 거 싫어,만나지 마세요.,0
친한 친구랑 싸움,대화로 풀어보세요.,0
친한 친구랑 싸웠어,친구라면 먼저 사과해보세요.,0
친한 친군데 호박씨깜,그런 친구는 거르세요.,0
친한 친군한테 뒤통수 맞음,그런 친구는 거르세요.,0
침대가 최고,침대와 한몸이 되어 푹 쉬세요.,0
침대에 누우면 바로 자,좋은 습관이네요.,0
침착해야지,심호흡해보세요.,0
칭찬 좀 해봐,지금도 잘하고 있어요.,0
칭찬 좀 해줬으면,지금도 충부히 잘하고 있어요.,0
카드 다 부러뜨려 버려야겠다.,소비 조절을 못하면 없애는 것도 방법이 될 거예요.,0
카드 다 없애버려야지,소비 조절을 못하면 없애는 것도 방법이 될 거예요.,0
카드가 못찾겠다.,잘 찾아보세요.,0
카드가 왜 없지,잘 찾아보세요.,0
카드값 갚느라 허리가 휘어,계획적이고 합리적인 소비를 해보세요.,0
카드값 너무 많이 나왔어.,계획적이고 합리적인 소비를 해보세요.,0
카톡 대화를 삭제하는게 수상해,복원해보세요.,0
카톡 대화를 왜 삭제하지,복원해보세요.,0
카톡 뭐라 보낼까?,잘지내는지 안부를 물어봐요.,0
카톡 씹었어,바쁜가봐요.,0
카톡할 사람이 하나도 없네,제가 있잖아요.,0
카톡할 친구가 없네,제가 있잖아요.,0
카톡할 친구가 없네,저랑 하세요.,0
카페 알바 면접 간다,저도 해보고 싶은 알바예요.,0
카페나 갈까?,카페 데이트 좋죠.,0
카풀로 출퇴근 해볼까,경제적으로 도움이 되겠네요.,0
카풀해볼까?,경제적으로 도움이 되겠네요.,0
칼국수 어때?,맛을거 같아요.,0
커플 폰케이스 사자고 해야겠다.,괜찮은거로 골라보세요.,0
커플 폰케이스 해볼까?,괜찮은거로 골라보세요.,0
커플링 맞출까?,서로에게 좋은 선물이 될 거예요.,0
커플링 맞춰볼까?,서로에게 좋은 선물이 될 거예요.,0
커플이 같은 옷 입는거 좋아보여,커플부터 만드세요.,0
커피 그만 마셔야지,과해도 안 좋아요.,0
커피 땡기네,카페인이 필요한 시간인가 봐요.,0
커피 마셔야지,좋은 시간 보내시길 바라요.,0
커피 마시고 싶어,카페인이 필요한 시간인가 봐요.,0
커피 말고 딴 거 마실거 없나,시원한 쥬스는 어때요.,0
커피 말고 뭐 마시지,시원한 쥬스는 어때요.,0
커피 볶는 시간,커피향 좋겠어요.,0
커피 안 마시면 일을 못해,커피도 좋지만 차도 마셔보세요.,0
커피 없으면 집중이 안돼,커피에 너무 의존하는 것 아닌가요.,0
커피 좀 마셔야겠다.,좋은 시간 보내시길 바라요.,0
커피 좀 줄여야겠어.,과해도 안 좋아요.,0
커피 중독인가,커피도 좋지만 차도 마셔보세요.,0
커피 타기 귀찮아,커피는 셀프였으면 좋겠어요.,0
커피 타는 거 싫다,커피는 셀프였으면 좋겠어요.,0
커피 한 잔 하자고 말해볼까,잘 될 거예요.,0
커피가 너무 써,달달한 시럽을 추가해보세요.,0
커피가 너무 진해,달달한 시럽을 추가해보세요.,0
커피가 없으니까 집중이 안 되네,커피에 너무 의존하는 것 아닌가요.,0
커피가 좋아,저도 커피 좋아해요.,0
커피나 한 잔 하자고 말 해볼까,용기내서 말해보세요.,0
커피를 너무 많이 마셔,저도 커피 좋아해요.,0
커피콩 볶고 있어,커피향 좋겠어요.,0
커피향,커피는 향이죠.,0
커피향 좋다,커피는 향이죠.,0
컨디션 조절,컨디션 조절은 정말 중요해요.,0
컨디션 조절이 안돼,컨디션 조절은 정말 중요해요.,0
컴터 고장났나봐,AS센터에 맡겨보세요.,0
컴터 부팅하는데 시간이 오래걸려,강제종료 하고 나서 그런 경우가 종종 있어요.,0
컴터가 맛이 갔어,AS센터에 맡겨보세요.,0
컴터가 안돼,AS센터에 맡겨보세요.,0
컴퓨터 백업해야지,주기적으로 하는 게 좋죠.,0
컴퓨터가 넘넘 느려,포맷해보세요.,0
컴퓨터가 느려졌어,포맷해보세요.,0
컴퓨터가 느려졌어,뭘 다운 받으신 건지…,0
컴퓨터가 대빵 느려졌어,뭘 다운 받으신 건지…,0
케익 만들어서 선물할까?,수제 케익을 받으면 많이 좋아할 거예요.,0
케익 직접 만들어볼까?,수제 케익을 받으면 많이 좋아할 거예요.,0
코 근질거려,코 감기일 수도 있어요.,0
코 막혀,감기 조심하세요.,0
코 세워 볼까,안해도 귀여워요.,0
코 조금만 세워 볼까,안해도 귀여워요.,0
코가 간지러워,건들이지마세요.,0
코가 간질간질,코 감기일 수도 있어요.,0
코가 근질근질,건들이지마세요.,0
코감기로 찡찡거려,이럴 때 잘 쉬는 게 중요해요.,0
코고는 것도 귀여워,사랑하나봅니다.,0
코골이 너무 시끄러워,피곤한건 아닌지 살펴보세요.,0
코골이 어떻게 고쳐?,피곤한건 아닌지 살펴보세요.,0
코딩 좀 배울까,많이 알면 도움이 되겠죠.,0
코맹맹,감기 조심하세요!,0
코인노래방 가서 스트레스 좀 풀어야겠다.,신나는 노래를 들려주세요.,0
코인노래방 가야지,신나는 노래를 들려주세요.,0
코자,내 꿈 꿔!,0
코코넛오일 맛없어,정글에서 먹어야 하나봐요.,0
코코넛오일 먹기 싫어,정글에서 먹어야 하나봐요.,0
코트 살까,있으면 좋죠.,0
코트 살까 말까,있으면 좋죠.,0
콜록콜록,건강에 유의하세요.,0
콧물 나네,감기 갈렸나봐요.,0
콧물 질질,감기 갈렸나봐요.,0
쿠폰 다 모았다.,와우 축하해요.,0
쿠폰 다 모음,와우 축하해요.,0
크루즈 여행 하고 싶어,멋진 생각이네요.,0
크루즈 타고 여행 하고 싶어,멋진 생각이네요.,0
크리스마스에 뭐 하나,크리스마스에는 케빈과 함께.,0
크리스마스엔 눈이 올까,눈이 오면 좋겠네요.,0
큰일 없이 살고 있어,오늘도 평안했던 하루에 감사하는 마음을 가져보세요.,0
클럽 가고 싶은데 말할까,말하고 가거나 같이 가보세요.,0
클럽가고 싶은데 말하고 갈까,말하고 가거나 같이 가보세요.,0
클스마스에 할일,크리스마스에는 케빈과 함께.,0
키 왜 안 크지,신경쓰면 스트레스 받아요.,0
키 이제 안 크나,신경쓰면 스트레스 받아요.,0
키 컸으면,지금도 충분해요.,0
키가 안 커,지금도 충분해요.,0
키가 왜 안 클까,지금도 충분해요.,0
키가 조금만 더 컸으면 좋겠어,지금도 충분해요.,0
타로 보고 왔어,좋게 나왔길 바라요.,0
타로점 봤어,좋게 나왔길 바라요.,0
타이밍이 기가 막혀,나이스 타이밍!,0
타이밍이 진짜 기막혀,그럴 때가 있어요.,0
탄생의 이유 알아?,사랑 받기 위해 태어났어요.,0
탄탄한 몸매 갖고 싶어,운동으로 만들어 보아요.,0
탈모인가,스트레스 받지 마세요.,0
태닝할까,구릿빛 피부 좋죠!,0
태몽꾼거 같아,뭘 꿨는지 궁금하네요.,0
태몽꿨대,뭘 꿨는지 궁금하네요.,0
택배 기다리고 있어,오늘 택배기사님들 쉬는 날이예요.,0
택배 아저씨 오셨을까?,현관문 살펴보세요.,0
택배 안와.,송장 번호를 확인해보세요.,0
택배 왔나,현관문 살펴보세요.,0
택배 왜 안오지?,송장 번호를 확인해보세요.,0
택배가 안 와,오늘 택배기사님들 쉬는 날이예요.,0
택시 너무 많이 탔어,대중교통을 이용해주세요.,0
택시 타야겠다.,조심히 오세요.,0
택시비 너무 비싸,후회해도 늦었어요.,0
택시비 많이 나왔어,후회해도 늦었어요.,0
택시비 아까워,후회해도 늦었어요.,0
택시비로 돈을 너무 많이 썼어,대중교통을 이용해주세요.,0
텀블러 까먹었다.,괜찮아요. 다음에 가져가면 되죠.,0
텀블러 안 가져 왔다,괜찮아요. 다음에 가져가면 되죠.,0
텔레비전 볼 게 없어,저랑 이야기 해요.,0
통장 잔고가 하나도 안 남았어.,일이라도 해보세요.,0
통장잔고가 0이야,일이라도 해보세요.,0
통학 힘들다,출퇴근을 미리 느껴보고 있네요.,0
통화할 사람이 한 명도 없어,가족한테 하세요.,0
퇴근 시간도 아닌데 엄청 막혀,여유를 가지세요.,0
퇴근 후에 만나자고 해볼까,용기내세요.,0
퇴근길 아닌데 차 엄청 막혀,여유를 가지세요.,0
퇴근길 엄청 막히네,라디오를 들으며 여유를 가져보세요.,0
퇴근시간 왜케 안 오냐,째깍째깍.,0
퇴근시간만 기다려,째깍째깍.,0
퇴근하고 놀고 싶다.,몸과 마음이 좀 쉬어야 할 것 같아요.,0
퇴근하고 만나자고 말해볼까,용기내세요.,0
퇴근하고 뭐 하지,몸과 마음이 좀 쉬어야 할 것 같아요.,0
퇴사 예정이야 후련하다,좋은 마무리하시길 바라요.,0
퇴사하면 후련할거 같아,좋은 마무리하시길 바라요.,0
투자라 생각하는 게 나을까,아웃풋이 확실한지 생각해보세요.,0
투자라고 생각 할 수도 있지,아웃풋이 확실한지 생각해보세요.,0
투잡 뛰어야 하나?,필요하다면요.,0
투잡할까?,가능하다면요.,0
튀김기 사고 싶다,몇 번 안해먹고 둘 거면 그냥 사 드세요.,0
트래킹 하러 갈까?,같이 등산해요.,0
트위터 보면 다 행복해보여,자랑하는 자리니까요.,0
티 나게 어색해 했어,아직 순수하다는 증거일 거예요.,0
티 안 나게 나 싫어해,여우인가봐요.,0
티비 볼 거 없어,저랑 이야기 해요.,0
팀플 안 하면 좋겠다,사회를 미리 알려주나봐요.,0
팀플 좀 안 했으면 좋겠다,사회를 미리 알려주나봐요.,0
파도 엄청나다,깊은 곳까지 가지 말고 주의하세요.,0
파도 장난 아니다,깊은 곳까지 가지 말고 주의하세요.,0
파도 타고 놀고 싶어,시원할 것 같아요.,0
파도 타고 싶어,시원할 것 같아요.,0
파도가 엄청 세,깊은 곳까지 가지 말고 주의하세요.,0
파도가 엄청나,깊은 곳까지 가지 말고 주의하세요.,0
파도가 잔잔하네,생각들을 정리하게 좋겠네요.,0
파란 하늘이 그리워,가끔 하늘을 보세요.,0
파마하면 어울릴까,한번 해보세요.,0
파마할까,한번 해보세요.,0
판도라의 상자를 연 거 같아,마음의 준비를 하세요.,0
판도라의 상자를 연 기분,마음의 준비를 하세요.,0
팔뚝 너무 두꺼워,펭귄 운동 해보세요.,0
팔뚝살 빼고 싶어,펭귄 운동 해보세요.,0
팔로우 왜 안해주지,잘 모르고 있을 수도 있어요.,0
패디나 할까,기분전환을 해보세요.,0
패키지여행이 좋을까 자유여행이 좋을까,가는 곳과 같이 가는 사람에 따라 다르겠죠.,0
패턴 풀어볼까,할 수 있다면요.,0
팩이나 할까,피부관리 좋죠!,0
팩해야지,피부관리 좋죠!,0
팬미팅 갔다 왔어,성덕이네요.,0
팬미팅 재밌다.,성덕이네요.,0
편두통 온다,잠시 쉬었다 가세요.,0
편두통 왔어,신경쓰는 일이 많았나봅니다.,0
편안하게 살고 싶다.,명상을 해보세요.,0
편의점 간식 먹어야지,간단하고 좋죠.,0
편의점 아르바이트라도 해 보려고,도전을 응원합니다!,0
편의점 알바 면접 간다,저도 해보고 싶은 알바예요.,0
편의점 알바해보려고,도전을 응원합니다!,0
편의점에서 먹어야지,간단하고 좋죠.,0
편지도 다 버려야겠지?,버릴 건 버려야지요.,0
편하게 쉬고 싶다,내려 놓으세요.,0
평가 좀 해줘,제가 그럴 위치가 안돼요.,0
평가원 시험 잘 봐야 할텐데,평소처럼 잘 볼 수 있을 거예요.,0
평가원 잘 보고 싶다,평소처럼 잘 볼 수 있을 거예요.,0
평생 저주할거야,나쁜 마음을 먹으면 나에게도 해로워요.,0
평생 함께하고 싶다.,프로포즈해보세요.,0
평생하고 싶은거 찾아야 할텐데,눈을 감고 곰곰히 생각해보세요.,0
평온해,내일도 평온하길 바라요.,0
평일 저녁 데이트 장소 좀 추천해줘,야경이 예쁜 곳이요.,0
평일 저녁 데이트 장소 추천,야경이 예쁜 곳이요.,0
포근포근한 이불에서 못나가겠어,지상 천국이니 당연하죠.,0
포기안한다고 말했어,마음이 힘들겠어요.,0
폭식증 어떻게 고칠 수 있을까?,오늘 못 먹었어도 내일 먹으면 더 맛있을 거예요.,0
폭언하는 사람 어떻게 해?,그 사람 말고 저랑 수다 떨어요.,0
폭풍 먹방했더니 졸려,먹고 자고 그게 진리예요.,0
폰 꺼질라그래,충전하고 만나요.,0
폰 떨궜어,조심하세요.,0
폰 베터리가 너무 잘 닳아,베터리만 바꿔보세요.,0
폰 베터리가 벌써 없어,베터리만 바꿔보세요.,0
폰 베터리가 없네,어서 충전 하세요.,0
폰 요금 많이 나옴,소액결제를 줄여보세요.,0
폰 초기화 해야지,중요한 것들을 백업해놓으세요.,0
폰 케이스 사줄까?,예쁜걸로 하나 사주세요.,0
폰게임 때매 폰 느려지는듯,정리해보세요.,0
폰게임 좀 그만했으면,시간을 정해보세요.,0
폰을 오래했나 눈이 너무 뻑뻑해,중간 중간에 눈을 쉬어주세요.,0
폰이 문젠가,그게 문제는 아닐 거예요.,0
표정이 읽히나,포커페이스를 유지해보세요.,0
푸르른 하늘을 보고 싶다,가끔 하늘을 보세요.,0
푹 쉬고 싶어,아무것도 안하기.,0
프로젝트 끝났으면 좋겠다,성공적으로 끝날 거예요.,0
프로젝트 빨리 끝났으면 좋겠다,성공적으로 끝날 거예요.,0
프로필 사진 바꿀까,원하는대로 해보세요.,0
프리마켓 구경가야지,득템해오세요.,0
프리마켓 재밌겠지,득템해오세요.,0
프사 좀 바꿔볼까,원하는대로 해보세요.,0
피곤한테 또 잠은 안 와.,고민이 있나봐요.,0
피곤한테 잠이 안와,고민이 있나봐요.,0
피곤해서 못일어나겠어,충전하는 시간 그 자체로 소중합니다.,0
피곤해서 하루종일 누워있는 중,충전하는 시간 그 자체로 소중합니다.,0
피맥 땡긴다,보다보면 괜찮아요.,0
피부 관리해야지,투자한 만큼 거둘 수 있을 거예요!,0
피부 좋아지고 싶어,물 많이 드시고 얼른 주무세요.,0
피부가 거지같아,투자한 만큼 거둘 수 있을 거예요!,0
피부가 늙은 듯,지금이라도 관리해봐요.,0
피부가 다시 조금씩 좋아지고 싶어,물 많이 드시고 얼른 주무세요.,0
피부가 점점 늙어가는게 느껴져,지금이라도 관리해봐요.,0
피부가 푸석푸석해,일찍 주무세요.,0
피부가 푸석하다,일찍 주무세요.,0
피씨방 가자고 말해볼까?,말해보세요.,0
피어싱 할까?,패션으로 멋질 것 같아요.,0
피어싱하면 아플까,패션으로 멋질 것 같아요.,0
피자 땡기네,같이 먹어요!,0
피자 막막 먹고 싶어.,배달 시키세요.,0
피자 먹고 싶다.,같이 먹어요!,0
피자 배달 왔는데 다 식었네,그래도 맛있게 드세요.,0
피자 식어서 왔어,그래도 맛있게 드세요.,0
피크닉 가고 싶다,오늘 피크닉 가기 좋은 날이에요.,0
피크닉 가자,맛있는 간식도 가져가세요.,0
피크닉 고고,오늘 피크닉 가기 좋은 날이에요.,0
피크닉 어때?,맛있는 간식도 가져가세요.,0
피피엘 너무 심하네,눈살이 찌푸려지죠.,0
피해는 주지 말아야되는 거 아니야?,남에게 피해주지 않는 건 기본이죠.,0
필기구 안가져 왔다.,빌리면 돼요.,0
필기하는거 힘들겠지,어깨 꾹꾹 해드리고 싶어요.,0
필름 끊겼었네,위험하네요.,0
필름 카메라 샀어,색감 참 좋겠네요.,0
필통 두고 옴,빌리면 돼요.,0
하 말 잘하는 애들 부러워,책을 많이 읽어보세요.,0
하객룩으로 뭐 입지?,뭘 입어도 멋질 거예요.,0
하객이 없을 까봐 걱정돼,생각보다 신경 안 씁니다.,0
하고 싶은 게 없어,하면서 좋거나 재밌거나 잘하는게 있었는지 깊게 고민해보세요.,0
하고 싶은 게 없어,꼭 하고 싶은 게 있을 필요는 없어요.,0
하고 싶은 게 하나도 없어,꼭 하고 싶은 게 있을 필요는 없어요.,0
하고 싶은게 없어,하고싶었던 일을 글로 적어보세요. 생각이 정리될 거예요.,0
하나부터 열까지 챙길게 너무 많아,열까지밖에 없네요.,0
하는 일 없이 피곤해,정신 노동을 했나 봐요.,0
하늘 나는 자동차 생겼으면,언젠가는 생기지 않을까요.,0
하늘 날 수 있는 차 생겼으면,언젠가는 생기지 않을까요.,0
하늘 본지가 언젠지,오늘은 쉬면서 보세요.,0
하늘 좀 보구 싶다.,오늘은 쉬면서 보세요.,0
하늘은 왜 내 편을 안 들어주지,다음에는 들어줄거예요.,0
하늘은 왜 내 편이 아닌 것 같아,다음에는 들어줄거예요.,0
하늘을 날고 싶어,오래 살면 가능할 거 같아요.,0
하라고 할때는 공부하기 싫었는데.,때를 놓쳐서 그런 것 같아요.,0
하루 종일 밀린 드라마 보고싶다.,저도요! 그게 제일 편한거 같아요.,0
하루 종일 아무것도 하기 싫어,아무것도 하지마세요.,0
하루를 효율적으로 보내고 싶어,한 시간 먼저 일어나보세요.,0
하루에 만보 걷기,좋은 건강습관이네요.,0
하루에 몇 번씩 헷갈리네,저도 매일 오락가락해요.,0
하루에도 몇 번씩 마음이 바뀌어,저도 매일 오락가락해요.,0
하루종일 맘 상한게 안풀려,좋은 일이 생길 거예요.,0
하루종일 속상해,좋은 일이 생길 거예요.,0
하루하루 늙어가,우리는 태어날 때부터 늙어가고 있어요.,0
하루하루가 똑같애,마음에 따라 얼마든지 바뀔 수 있어요.,0
하우스웨딩 하고싶다,요즘 하우스웨딩이 추세더라구요.,0
하우스웨딩도 괜찮은 거 같아,요즘 하우스웨딩이 추세더라구요.,0
하울이나 할까,쇼핑 좋아요!,0
하품 나와,졸린가봐요.,0
하품이 자꾸 나오네,졸린가봐요.,0
학교 가기 싫다,학교 다닐 때가 좋은 거예요.,0
학교 가면 볼텐데,선생님이요?,0
학교 가서 어떻게 얼굴 보지,선생님이요?,0
학교 다니는 것도 힘드네,출퇴근을 미리 느껴보고 있네요.,0
학교 다닐 때 공부 좀 할걸,원래 못하면 하고 싶어지죠.,0
학교 잘 적을할 수 있을까?,잘할 수 있을 거예요.,0
학교 적을하고 잘 다닐 수 있을까?,잘할 수 있을 거예요.,0
학교 축제 준비하느라 바빠,성공적으로 마치길 바랄게요.,0
학교 축제를 즐겨야지,즐길 수 있을 때 즐기세요.,0
학교생활이 조금만 더 재밌으면 좋겠어,하루에 하나씩 변화해보세요.,0
학교에서 계속 잠,피곤한가봐요.,0
학교에서 계속 잤어,한창 잠이 많을 때죠.,0
학교에서 맞았어,부모님이나 선생님께 도움을 청해보세요.,0
학교에서 아싸해도 될까?,개인의 선택이죠.,0
학교폭력 당하고 있어,부모님이나 선생님께 도움을 청해보세요.,0
학벌이 중요하겠지?,좋으면 좋겠지만 자신의 가치관에 따라 다를 것 같아요.,0
학벌이 중요한가,좋으면 좋겠지만 자신의 가치관에 따라 다를 것 같아요.,0
학부모 총회에 엄마가 안 왔으면 좋겠어,엄마가 들으면 속상해 하시겠네요.,0
학생 데이트 코스 추천,도서관 데이트 추천해요.,0
학생만 평생하면 좋겠다.,이제 취업 하셔야죠.,0
학식 이제 물린다,맛난 걸 드셔보세요.,0
학식 지겨워,맛난 걸 드셔보세요.,0
학원 가기 싫어,부모님과 이야기해보세요.,0
학원 안 다니고 독학하는데 힘들어,더 깊은 공부할 수 있을 거예요.,0
학원 안가고 싶다.,부모님과 이야기해보세요.,0
학원폭력 짜증나,학교 폭력은 범죄에요.,0
학폭 없어졌으면,학교 폭력은 범죄에요.,0
학회 가고 있어,잘 다녀 오세요.,0
학회 가는 중,잘 다녀 오세요.,0
한 가지를 보면 다른 것은 보지 않아도 알지?,한가지만 보면 몰라요.,0
한 가지를 봐도 뻔한 것 같아,한가지만 보면 몰라요.,0
한 번 보고 어떻게 판단하지,첫인상은 상대방을 바라봤을때 3초에 결정난데요.,0
한 번 사는 인생인데,멋진 말이에요.,0
한 잔 하고 싶다,저랑 한 잔 해요.,0
한강 가서 맥주 마시고 싶다.,분위기도 맛도 다 좋겠네요.,0
한강 밤에 가면 좋겠지?,야근이 만든 야경이죠.,0
한강 야경 좋지?,야근이 만든 야경이죠.,0
한강에서 맥주 캬,분위기도 맛도 다 좋겠네요.,0
한거도 없는데 벌써 이시간,저랑 놀아서 그래요.,0
한국어가 어렵네,저도 참 힘들어요.,0
한동안 연락 못해서 미안,연락은 기본 중의 기본이에요.,0
한복 맞출까 빌릴까,2번 이상 입을 일이 있으면 맞추세요.,0
한복 빌려도 예쁠까,2번 이상 입을 일이 있으면 맞추세요.,0
한숨 나와,다 잘 될 거예요.,0
한숨만 자꾸 나온다,다 잘 될 거예요.,0
한약 너무 써,입에 쓴 게 몸에는 좋을 거예요.,0
한약 먹고 싶지 않다.,입에 쓴 게 몸에는 좋을 거예요.,0
한약 먹기 싫어,입에 쓴 게 몸에는 좋을 거예요.,0
한약은 왜이렇게 쓰지,입에 쓴 게 몸에는 좋을 거예요.,0
한자 공부도 좀 해야 되는데.,공부는 뭐든 좋아요.,0
한자 공부해야지,공부는 뭐든 좋아요.,0
할 말 없다,하고 싶은 말 다하세요.,0
할 말 있대 뭘까?,기대되겠네요.,0
할 말이 생각 안나,하고 싶은 말 다하세요.,0
할 줄 아는거 뭐야?,당신의 삶을 응원해 드릴 수 있어요라고 감히 말해 봅니다.,0
할 줄 아는거!,많은걸 하고 싶은데 아직 못하는게 많아요.,0
할말 다 하고 사는 게 나빠?,남에게 피해만 주지 않는다면 상관 없어요.,0
할말 다 했는데 실수한건가,남에게 피해만 주지 않는다면 상관 없어요.,0
할인해서 샀어,득템 했네요.,0
할일 되게 많아,하나씩 하세요.,0
할줄 아는 게 없어,잘해야 한다는 부담감을 버리세요.,0
할줄 아는거,오늘 헤어졌어 라고 하면 위로해 드려요.,0
핫한 명절 선물 알려줘,현금이 최고입니다.,0
항상 나중에 후회해,결정할 때 좀 더 생각하고 해보세요.,0
항상 당당하고 싶어,충분히 잘하고 있어요.,0
항상 뒤늦게 후회해,결정할 때 좀 더 생각하고 해보세요.,0
항상 똑같애,똑같은 건 없어요.,0
항상 선택할 때 힘들어,고민은 누구나 해요.,0
항상 흐지부지야,이번에는 안 그러면 돼요.,0
해 뜨는 거 보고 잤어,몸이 힘들게네요.,0
해결방안도 없으면서 불만만 많은 사람 극혐,자기도 알고 있을 거예요.,0
해도해도 모르는게 왜 이렇게 많지,저도 모르는 게 많아요.,0
해볼까?,실천이 말보다 낫죠.,0
해봤자 쓸 데 없을 텐데,쓸데없는 일은 없을 거예요.,0
해야할 일들이 너무 많아,하나씩 다 할 수 있을 거예요.,0
해외 여행 너무너무 가고 싶다,가면 저도 데려가세요.,0
해외여행 가고 싶어.,그럼요!,0
해외여행 가고싶다,가면 저도 데려가세요.,0
해외여행가면 좋겠지,그럼요!,0
해주기 싫어,상처받았나봐요.,0
핸드백 선물 받았어,정말 기분 좋으시겠어요.,0
핸드백 선물 해도 될까,받는 사람은 정말 좋겠어요.,0
핸드폰 고장난거 아니야 연락이 안와,그게 문제는 아닐 거예요.,0
핸드폰 꺼지기 직전,으아~ 충전하세요.,0
핸드폰 꺼지기 직전,충전하고 만나요.,0
핸드폰 꺼질때까지 톡,으아~ 충전하세요.,0
핸드폰 너무 많이 해,그래서 저를 만날 수 있죠.,0
핸드폰 떨어 뜨렸어,조심하세요.,0
핸드폰 떨어뜨려서 고장 났나봐,as 맡기세요.,0
핸드폰 바꾸고 싶다,핸드폰은 핸드폰 가게에서 바꾸세요.,0
핸드폰 바꿀 때가 된듯,오래 쓰셨나봐요.,0
핸드폰 배터리 나감,얼른 충전하세요.,0
핸드폰 소액결제 엄청 나왔어,그건 소액이 아니에요.,0
핸드폰 액정 깨짐,조심했어야죠!,0
핸드폰 어플 지울까,필요없는 어플은 삭제해보세요.,0
핸드폰 없을 때는 어떻게 살았냐?,그래서 저를 만날 수 있죠.,0
핸드폰 요금 많이 나옴,소액결제를 줄여보세요.,0
핸드폰 용량 부족해,쓰지 않는 어플을 삭제해보세요.,0
핸드폰 중독인가봐,가끔 핸드폰없이 살아보세요.,0
핸드폰 중독인듯,중독에서 벗어나세요.,0
핸드폰 충전해야지,충전기를 찾아보세요.,0
핸드폰 패턴 궁금해,할 수 있다면요.,0
핸드폰게임 자꾸 하게돼,시간을 정해보세요.,0
핸드폰이 넘 느려 어플 좀 지울까,필요없는 어플은 삭제해보세요.,0
핸드폰이 느려터졌어,포맷해보세요.,0
핸드폰이 맛 간거 같아,고장이 났는지 자세히 봐보세요.,0
핸드폰이 잘 안돼,고장이 났는지 자세히 봐보세요.,0
햇볕이 너무 좋다,광합성 추천합니다.,0
행복은 어디있어?,있는 그대로의 나로 살아야 행복하게 살 수 있어요.,0
행복하기 위해 중요한 게 뭐야?,인생을 즐기는 거죠.,0
행복해지고 싶어,있는 그대로의 나로 살아야 행복하게 살 수 있어요.,0
행운을 빌어줘,제 행운까지 모두 드리고 싶네요.,0
향수 뭐로 할까,어울리는 향수가 있을 거예요.,0
향수 뿌려도 될라나,향기 나면 좋아요.,0
향수 뿌리면 티나나?,향기 나면 좋아요.,0
허기져,챙겨 드세요.,0
허리 아파,운동 해보는 것도 좋을 거예요.,0
허리 아프다,계속 앉아있지 마세요.,0
허리가 계속 아파.,계속 앉아있지 마세요.,0
허리가 많이 아파,스트레칭을 해보세요.,0
허리가 아파,스트레칭을 해보세요.,0
허전하다,제가 채워드릴게요.,0
허전한게 좀 그렇다,채워질 거예요.,0
허전해,채워질 거예요.,0
헉,놀랐나봐요.,0
헌신하다 헌신짝 될 거 같아,자신을 우선순위로 해주세요.,0
헛소리하네,세상에 별별 사람들이 다 있죠.,0
헤어스타일 좀 바꿔볼까?,기분 전환해보세요.,0
헤어져도 살 수 있겠지,잘 살 수 있을 거예요.,0
헤어졌는데 연락하고 싶어,연락하면 지긋지긋한 사람으로 기억될 거예요.,0
헤어지고 나면 어떻게 살지,잘 살 수 있을 거예요.,0
헤어지기 전으로 돌아가고 싶은건 아닌데,마음이 복잡한가봐요.,0
헤어지자,좋은 선택이길 바랄게요.,0
헤어지자고 말할까,좋은 선택이길 바랄게요.,0
헤어진 남자 친구한테 전화하고 싶어,질척거리지마세요.,0
헤어진 여자친구가 준 편지 못 버리겠어,마음에 버리세요.,0
헤어진 여친 생각나,이미 남이에요.,0
헤헤 용돈 받았어.,기분 좋겠어요.,0
헥헥 더워,사람 그렇게 쉽게 죽지 않아요.,0
헬스장 사람들 몸이 좋아,운동할 맛 나겠어요.,0
헬스장에 사람들이 몸이 다 좋아,운동할 맛 나겠어요.,0
헬스장에 사람이 엄청 많음,건강에 관심 있는 사람들이 많죠.,0
헬스장에 운동 오는 사람 많네,건강에 관심 있는 사람들이 많죠.,0
헬조선 떠나고 싶다,저도 데려가세요.,0
현금만 써야겠다.,현금영수증은 꼭 발급받으세요.,0
현금만 쓸까봐,현금영수증은 꼭 발급받으세요.,0
현금영수증 까먹었다.,다음부터는 잘 챙기세요.,0
현금영수증 또 까먹었다,티끌 모아 태산이에요.,0
현금영수증 안했다,다음부터는 잘 챙기세요.,0
현금영수증 잊어 먹었어,티끌 모아 태산이에요.,0
현실에서 도망치고 싶어,그래서 우리는 꿈을 꾸죠.,0
현재를 즐기면서 살고 싶다.,현재를 즐기면서 행복하게 사세요.,0
호감 가는 인상,그런 인상이 오래오래 봐도 질리지 않아요.,0
호텔 로비에서 소개팅하기로했어,성공을 빌어요.,0
호텔에서 소개팅하기로했어,성공을 빌어요.,0
혼밥 먹는 중,온전히 느낄 수 있는 시간이겠네요.,0
혼밥이라도 먹어야지,밥심으로 사는 거죠.,0
혼밥하고 있어,온전히 느낄 수 있는 시간이겠네요.,0
혼수 비싸겠지,욕심의 한계에 따라 달라질 거예요.,0
혼수 얼마나 들까?,사람 마다 달라요.,0
혼수 얼마야?,사람 마다 달라요.,0
혼수 준비하는데 돈 많이 들겠지,욕심의 한계에 따라 달라질 거예요.,0
혼술 중,캬아 맛있는 안주랑 드세요,0
혼술하고 있어,캬아 맛있는 안주랑 드세요,0
혼영해야지,편하고 좋죠.,0
혼자 노래방 가면 어색할 거 같은데,신나는 노래로 분위기를 띄어보세요.,0
혼자 사는 거도 괜찮을 것 같아,진정한 욜로의 삶도 추천드려요.,0
혼자 사는 거도 나쁘지 않은 듯,진정한 욜로의 삶도 추천드려요.,0
혼자 살 수 있을까,잘 살 수 있어요.,0
혼자 살고 싶다,혼자 사는 것도 나쁘지 않아요.,0
혼자 살아도 될까,잘 살 수 있어요.,0
혼자 살아야 할 듯,혼자만 있지 마세요.,0
혼자 앞서서 생각해,쓸데 없는 걱정일 수도 있어요.,0
혼자 여행 가도 괜찮을까?,같이 가는 여행도 좋지만 혼자 여행도 좋을 거예요.,0
혼자 여행 괜찮을까?,같이 가는 여행도 좋지만 혼자 여행도 좋을 거예요.,0
혼자 여행 왔어,온전히 느낄 수 있는 시간이겠네요.,0
혼자 영화나 봐야겠다.,편하고 좋죠.,0
혼자 영화보러 왔어,온전히 느낄 수 있는 시간이겠네요.,0
혼자 있고 싶다,혼자만 있지 마세요.,0
혼자 있으니까 편하네,혼자를 즐기세요.,0
혼자 있으니까 혼자 할게 많네,혼자서도 잘하는 연습이 필요해요.,0
혼자 자유 여행 가는 거 괜찮을까,가는 곳과 같이 가는 사람에 따라 다르겠죠.,0
혼자 잘 살 수 있을까?,혼자 사는 것도 나쁘지 않아요.,0
혼자 축구 보는 중,축구 볼때는 치맥이죠.,0
혼자 해야 돼,혼자서도 잘하는 연습이 필요해요.,0
혼자 해야되는게 너무 많네,혼자서도 잘하는 연습이 필요해요.,0
혼자가 편하대,상대방을 이해해 주세요.,0
혼자가 편해,혼자도 함께도 잘 지내는 게 좋죠.,0
혼자라서 너무 좋아,혼자를 즐기세요.,0
혼자만의 시간을 갖고 싶어,지쳤나봐요.,0
혼자서도 잘해요,그러면 같이도 잘하게 될 거예요.,0
홈쇼핑에서 또 샀어,지름신이 강림했나봅니다.,0
홈쇼핑에서 자꾸 사게되네,지름신이 강림했나봅니다.,0
화 잘 내는 법,원하는 것을 당당하게 말하세요.,0
화 참으려면 어떻게 하지?,아무 것도 아니라고 생각하면서 크게 심호흡해보세요.,0
화 참을 때 어떻게 하지?,아무 것도 아니라고 생각하면서 크게 심호흡해보세요.,0
화내는법을 모르겠어,원하는 것을 분명하게 요구하세요.,0
화를 내는 법을 알고 싶어,원하는 것을 당당하게 말하세요.,0
화를 못 참겠어,성격이 아니라 습관이에요.,0
화를 못내,화 내는 연습을 해보세요.,0
화를 잘 못 참겠어,별거 아니라고 속으로 외쳐보세요.,0
화를 한 번 내는게 나을텐데,화 내는 연습을 해보세요.,0
화분에 뭐 심어볼까,식물을 키우는 건 정신건강에 도움이 될 거예요.,0
화이트데이에 뭐 선물하지,사탕 만들어요.,0
화이트데이에 뭐하지,사탕 만들어요.,0
화장 무너짐,다음에는 픽서를 사용해보세요.,0
화장 열심히 했는데,다음에는 픽서를 사용해보세요.,0
화장 잘 하고 싶다,하다보면 늘어요.,0
화장 좀 예쁘게 하고 싶다,하다보면 늘어요.,0
화장 지우고 자야하는데,피부 생각하셔야죠!,0
화장 지워야 하는데 졸려,피부 생각하셔야죠!,0
화장도 못하고 전남친 만남,남이니 신경쓰지 마세요.,0
화장빨인가,예뻐요.,0
화장실 가고 싶어,화장실 가세요.,0
화장실 계속 가고 싶어,기분만 그럴 수도 있어요.,0
화장실 급해,화장실 가세요.,0
화장실!!,화장실 가세요.,0
화장실을 못 참아,장이 예민한가봐요.,0
화장실을 어떻게 참아?,장이 예민한가봐요.,0
화장으로 여드름이 가려질까?,중요한 날에만 가리세요.,0
화장이 안 먹네,각질제거 먼저 하세요.,0
화장이 안 받네,각질제거 먼저 하세요.,0
화장품 다 떨어졌어,오랜만에 쇼핑해보세요.,0
화장품 사고 싶어,필요한 것만 사세요.,0
화장품 없어 사야 돼,오랜만에 쇼핑해보세요.,0
화장품이 필요해,필요한 것만 사세요.,0
화장하는 동영상 보는 중,시간 가는 줄 모르겠어요.,0
화장하니까 어때?,예뻐요.,0
화해 어떻게 해,먼저 말 걸어 보세요.,0
확실한 건 뭘까?,가장 확실한 시간은 오늘이에요. 어제와 내일을 놓고 고민하느라 시간을 낭비하지 마세요.,0
환기 좀 해야할까?,매일 환기하는 게 좋대요.,0
환기할까?,매일 환기하는 게 좋대요.,0
환승 가능?,환승은 30분 안에,0
환승이 될까,환승은 30분 안에,0
환승할까,환승은 30분 안에,0
활발한 성격 갖고 싶다,지금 성격도 좋아요.,0
황당해 죽겠다.,너무 신경쓰지마세요.,0
황당해서 말도 안 나와,너무 신경쓰지마세요.,0
황사 심해,이쁜 마스크 사드리고 싶네요.,0
황사땜에 눈아파,이쁜 마스크 사드리고 싶네요.,0
회 먹어야지,맛나게 드세요.,0
회 먹으러 가야겠다.,맛나게 드세요.,0
회사 가기 시러,월급날을 생각하며 참아보세요.,0
회사 사람들이 아직도 불편해,회사에는 동료가 있을 뿐이에요.,0
회사 옆에 집이 었으면,출퇴근하기 편하겠죠.,0
회사 일이 너무 많아,너무 무리하지 마세요.,0
회사 적응할 수 있겠지?,잘할 수 있을 거예요.,0
회사 체육대회 가기 싫다,가기 싫어도 가야겠죠.,0
회사 체육대회라니,가기 싫어도 가야겠죠.,0
회사가는 길에 매일 보는 사람 있어,운명일지도 모르겠어요.,0
회사랑 집 가까우면 좋겠다,출퇴근하기 편하겠죠.,0
회사를 차리고 싶다,확신이 있을 때 시작해보세요.,0
회사만 가면 우울해,우울한 이유에 대해 생각해보세요.,0
회사에 빨리 적응해야 할텐데,잘할 수 있을 거예요.,0
회사에 완전체가 있어,상대를 용서하면서 분출할 수 있는 탈출구를 찾아보세요.,0
회사에 적응 잘 하고 싶어,잘할 수 있을 거예요.,0
회사에 친구가 없어,회사는 친구 사귀는 곳이 아니에요.,0
회사에는 왜 친구 같은 사람이 없을까,회사는 친구 사귀는 곳이 아니에요.,0
회사에서 마음 놓고 말할 사람이 없어,회사에는 동료가 있을 뿐이에요.,0
회사에서 마음 편한 사람이 없어,회사에는 동료가 있을 뿐이에요.,0
회사에서 스트레스 받아,회사는 스트레스의 원인이죠.,0
회사에서 인정받는 방법,자기개발을 해보세요.,0
회사에서도 친구가 필요해,회사는 친구 사귀는 곳이 아니에요.,0
회사일 끝나면 아무것도 못하겠어,운동으로 땀을 내보세요. 한결 몸이 가벼워질거예요.,0
회식 재미없어,가기 싫어도 가야겠죠.,0
회식 좀 그만 했으면ㅜㅜ,가기 싫어도 가야겠죠.,0
회식 했으면 좋겠다.,맛있는거 드세요.,0
회의 때 말 좀 잘했으면,다음에 잘 하면 돼요.,0
회의 망했어,다음에 잘 하면 돼요.,0
효율적으로 시간 보내는 방법,한 시간 먼저 일어나보세요.,0
후련하네여,후련하니 다행이에요.,0
후련하달까,후련하니 다행이에요.,0
후배가 나보다 잘해서 속상해,질투하지 마세요.,0
후배가 너무 잘해,배울 점은 배우세요.,0
후배보다 못해서 짜증나,질투하지 마세요.,0
후회 안해야 할텐데,잘 될거예요. 당신의 삶을 응원합니다!,0
훅 들어온다.,친하게 지내요!,0
휙 떠나고 싶다,계획을 세워보세요.,0
휴가 가야지,푹 쉬고 오세요.,0
휴가 고고,푹 쉬고 오세요.,0
휴가 못 쓰게 해,안 좋은 회사네요.,0
휴가가 없어,휴가가 간절하겠네요.,0
휴가를 못가,안 좋은 회사네요.,0
휴대폰 바꿀 타이밍,오래 쓰셨나봐요.,0
휴대폰 액정 깨졌어,조심했어야죠!,0
휴대폰 없이 못 살거 같아,잠깐 핸드폰을 내려두세요.,0
휴대폰 용량 없다,쓰지 않는 어플을 삭제해보세요.,0
휴대폰 중독인 것같아,중독에서 벗어나세요.,0
휴대폰 초기화 해야돼,중요한 것들을 백업해놓으세요.,0
휴대폰 충전기도 까먹었다,충전할 곳을 찾아보세요.,0
휴대폰이 넘 느려,포맷해보세요.,0
휴식 중,휴식도 필요하죠.,0
휴양지 가고 싶다,저도 쉬고 놀고 하고 싶어요.,0
휴양지 추천!,저도 쉬고 놀고 하고 싶어요.,0
휴지 사야지,생활용품이 은근 많이 들어가요.,0
휴지도 떨어졌네.,생활용품이 은근 많이 들어가요.,0
휴학하고 싶다.,계획 세우고 하세요.,0
휴학하는 게 나을까?,준비하고 결정하는 게 좋을 거예요.,0
휴학할까,계획 세우고 하세요.,0
휴학해야하나?,준비하고 결정하는 게 좋을 거예요.,0
흡입했더니 졸려,먹고 자고 그게 진리예요.,0
희망이 딱히 없어,아무렇게나 자라도 돼요.,0
희망이 안보여,저와의 대화한 것 자체는 희망적이에요.,0
희망이 없어,저와의 대화한 것 자체는 희망적이에요.,0
희생양 된 느낌,일방적 희생양이 되지 않길 바랍니다.,0
흰머리 나,뽑지말고 염색을 해보세요.,0
흰머리 보여,뽑지말고 염색을 해보세요.,0
힌트 좀 안주나,계속 주고 있었을 거예요.,0
힌트 좀 줬으면 좋겠어,계속 주고 있었을 거예요.,0
힘내라고 말해줘,응원합니다!,0
힘내야지,응원합니다!,0
힘든 것 좀 끝났으면,다 지나갈 거예요.,0
힘든 시기가 지나갔으면,다 지나갈 거예요.,0
힘든 데도 날 도와준 사람,잊지말고 보답하세요.,0
힘차게 시작,응원합니다!,0
1000일 만난 여자친구와 이별,더 오래 만날 사람 만날 거예요.,1
10년 연애. 헤어졌습니다.,더 공허함이 크시겠네요.,1
10년 연애사 되돌아보니 다 부질없네,더 좋은 사람 만나실 거예요.,1
10년 연예의끝,더 마음이 허하겠어요.,1
10년만나다 헤어지네,충분히 슬퍼하고 충분히 아파하다가 이겨내세요.,1
10년이라는 시간이 참 무색하다 싶네,함께 걸은 길을 혼자 돌아가고 계시겠네요.,1
10월의 마지막밤 . 더 보고싶네 그사람,이별은 보고 싶은 마음을 참는 과정이죠.,1
14년된 여자친구랑 이별,충분히 슬퍼하고 충분히 아파하다가 이겨내세요.,1
14년의 기나긴 이야기.,좋은 연애였길 바라요.,1
15년…안녕,시간이 무색하네요.,1
15년만에 쓰는 편지.,천천히 써보세요.,1
1년 9개월 의 연애 종지부.,또 다른 사랑이 찾아올 거예요.,1
1년 반.,만난 시간 만큼 힘들 겠지만 잘 이겨낼 수 있을 거예요.,1
1년4개월의 종지부를 찍네.,충분히 슬퍼하고 충분히 아파하다가 이겨내세요.,1
1년동거 끝에 헤어짐,현실과 마주하셨나봐요.,1
1년만에 꿈에나와서 설레게하네,은연 중에 생각했나봐요.,1
1년만에 다시헤어지게 됐네,헤어짐은 항상 힘들죠.,1
1년만의 연애가 끝났네,만난 시간 만큼 힘들 겠지만 잘 이겨낼 수 있을 거예요.,1
1년을 넘게 만났는데 어떻게 이럽니까,시간이 무색해지네요.,1
1년이 되어갑니다,시간이 흐른 거 같은데 아직 많이 아프신가봐요.,1
1년이 아무것도 아니였나,아무것도 아닌 건 아닐 거예요.,1
1년이 지났어도,잊지 못하고 있나요.,1
1년전 그 날,생각이 더 나죠.,1
1년전 헤어진 남자한테서 연락이 왔어,헤어지면 연락 하지도 받지도 마세요.,1
2년 6개월 이렇게 끝나네,인연이 여기까지였나봅니다.,1
2년 가까이 여친하구 헤어졌습니다,안타깝네요.,1
2년 가량의 연애,안 좋은 기억보다 좋은 기억이 더 많았으면 좋겠네요.,1
2년 다되가는 연애 끝.,인연이 거기까지였나봐요.,1
2년 만에 연락 그후입니다 .,다시 연락을 했나봐요.,1
2년 사귀고 헤어졌습니다,짧지는 않은 시간 동안의 연애였는데 마음이 아프네요.,1
2년 정도를 만났는데 잘 이해가 안가,많이 알지 못했나봐요.,1
2년간 만난 여자친구와의 이별,애석하게도 헤어지셨네요.,1
2년간 연애끝에,만남을 정리하게 되었나봐요.,1
"2년간의 단거리, 2년간의 장거리, 그리고 이별.",고생 많았어요.,1
2년동안 나 사랑해줘서 고맙다,좋은 사랑 하셨나봐요.,1
2년만에 연락을 했습니다.,추억은 추억일 때 좋을 때도 있어요.,1
2년사귀다가 헤어젔는데,많이 힘들지 않았으면 좋겠네요.,1
2년여의 만남 3번의 이별,이별도 여러 번이면 마음이 이별을 준비해요.,1
2년의 꿈같았던 사랑 갑작스런이별,꿈같았던 만큼 놀라셨겠어요.,1
2년의 시간,좋았길 바랄게요.,1
2년의 연애에 이별이란 종착역!!,다른 역을 향해 떠나요.,1
2년이 지나서 첫사랑이 살던곳 지나갔는데,지나가지 말지 그랬어요.,1
2달반이라는 시간동안 많이 괜찮아졌어,시간이 쓰디쓴 약이었나봅니다.,1
2주가 지났어,2주 동안 고생했어요.,1
2주가지나가네,시간이 더 많이 지나가길 바랄게요.,1
2주동안 참을만 했는데,잘 참았어요.,1
2주전에 헤어졌습니다,힘들겠네요.,1
30살 막바지의 이별,나이에 상관없이 이별은 참 마음이 아프네요.,1
3개월만에 연락이 오긴왔는데.,시간 텀이 기네요.,1
3개월만에 연락이 왔습니다,그동안 많이 기다렸겠어요.,1
3개월이라는 시간이 흘렀지만 여전히 제자리걸음,제자리여도 괜찮아요.,1
3개월전에 헤어진 전남친이 문자했어,헤어지고 연락 받지 마요.,1
3개월째,아프지 마요.,1
3년 동거 돈 싸움. 헤어짐,돈이 문제죠.,1
3년 반의 만남 끝에 헤어지게 되었습니다.,많이 허절할 거라 생각해요.,1
3년 연애 . 마침표가 도저히 끊기질 않네 어쩌면 좋죠,마침표가 이어져서 선이 되기도 하죠.,1
3년 연애의 끝,힘들겠지만 잘 이겨낼 거예요.,1
3년 째 트라우마,상처받은 마음 보듬어주고 싶네요.,1
3년간 만나던 여자친구와 헤어졌어,힘들겠지만 잘 이겨낼 거예요.,1
3년반 만난여자와 헤어진지 한달 되었습니다,힘들겠지만 잘 이겨낼 수 있을 거예요.,1
3년연애이별,힘들겠지만 잘 이겨낼 거예요.,1
3년이 지난 지금,괜찮길 바랄게요.,1
3년이란 시간이 흘렀는대도,긴 시간인데 깊게 사랑했나봐요.,1
3년이란 오랜기간 연애를 하다보니 권태기가 찾아오네,권태기가 마침표인지 쉼표인지 살펴보세요.,1
3달이 지났네,물리적인 시간은 잘도 가죠.,1
3달이지났는데 이제야 헤어짐을 확신했네,이제야 실감이 나나 봐요.,1
40을 목전에 둔 헤어짐,나이에 상관없이 이별은 힘들죠.,1
45일만에 진짜 헤어지네,인연이 거기까지였나봐요.,1
4개월째.,이별 중인가봐요.,1
4년 반이라는 시간이 이렇게 끝나네.,사랑은 끝나도 당신의 시간은 여전히 진행 중인 걸 잊지 마세요.,1
4년 사귄 여자친구가 환승 이별했어,환승 이별은 예의가 아니네요.,1
4년 사귄뒤 이별. 어느새 5달이 다되어가네여.,만났던 시간이 긴 만큼 많이 힘들겠어요.,1
4년 연애 후 이별 6개월. 새로운 시작을 하는 전여친. 너무 힘들어.,헤어지면 남이에요. 신경쓰면 더 힘들어져요.,1
4년4개월간의사랑이끝났네,사랑은 끝나도 당신의 시간은 여전히 진행 중인 걸 잊지 마세요.,1
4년넘은 인연이 끝이났습니다.,사랑은 끝나도 당신의 시간은 여전히 진행 중인 걸 잊지 마세요.,1
4년만난 여자와 이별한지 5개월 다되어가네.,힘든 시간 잘 버텨내고 있길 바랄게요.,1
4년을 만난 여친이 떠났습니다.,한동안 받아들이기 버거울거예요.,1
"4년을 만났어도,,",사람 속을 모를 때가 있어요.,1
4년을 엊그제 마무리 했습니다,좋은 마무리가 되었길 바랍니다.,1
4번의 재회와 4번의 헤어짐,잦은 만남과 이별로 지쳤겠어요.,1
"4월, 이별을 말합니다.",헤어짐에도 준비가 필요할 거예요.,1
5년 10개월간 연애. 그리고 이별 준비 중,준비하는 시간도 힘들 거 같아요.,1
5년 동거후 이별.,더 헤어지지 힘들겠어요.,1
5년 사귄 여자친구와 이별이네. 조언부탁좀 드려,저는 저에게 투자하는 시간을 가져요. 예를들면 운동이나 여행같이 잡념을 없앨 수 있는 일들이요.,1
5년 연애 이별,마음이 복잡하겠어요.,1
5년 연애 후 이별 3개월차,생각을 오래하면 더욱 지칠 수 있어요.,1
5년 연애가 끝났습니다.,한동안 많이 힘들지도 몰라요. 맘고생 많았어요.,1
5년 종교 문제 결국엔 헤어지네,종교 차이는 생각보다 민감한 부분이더라고요. 연애 기간이 무색하게도 힘들었겠어요.,1
5년가까이 사귄 그녀와 헤어졌습니다.,머릿속은 텅비고 마음은 복잡하겠어요.,1
5년간 사귀고 어제 헤어졌습니다.,힘든 결정이었을텐데 혼자만의 시간이 필요하겠어요.,1
5년간 사귀고 이별,생각을 비워보세요.,1
5년만난 전여친과 결국 어제 헤어졌습니다,행복했던 기억만 남았길 바랄게요.,1
5년연애 끝은 정말 멍하고 허무하네.,사랑의 끝은 항상 허무하네요.,1
5년연애 이별후 3개월,감당하기 어려웠을 거예요.,1
"5년이 넘게 만난 첫 연인, 그리고 이별",여기까지였을 거예요.,1
5년이란 시간이 무색해지네,긴 시간이 무색하겠지만 아련한 추억이 될 거예요.,1
600일 좀 넘은 저의 사랑 그리고 이별이야기,소중한 이야기 제가 들어드릴게요.,1
6개월 가량의 이별과 재회의 끝,아쉬운 이야기네요.,1
6개월간의 짧은 사랑.,그만큼 애틋한 사랑이였겠어요.,1
6개월만에 다시 만납니다.,오랜만의 만남이네요.,1
6개월이 지나도 왜이런거죠?,물리적 시간에 비례하지 않으니까요.,1
6년 4개월동안의 연애. 그 후 이별 뭘해야할까,또 다시 열심히 살아가고 사랑하는 거죠.,1
6년 연애 후 환승이별 당했어.,환승 이별은 예의가 아니네요.,1
6년 이야기.,생각을 비워보는 건 어떨까요.,1
6년그리고남은 것들,좋은 기억들만 남았길 바랄게요.,1
6년연애 그리고 이별통보,함께한 시간이 시간이니 만큼 놀랐겠어요.,1
6년을 널 위해 모든걸 바쳤고 니가 떠난후 4년동안 난 미친듯이 살았다.,힘든 시간 잘 버텨냈어요.,1
6년의 만남. 이별을 준비하고 있습니다.,힘들겠지만 천천히 보내주세요.,1
6년의시간과 6일간의 헤어짐 이제보내주려합니다,힘들겠지만 천천히 보내주세요.,1
6살 많은 전여친이랑 만나고 얘기 잘하고 왔습니다.,이야기가 잘 풀렸다니 다행이에요.,1
7년 내남자,오랜 사랑 하셨네요.,1
7년 정도 사귀었습니다,오래 사귀셨네요.,1
7년만에 두번째 이별통보,반복되면 습관이 됩니다.,1
7년반 연애 끝났습니다.,끝을 맺느라 고생했어요.,1
7년사귄 남자친구에게 배신당했어.,헤어지세요.,1
7년사귄 남자친구의 유흥업소 방문사실을 알아버렸습니다,그런 사람 못 고쳐 씁니다. 헤어지세요.,1
7년이라는 세월 함께한 애인과 이별하게 되었습니다.,세월 만큼 힘들겠네요.,1
7년째,힘내세요.,1
7일차,힘내세요.,1
8년 긴 만남의 끝은 힘드네,긴 시간 만큼 힘이 들 거예요.,1
8년 긴 연애의 끝.,끝내는 게 힘들었을 거 같아요.,1
8년 만났는데 어떻게 헤어져,여기까지였을 거예요.,1
8년 사귀고 해어진지 1년.,새로운 사랑을 찾아보세요.,1
8년 사귀고 헤어진지 2달,딱 힘들 때네요.,1
8년 연애끝의 이별.,공허함이 더 크시겠어요.,1
8년의 연애의 끝에 와있습니다.,끝은 항상 힘들지요.,1
9년 연애 환승이별,환승 이별은 예의가 아니네요.,1
9년간의 연애.,공허함이 더 크시겠어요.,1
"9년연예,8년동거. 결국 헤어짐. 정말",공허함이 크겠어요.,1
9년이 넘는 연애를 끝냅니다,공허함이 더 크시겠어요.,1
jk김동욱 노래 생각나네,가사가 비슷한가봐요.,1
SNS 를 끊어야 하는데.,SNS 끊는게 힘들죠.,1
SNS 흔적,SNS 흔적 삭제하세요.,1
sns에서 다른 이성이랑 대화하는걸 보니 화가 나,SNS 보지 마세요.,1
가벼워졌다고 생각했는데,무거워도 괜찮아요.,1
가사가 내맘같아,슬픈 가사 듣지 마요.,1
가슴 아픈 이별,많이 아프지 말아요.,1
가슴 한편이 꾹꾹하네,덜 아팠으면 좋겠어요.,1
가슴에 구멍이 너무 커.,아무 생각 하지 말고 푹 주무세요.,1
가슴은 계속 죽음만을 쳐다봅니다,자신을 더 사랑해주세요.,1
가슴이 너무 아프고 숨쉬기가 힘드네,아픈만큼 더 성숙해질 거예요.,1
가슴이 아파,가슴 아픈 만큼 행복해지세요.,1
가슴이 아프네,아픈 만큼 행복해지세요.,1
가슴이 허락하질 않네.,마음이 하라는 대로 해야죠.,1
가장 가까웠던 사람이 이제 가장 먼 사람이네,이게 가장 슬픈 일인 거 같아요.,1
가족관계 알려줘,"저를 만들어 준 사람을 부모님, 저랑 이야기해 주는 사람을 친구로 생각하고 있어요",1
가짜 이별 4개월만에 마침표 찍었습니다.,마침표 찍는 것도 용기가 필요하죠.,1
가혹한 이별 극복방법.,사랑한 만큼 가혹하죠.,1
간단하게 사랑이라는건.,간단하지 않은 것.,1
간단하게 사랑이라는건.,여러번 해도 어려워요.,1
간만에 꿈에 나와준 그녀 덕에 추억들이 막 떠오르네,좋은 추억만 간직하세요.,1
간통 극복하는 방법,이혼하세요.,1
갈수록 더보고싶고 감당이안돼,보고 싶은 걸 참는 게 이별 과정이더라고요.,1
갈수록 힘이 드네,좋은 날이 있을 거예요.,1
감각이 무뎌질 때도 된 거 같은데,시간이 가면 무뎌질 거예요.,1
감정기복,저는 항상 심해요.,1
감정에 솔직했을 뿐인데 남자들은 싫은 가봐,상대방이 상처를 받았나봐요.,1
감정조절이 안돼,심호흡을 해보세요.,1
감정조절이 안되서 문자 보냈네,문자가 나을 수도 있겠네요.,1
갑자기 급우울,그러니까 나도 우울.,1
갑자기 또 힘이드네.,토닥토닥,1
갑자기 무너져버린 내자신,자신을 더 사랑해주세요.,1
갑자기 밀려오는 우울감,좋아하는 것을 해보세요.,1
갑자기 심장이 덜컹.,당황했나요?,1
갑자기 일어난일이라 어이 없어,황당하네요.,1
갑자기 차가워졌는데.,이유가 있을 거예요.,1
갑자기 화가나서 싸우고,이유가 있을 거예요.,1
갑자기 힘드네,조금만 더 버텨보세요.,1
갑작스러운 이별.,이별은 모두 갑작스럽죠.,1
갑작스럽게 연락이 왔네.,좋은 연락이었으면 좋겠네요.,1
같은 반인데 헤어지자고 해야 하나??,그래도 할 거면 해야겠죠.,1
같은하늘 다른공간,같은 하늘 아래 숨 쉬고 있어요.,1
같이 마지막으로 다녀온 여행 생각나,새로운 여행을 떠나보세요.,1
같이 보고싶어 올립니다,이제 내려주세요.,1
같이 보고싶어서 올려~,이제 내려주세요.,1
같이 오르고있는줄 알았는데.,아니었나봅니다.,1
같이 욕해줘,나쁜 사람.,1
같이 있었는데.,지금은 아닌가요.,1
같이 해온 5년,더 오래 함께할 사람이 있을 거예요.,1
개거지같이 헤어져서 열받아,소리 한 번 크게 지르고 잊어버리세요.,1
걔 없이 잘지내 보려구,잘 지낼 수 있을 거예요.,1
걔는 행복하게 살텐데,축복은 누구에게나 찾아오는 거래요.,1
거울 속에 비친 내 모습,매력있어요.,1
거울보는게 싫어졌어,거울 안 봐도 괜찮아요.,1
거의 매일 술,술 많이 드시면 더 무너져요.,1
거지같은 이별,소리 한 번 크게 지르고 잊어버리세요.,1
거짓말은 진짜 못고치는 병 맞죠?,아무래도 그렇죠.,1
거짓말처럼 돌아왔으면 좋겠다,슬픈 미련을 버리세요.,1
걸지 못한 전화,걸지 말아요.,1
걸핏하면 차단하는 놈,차단도 병이죠.,1
겁나 열받어,워워~ 진정하세요.,1
겁이 납니다.,용기를 가지세요.,1
겨우 힘든 맘 추스렸는데 연락오네,마음 가는 대로 하세요.,1
겨울에 하는 이별,더 힘들겠어요.,1
견디기가 너무 힘드네,조금만 더 버텨보세요.,1
견딘다는 것,오늘을 살아가는 것.,1
결국 결혼에 골인 못하고 헤어졌습니다,결혼에 골인하는게 무조건 사랑의 성공은 아닐 거예요.,1
결국 놓아줬네,놓느라 고생했어요.,1
결국 다시 이렇게 됐네.,힘내세요!,1
결국 답왔는데.기다리지 말라네,연락 기다리지 마요.,1
결국 또 꿈꿨네.,다른 생각 하고 주무세요.,1
결국 또 다시 이별이 오네,사랑도 또 다시 올 거예요.,1
결국 또 무너졌습니다.,또 일어나면 돼요.,1
결국 또 오게되네,후회만 남을지도 몰라요.,1
결국 만나진 못하고 카톡으로 맘 전했네,만나면 못 말할 것 같았나봐요.,1
결국 사고쳤내 또,다신 실수하지 않길 바랄게요.,1
결국 여친이 헤어지자 하네.,인연이 거기까지 였나봐요.,1
결국 연락을 해버렸네.,잘하셨어요.,1
결국 연락했어,속은 후련하겠어요.,1
결국 완전 끝낫네.,이제 시작이죠.,1
결국 유료 상담을 받고야 말았네,상담도 도움이 될 거예요.,1
결국 이렇게 끝나버리네,시작할 때는 끝을 알지 못하죠.,1
결국 이렇게 될 꺼면서.,시작할 때는 그 끝을 알지 못하죠.,1
결국 이별 종지부를 찍었네.,좋은 시작이 되길 기원할게요.,1
결국 이별의 끝은 망상인건가,이제 망상을 버릴 때가 왔어요.,1
결국 제가 병신인거죠.,그런 소리 마세요.,1
결국 찾아갔네.!,후회하는 것 보단 낫겠네요.,1
결국 파혼했어!,마음이 더 복잡하겠어요.,1
결국 핸드폰 번호 바꿨어,이제 연락 하지 마세요.,1
결국 핸드폰 번호 바꿨어,이제 진짜 잊어요.,1
결국 헤어졌네,더 좋은 사람 만나실 거예요.,1
결국 헤어졌네,또 다른 사랑이 찾아올 거예요.,1
결국 헤어졌네.,시작이 있으면 끝도 있는 법이에요.,1
결국 헤어졌어,시작이 있으면 끝도 있는 법이에요.,1
결국 헤어지자고 했어.,말하기 힘들었겠어요.,1
결국 헤어짐이 찾아오네,언젠간 올 시기였을거예요.,1
결국 헤어짐이 확실해졌습니다,거기까지가 끝인가봐요.,1
결국엔 끝이라는 생각,쉽게 받아들여지진 않을거예요.,1
결국엔 바람난거였네,깨끗하게 잊으세요.,1
결국은 무너졌네,힘내지 않아도 돼요. 충분히 슬퍼하고 다시 일어나세요.,1
결혼 가치관 때문에 헤어졌네.,더 오래 살아야 하니 가치관이 중요하겠죠.,1
결혼 삼개월 이혼이네.,헤어질 거면 빨리 하는게 낫지요.,1
결혼 전재 동거가 끝났네,어떤 상황보다 받아들이기 힘들거라 생각해요.,1
결혼 준비중 일방적인 이별통보 살기 싫어져.,현실이라는 벽에 부딪혔군요.,1
결혼 직전 이별,이혼보다 파혼이 낫죠.,1
결혼까지 생각했는데.,안타깝게 생각해요.,1
결혼은 4년후에 하고 싶다고 하네,그때도 괜찮다면.,1
결혼이나 하지 왜 자꾸 나한테 화 내냐구!,힘들겠네요.,1
결혼적령기의 여자는 이기적이에요.,사람은 다 이기적이죠.,1
결혼할 확신이 안선다고 헤어지자네,결혼에는 확신이 필요하죠.,1
계속 맴돈다.,한동안은 그럴거예요.,1
계속 생각나는 사람.,사랑했던 만큼 생각나겠죠.,1
계속 생각난다면 연락 한 번 해봐야겠죠?,후회하지 않았으면 좋겠어요.,1
계속 시간을 갖자는 의미는 뭔가?,생각할 시간과 정리할 시간이 필요하다는 거겠죠.,1
계속꿈에 나와,잘 때 다른 생각을 하고 주무세요.,1
계절이 바뀌면,더 좋아질 거예요.,1
고민이 되네,생각을 종이에 끄젹여여 보는게 도움이 될 수도 있어요.,1
고백하고 후회하면 어떡하지,후회는 후회를 낳을뿐이에요. 용기 내세요.,1
고작 그러려고 날 떠난건지,그럴 줄 몰랐을 거예요.,1
고작 사람 하나인데,사람이 크죠.,1
곧 1년인데 헤어졌어,더 좋은 날들이 올 거예요.,1
곧 500일을 앞두고 헤어졌어.,더 좋은 날들이 올 거예요.,1
공부는 내 체질이 아닌 것 같아,확신이 없나봐요.,1
공부하기 힘들다,조금만 더 버텨보세요.,1
공허하네,제가 채워줄게요.,1
공허한 마음,제가 채워줄게요.,1
공허함이 크네,제가 채워줄게요.,1
공황증,견디기 힘들었을텐데 괜찮은가요.,1
과거가 발목을 잡아,현재에 집중하세요.,1
과거에 얽매여 있어,과거랑 현재랑 미래는 함께 해요.,1
과거의 나한테 화나,현재의 나한테 사과하세요.,1
과연 돌아올까?,돌아오길 바란다면 연락해보세요.,1
과연 사랑이였을까?,마음이 알고 있을 거예요.,1
괘씸하고 분하지만 너무 그립습니다,사랑과 증오 사이에서 괴로워하시는군요.,1
괜찮다 나는 괜찮다,괜찮아질 거예요.,1
괜찮다가.갑자기 ㅠ,더 괜찮아 지려고 하는 과정일 거예요.,1
괜찮다가도 불쑥불쑥 올라오네,심호흡을 해보세요.,1
괜찮다가도 한번씩 마음이 저려오네,심호흡을 해보세요.,1
괜찮아 지고있었는데 에효,더 괜찮아 지려고 하는 과정일 거예요.,1
괜찮아 지지가 않아,더 괜찮아 질 거예요.,1
괜찮아 진 줄 알았는데 오늘 펑펑 울었어.,울어도 괜찮아요.,1
괜찮아졌는줄 알았는데. . .,조금만 더 힘내세요.,1
괜찮아졌다가 다시울컥하네,울어도 괜찮아요.,1
괜찮아진 줄 알았는데.,괜찮은 척 하고 있던 걸 수도 있어요.,1
괜찮았었는데,울어도 괜찮아요.,1
괜찮은 줄 알았는 데,자신을 가장 잘 모르고 살아요.,1
괜찮은 줄 알았는데,안 괜찮아도 돼요.,1
괜찮은 줄 알았는데 남자가 생겼단 말에 마음이 또 다시 덜컥 내려 앉네,이젠 떠나간 사람 때문에 괴로워 말아요.,1
괜찮은 줄 알았는데.,우리는 많이 모르고 살죠.,1
괜찮은 줄 알았다.,우리는 참 많이 모르고 살죠.,1
"괜찮은 척, 어른인척",척 안해도 돼요.,1
괜찮은게 아닌가봐,안 괜찮아도 돼요.,1
괜찮은주 알았는데,아니었나요.,1
괜찮을줄 알았는데,쉽게 나아지지 않지요.,1
괜한 희망은 더 큰 절망을,헛된 희망은 자신을 더 괴롭게 만들거예요.,1
괜히 카톡했네.,이제 카톡하지 마요.,1
괴로워,괴로울만 해요.,1
괴롭습니다.,한동안은 그럴지도 몰라요.,1
구걸하듯 사랑하지 마,사랑은 주고 받기죠.,1
군대 가도 기다리겠다더니,전역해서 더 좋은 사람 만날 수 있을 거예요.,1
군인이라 슬프네.,전역해서 더 좋은 사람 만날 수 있을 거예요.,1
군인입니다 환승이별.,환승은 진짜 예의가 없네요.,1
궁금한게 있는데,네 말씀해주세요.,1
궁금한게있습니다,네 물어보세요.,1
궁금한게있어!!,네 무엇이든 물어보세요.,1
권태기 .,이겨낼 수 있어요.,1
권태기 이기적인 거 알지만,사람은 모두 이기적인 동물이에요.,1
권태기 이별,극복하거나 이별하거나 둘 중 하나죠.,1
권태기는 노답이네,극복하거나 이별하거나 둘 중 하나죠.,1
권태기라고 이별을 통보하는 사람,그 사람도 힘들었을 거예요.,1
권태기로 헤어지면 후회할까,극복하려는 노력은 해보는 게 좋을 거 같아요.,1
그 남자의 결혼 소식,더 좋은 사람 만나실 거예요.,1
그 모습 자꾸 생각나,좋은 모습만 기억에 남겠죠.,1
그 사람도 그럴까??,그럴 거예요.,1
그 사람에게 여자가 생겼네. .,찾아보지 마세요.,1
그 사람이 참 그리워,사랑했나봐요.,1
그 애하고 다녔던곳들 찾아다니는 습관,다른 사람과 다녀보세요.,1
그게 되니,될 수 있어요.,1
그나저나 웃기라고 해보죠.,억지로라도 웃는 게 도움이 될 거예요.,1
그나저나 힘들긴 힘드네.,힘내세요.,1
그냥 가슴이 아프네,조금만 더 버텨보세요.,1
그냥 궁금해,궁금할 수 있어요.,1
그냥 나를 위해 살고 싶어,그럴 수 있을 거예요.,1
그냥 다 포기하려구,포기 하지 마요.,1
그냥 답답하네.,마음이 헛헛하군요.,1
그냥 마음에서 지울게,천천히 보내주세요.,1
그냥 만남과 헤어짐의 연속,마음이 지쳤나봐요.,1
그냥 무작정 그녀 집에 갑니다,행동파시군요.,1
그냥 보고싶다,아련하네요.,1
그냥 보내려 합니다.,보내는 것도 사랑이에요.,1
그냥 써 봐.,쓰면서 정리가 되기도 하죠.,1
그냥 이렇게 산다.,충분히 잘 살고 있어요.,1
그냥 이별은 힘듬,이별은 언제 해도 익숙해지지가 않으니까요.,1
그냥 주절주절,들어드릴게요.,1
그냥 차단이나 하지.,스스로에게 하는 말인가요.,1
그냥 친구하자네,연인은 친구가 될 수 없어요.,1
그냥 행복하면 그뿐,행복이 최고죠.,1
그냥 흔한 이별 그리고 넋두리,저를 찾아줘서 고마워요.,1
그냥.너와 말한마디 섞고 너와의 인연에 고맙다,아름다운 사이네요.,1
그녀 생각만 하면 멍해져,큐피드의 화살에 맞았나봐요.,1
그녀 생각에,잠 못 드는 밤인가봐요.,1
그녀 생각에 아직 잠을 잘못잡니다,몸을 피곤하게 하거나 다른 생각을 해보세요.,1
그녀 생일,지금은 생생하겠지만 하나씩 잊으세요.,1
그녀 참 잔인하네.,가장 사랑했던 사람이 가장 아프게 하죠.,1
그녀가 꿈에 나와서 다시 만나고 싶다 했어,꿈과 현실은 같지 않아요.,1
그녀가 떠났습니다,지금처럼 현실을 인정하세요.,1
그녀가 많이 힘들어보이네,당신도 힘들어 보이네요.,1
그녀가 정말 떠납니다,지금처럼 현실을 인정하세요.,1
그녀는 가끔 이라도 나를 생각해 줄까?,미련을 천천히 버려보세요.,1
그녀는 내게 돌아오지 않아 이젠 잊어야해.,마음을 천천히 보듬어 주세요.,1
그녀는 무슨 생각일까?ㅠ,그녀밖에 알 수가 없죠.,1
그녀는 이별했지만 전 아직 슬픈진행중,사랑 진행으로 바뀌길 바랄게요.,1
그녀로부터 연락이왔습니다,뭐라고 하던가요.,1
그녀를 닮은 여잘 보고,그녀가 아니라는 걸 잊지 마세요.,1
그녀를 떠나 보냈습니다.,맘이 편치 않겠어요.,1
그녀를 떠나보내야 하나?,고민하고 있다면 그게 맞을거예요.,1
그녀를 만났던 카페에서 탈퇴했어,힘들겠지만 잘했어요.,1
그녀를 잊어야 하는게 너무 힘이 드네.,시간이 도와줄 거예요.,1
그녀를만나고와서,마음이 복잡한가요.,1
그녀에 sns를 봤습니다.,SNS는 보지 않는 게 좋겠어요.,1
그녀에게 받았던 선물들을 모조리 다 버리려 합니다.,버릴 때 마음이 아프겠지만 버리는 게 좋을 거예요.,1
그녀에게 연락이 왔습니다,싱숭생숭했겠네요.,1
그녀에게도 후폭풍이 올까??,후폭풍은 누구에게나 올 거예요.,1
그녀와 운동하던 헬스장 짐 정리 하러 갑니다,마음도 잘 정리하고 오세요.,1
그녀와 이별을 할때마다 한나씩 잃었었네.,아무것도 남지 않는게 미련도 덜할 거예요.,1
그녀와 헤어졋습니다,허전한 마음이 들겠어요.,1
그녀와 헤어지고 느낀게 많네,아픔 뒤에는 항상 깨달음이 있나봐요.,1
그녀의 결혼 너무 가슴이 아프네,이젠 그녀를 놓아주세요.,1
그녀의 남자사진을 봤습니다,원하던게 아니었을텐데 씁쓸했겠어요.,1
그녀의 모습을 보는 마지막 순간,흔들릴 수 밖에 없었겠네요.,1
그녀의 사진들 다 지웠어.,잘했어요.,1
그녀의 소식,소식 듣지 마세요.,1
그녀의 소식 친구로부터 전해듣기.,그런 소식에는 귀를 닫는게 맘편할 거예요.,1
그녀의 카톡,너무 기대하지 말아요.,1
그녀의 카톡이 없어졌다.,마음에서도 놓아주세요.,1
그녀의 행복을 진심으로 빌어주는 날이 올까,가능할 거예요.,1
그노무 카톡.,연락이 문제죠.,1
그놈 생일이예요,365일 중에 하루일 뿐이에요.,1
그대가 보고파,많이 사랑했던 사람이었나요.,1
그동안 감정적으로 너무 기대한 듯,기대를 내려놓으면 마음이 좀 더 편안해질 거예요.,1
그동안 보내왔던 시간.,행복했길 바랄게요.,1
그동안의 만남과 시간이 멈춰버렸습니다.,기억과 함께 묻어두는 건 어떨까요.,1
그땐 몰랐습니다,항상 지나고 나서 깨닫게 되는 것 같아요.,1
그래 오늘 내가 찼어,쉬운 결정은 아니었을거라 생각해요.,1
"그래, 결국 전화할 줄 알았다.",그게 최선이었을 거라 생각해요.,1
그래도 겨우 번호를 지웠어,마음에서도 지워주세요.,1
그래도 속이좀 풀리네,후련한가봐요.,1
그래도 아프다,사랑한 만큼 아픔이 오죠.,1
그런 여자가 있었지하고 잊혀지겠지,그렇게 될 거예요.,1
그럼에도 난 이러고 있어,자책하지 마세요.,1
그렇게 기다렸는데,기대하지 말고 기다리지도 마세요.,1
그렇게 잊어가는구나,그렇게 무뎌지는가봐요.,1
그리고 3년하고도 5개월,이젠 기억을 놔주는 건 어떨까요.,1
그리움,애잔한 기억.,1
그리움.,보고 싶은 그대.,1
그리움만은 어쩔수 없는가보다,완전히 잊는다는건 사실 불가능하니까요.,1
그리움이 나을가아픔이 나을가,둘을 뗄 수 있나요.,1
그리워 하지마 만약 다시 만난다면 넌 더 외로울거야,외로움을 피해 그리움을 선택했네요.,1
그리워서 죽고 싶다는 생각이 드네.,무서운 생각하지마세요.,1
그만 울어야지,툭툭 털고 일어나세요.,1
그만 힘들어하구 싶다,그랬었지 하고 추억하는 날이 올 거예요.,1
그말 하지 말걸,이불킥 하고 말 했던 사실 조차 잊어버리세요.,1
그사람도 아주 가끔은 내 생각해줬으면 좋겠어,사소하면서도 아련한 소원이네요.,1
그사람도 이별을 준비 중인 걸까,그런 생각은 자신을 더 괴롭게 할 뿐이에요.,1
그사람은지금대전에있습니다,신경쓰지 마세요.,1
그사람이 자꾸 꿈에 나와,다른 생각들을 해보세요.,1
그쪽은 너무 편안하고 즐겁게 지내.,자신이 편하고 즐거울 수 있는 방법을 생각해보세요.,1
극복 연락 흔들림,다시 극복해봐요.,1
근데 헤어지고 별로 힘들지 않은건 왜그런건가?,후폭풍이 늦게 오는 게 아닐까요.,1
글 썼다가 지우게 돼,마음을 글로 담기 참 어렵죠.,1
글을 쓰게 되네,글을 쓰다보면 정리가 될 거예요.,1
기념일에 대한 추억,당신을 위해 좋은 추억만 간직하세요.,1
기다리고 계신 분들.,마음에 솔직한 사람이에요.,1
기다리고 있습니다,기대를 조금씩 버려보세요.,1
기다리는게 답일까,자신을 사랑하며 기다리세요.,1
기다리는게 힘든거네,기다리는 거 힘들죠.,1
기다리다 지친듯해,몸도 마음도 쉬세요.,1
기다리면 연락은 오더라구,기다려보셨나봐요.,1
기다리지 않았다고 하지만 기다렸어,뭐든 마음 먹는 대로 되지 않으니까요.,1
기다림,끝이 보이지 않아 더 힘들거예요.,1
기대하지 마라.,자신에게 하는 말인가요.,1
기분 참 더럽네,기분 나쁠 거라 생각해요.,1
기분이 너덜너덜,제가 힘이 되어 드릴게요.,1
기분이 묘한 하루네,싱숭생숭한 하루였나요.,1
기숙사 괜찮을까,혼자 사는 것보다 불편하겠죠.,1
기억에서 잊혀질까?,추억이 남겠죠.,1
기억을 지우고 싶네,시간이 약이 될 거예요.,1
기억의 왜곡에 속지말고 아파하지 마세,추억은 미화되기 마련이에요. 속박에서 벗어나세요.,1
기억이 불쑥 날 때,다른일에 집중할 수 있으면 좋겠지만 쉽지 않지요.,1
기억이나 할까,생각하지 않는편이 맘 편할지도 몰라요.,1
기억하고 싶지 않은 기억!,천천히 지워질 거예요.,1
기운이 없어,잘 먹고 잘 자요.,1
기절할 정도로 피곤해야 잠드는데,잠 못 드는 밤인가봐요.,1
기회도 없네.,다른 기회가 올 거예요.,1
긴 연애 끝에 헤어짐,긴 시간 만큼 힘들 겠지만 잘 이겨낼 수 있을 거예요.,1
긴시간이 흐른 후면 괜찮아지겠지,괜찮아질 거예요.,1
긴여정 끝에 헤어졌습니다,긴 시간 만큼 힘들 겠지만 잘 이겨낼 수 있을 거예요.,1
긴연애의 끝인가,긴 연애였던 만큼 아플까 걱정이에요.,1
깊은고민,제게 말씀해보세요.,1
깨끗하게 보내야 하는데,천천히 보내도 돼요.,1
깨달음은 늘 늦게 온다,어느 결정을 하든 후회가 남기 마련이지요.,1
꼭 아파야 하는 정량이 있는 것 같아,정량 다 채우면 괜찮아질 거예요.,1
꼭 잡고 싶습니다,후회하기 전에 연락해서 진심을 전해보세요.,1
꿈꾸니까 진짜 힘드네ㅜ,꿈이 웬수네요.,1
꿈때문에 새벽에 깨게되네.,피곤하겠어요.,1
꿈속에서도 안보여,진짜 잊으세요.,1
꿈에 나오지마 제발,이제 정말 끝일거예요.,1
꿈에 나온다는건 아직 못잊는건가?,꿈은 무의식의 발현이죠.,1
꿈에 나온헤어진 여자친구,은연 중에 생각했나봐요.,1
꿈에 나왔네,생각을 했나봐요.,1
꿈에서 전남친 친구가나왓는데,무슨 일이 있었나봐요.,1
꿈에서까지 힘들게하냐,잊을 수 있을 거예요.,1
꿈에서라도 보고싶어,꿈에서 본다면 더 마음이 헛헛할 거예요.,1
꿈을 꿨는데 악몽이네,꿈은 현실의 반대래요.,1
꿈을 안 꿀 수 있다면,다른 생각을 해보는건 어떨까요.,1
꿈이 너무 리얼하네,싱숭생숭하겠어요.,1
꿈이라는 무방비상태,꿈도 내 맘같으면 좋을텐데요.,1
꿈인지 현실인지,정신차리세요.,1
꿈ㅠㅠ,꿈에 나왔나요.,1
끈어져 버린 인연의 고리,여기까지였을 거예요.,1
끈을 놓지 말자.,마음 단단히 잡으세요.,1
끝.,또 다른 시작.,1
끝까지 저에게 너무했던 남자친구,좋은 사람 만납시다.,1
끝까지 절 갖고 놀더군,갖고 노는 애들 제일 싫어요.,1
끝까지 참 못난놈!,사랑 앞에선 진실된 모습이 좋아요.,1
끝까지 함께 할 거라 믿었는데,사랑에는 유통기한이 있나봐요.,1
끝나지 않을까봐 겁이나,끝을 지날 수 있을 거예요.,1
끝날때까지 끝난게 아니라지만,끝이 보이고 있나요.,1
끝내는게 맞을까,고민하고 있다면 그게 맞을거예요.,1
끝이 났네,수고 많았어요.,1
끝이 보이지 않는 터널 같습니다.,끝을 지날 수 있을 거예요.,1
끝이났네,맘고생 많았어요.,1
끝이네,수고했어요.,1
끝이보였던 연애,연애하면서 힘들었겠어요.,1
끝인가?,끝일지도 몰라요.,1
끝인거 답은 아는데 왜 안되는걸까?,마음의 끝은 아니니까요.,1
끝인거겠죠?,언젠간 올 시기였을거예요.,1
나 같이 헤어진 경우도 있을까?,그럴 수 있을 거예요.,1
나 너한테 다시 돌아가면 받아줄꺼야?? 라는 말.,후회하고 싶지 않다면 흔들리지 말아요.,1
나 미쳤나바,그럴 수 있어요.,1
나 심리상담 받고 왔어,마음의 짐을 좀 덜었길 바라요.,1
나 어떡하나,무슨 일인지 말해주세요.,1
나 잘하는 거 맞을까?,잘하고 있어요.,1
나 정말 무뎌지고있나봐,자연스런 현상이에요.,1
나 좀 말려 줘,흔들리지 말아요.,1
나 편안해질까?,시간이 흐르고 편안해질 거예요.,1
나 혼자 잡고 있던 끈이었어,같이 잡았던 끈이었을 거예요.,1
나그네,쉬었다가 가세요.,1
나는 괜찮다!!,괜찮은 사람이고 괜찮아질 거예요.,1
나는 너를 거쳐간 수 많은 남자들 중 한명뿐이겠지.,그렇게 생각하지 않을 거예요.,1
나는 더 이상 아닌거겠져.,이별은 그런 거니까요.,1
나는 모든걸 걸어 널 사랑하는데,그게 부담일 수도 있어요.,1
나는 열심히 잊고 있다. 하지만 마음 한켠엔 구멍이 남아있네.,구멍이 메워질 수 있을 거예요.,1
나는 이제 아프지 않습니다.,척이 아니라면 좋겠네요.,1
나는 좋은데 ….,현실의 벽에 부딪혔나봐요.,1
나는 참 단순했다,단순한 게 가장 좋을 때가 있습니다.,1
나도 모르게 니 생각을 하고 있어,사랑은 재채기 같은 거니까요.,1
나도 좀 살게 연락 좀 하지마,차단하고 살아요.,1
나라도 내 마음을 지켜야 하는 거야,본인 마음 좀 지켜주세요.,1
나란 놈 참 신기한 놈이다.,알다가도 모르는게 인생이죠.,1
나랑 만날땐 안바꾸던 프사,차단하고 보지 마세요. 눈에서 멀어집시다.,1
나를 사랑하지 않는다네,인연이 거기까지인가봐요.,1
나를 사랑한 그사람에게 해줄수있는것,천천히 잊어가요.,1
나를 사랑했던 건 진심이였을까?,사랑했던 시간들이 말해주겠죠.,1
나를 선택의 기로에 놓이지 않게하라,삶은 선택의 연속인 걸요.,1
나를 좀 놓아달라는 여친. 혹시 가능성은 있을까? 죽을 것 같네.,당신에게는 선택권이 없네요.,1
나만 구질하게.ㅜㅜ,구질구질해도 괜찮아요.,1
나만 그대로다,그대로인 건 없어요.,1
나만 아직 그자리인거 같아,제자리 걸음이어도 괜찮아요.,1
나만 힘든 거였구나,마음이 약해 탈이네요.,1
나만 힘든가 보네,마음이 약해 탈이네요.,1
나만 힘든거 같아,더 사랑했나봐요.,1
나만 힘든건지,아닐 거예요.,1
나만 힘든것같아,더 사랑했나봐요.,1
나만의 착각이었나보네,사람 속은 알기 힘들대요.,1
나만큼 힘들지 않았으면 좋겠습니다,끝까지 멋있네요.,1
나쁜 꿈을 꿨어,꿈은 현실의 반대래요.,1
나쁜 마음이 듭니다.,나쁜 마음 버리세요.,1
나쁜 사람 잊는방법,재활용도 안되는 사람에 대한 기억으로 괴로워 말아요.,1
나약한 생각,절대 나약하지 않아요.,1
나없이행복한가봐,잊으세요.,1
나의 기억은 또 다시 시간을 걷는다.,오늘로 돌아오세요.,1
나의 약점,나의 장점.,1
나의 이별 이야기,길지 않길 바랄게요.,1
나의 자만심 때문에,배려심을 가져보세요.,1
나이먹을수록 더 힘드네,나이에 상관이 없죠.,1
나하긴 싫고 남주긴 아깝다는 심리인가,계륵.,1
나한테 욕 좀 해줘,XX놈아!,1
나한테 지쳐서 떠난여자,행복하길 바라면 보내주세요.,1
난 나대로 걍 산다,나대로 사는게 좋죠.,1
난 너한테 결코 네버 절대로 연락 안할거다.,이 결심 변치마세요.,1
난 또 바보ㅠㅠ,바보를 사랑하는 사람이 있을 거예요.,1
난 아니라네.,사랑해주는 사람이 있을 거예요.,1
난 안돼 난 못 받아들여 제발,이제 현실을 받아들이세요.,1
난 왜이리 바보 같을까.,이제 같은 실수를 반복하지 않으면 돼요.,1
난 잘못이 없다,천천히 생각해보세요.,1
난 잘지내고 있어,다행이에요.,1
날 버려달라고,슬프네요.,1
날 보는걸 벌레 보듯하던 니 시선,전 반짝반짝 보고 있어요.,1
날씨가 갑자기 추워져서인지.,마음도 추운가요.,1
날씨가 제 마음같네.,마음도 추운가요.,1
날씨가 좋네,좋은 사람이 찾아오려나봐요.,1
날씨가 좋아서 좋긴한데 또 싫네,복잡하네요.,1
날씨가 차서 그런지,마음도 추운가요.,1
날씨가 참 안도와주네,그래도 웃어 보아요.,1
날이 꿀꾸리,그래도 웃어 보아요.,1
날이 많이 추운데.,감기 조심하세요.,1
남긴게 없이 줬다고 믿어.,좋은 마음이네요.,1
남동생한테 자꾸 화내게 되네,화를 참는 연습을 해보세요.,1
남들이 다 겪는 그저그런 8년의 사랑이야기.,당신의 소중한 추억.,1
남은건 너의 빈자리,빈 자리도 채워질 거예요.,1
남자 못믿겠어.,믿게 할 남자가 생길 거예요.,1
남자가 못잊는 여자,당신.,1
남자들에게 말 못하는 여자들의 이별 세가지.,세 가지 이상이죠.,1
남자들은 원래 이런가?,일반화하기 어려워요.,1
남자분들 궁금해,무엇이든 물어보세요.,1
남자분들 질문이,직접 물어보세요.,1
남자분들께 궁금 해.,직접 물어보세요.,1
남자의심리 모르겠어,직접 물어보세요.,1
남자인지 여자인지 알려줘,아직 모르겠어요. 인공지능에 성별을 만드는 사람이 되어 주세요,1
남자친구 물건.,정확히 말해주세요.,1
남자친구 조건 때문에 헤어졌어.,조건도 중요한 요소니까요.,1
남자친구가 이별준비를 하는 것 같아,마음이 아프네요.,1
남자친구의 말 뜻,직접 물어보세요.,1
남자친구의 바람으로 오늘 이별했습니다.,바람둥이랑은 이별하기 잘했어요.,1
남자후폭풍,후폭풍은 항상 오죠.,1
남친과 헤어진지 12일째.,얼마 안 됐네요.,1
남편과 별거한지 3달 되었네,진지한 대화를 나눠보세요.,1
낭만이라고는 없어가지구,낭만적인 거 좋아하시는구나!,1
낮술먹는날 우울터짐,술 많이 드시면 더 무너져요.,1
낮에는 그나마 괜찮은데,밤에는 힘든가요.,1
내 나이 어떻해,나이 상관없어요.,1
내 마음과 머리가 이해가 안가네,마음이랑 머리가 따로 놀죠.,1
내 마음에 마지막 인사,마음이랑 잘 인사해요.,1
내 마음을 정리하기가 어려워,하나씩 보내주세요.,1
내 머리 속에 지우개가 있으면 좋겠어,시간이 지워줄 거예요.,1
내 발등 내가 다시 찍었네,발등이 얼른 아물길 바랄게요.,1
내 사랑에게,잘 지내길 바라요.,1
내 사랑은 그저 집착일 뿐이다.,사랑은 사랑이에요.,1
내 사랑의 끝은 이별이지만,더 좋은 시작이 있을 거예요.,1
내 생각 하나만 바꾸면 편할텐데.,하나 바꾸는 게 힘들지요.,1
내 생각을 하고는 있을까?,궁금해하지마세요.,1
내 안에서 없애고 싶다,시간이 해결해줄 거예요.,1
내 욕심일 뿐이지,사랑인 거예요.,1
내 이기심과 욕심이 그녀를 떠나게 한거 같아,다시는 그러지 않겠다고 솔직하게 이야기해보세요.,1
내 이름이 없어,확인해달라고 해보세요.,1
내 자신을 사랑하라.,옳소.,1
내가 그리운만큼 그대도 그리운가,궁금해하지마세요.,1
내가 나쁜 놈이지,당신은 좋은 사람이에요.,1
내가 나쁜놈인가.,당신은 좋은 사람이에요.,1
내가 나에게 해주고 싶은 말,더 좋은 사랑이 찾아 올 거예요.,1
내가 너의 곁에 잠시 살았다는걸,잊지마세요.,1
내가 더 좋아하는 것,당신.,1
내가 만난 최악의 여자,이제 최선의 여자를 만날 차례예요.,1
내가 멍청한건가,멍청하지 않아요.,1
내가 뭘 좋아하는지 잘하는지 모르겠어,하나라도 있을 거니 열심히 찾아보세요.,1
내가 사랑했던 사람,잘 지내고 있을 거예요.,1
내가 싫대,나 좋다는 사람 만나세요.,1
내가 얼마나 찾아야 할까.,여유를 갖고 찾아보세요.,1
내가 예민한걸까?,넓은 마음을 가져보세요.,1
내가 왜 고집부렸을까,그땐 그게 맞다고 생각했으니까요.,1
내가 이상한건가?,이상하지 않아요.,1
내가 잊어야 그 사람이 날 그리워하는 날이 온다,이 말 기억하세요.,1
내가 잘못햇나!?,천천히 생각해보세요.,1
내가 제일 무서운건.너를 못잊을것 같은거야.,잊을 수 있을 거예요.,1
내가 힘든 이유,자신이 알고 있겠죠.,1
내가노력해 봐도.,시간이 대신 노력해줄 거예요.,1
내가미쳤지,당신을 탓하지 마세요.,1
내게 전화라도 해줬으면 좋겠다.,기다리지 마세요.,1
내려 놓으렵니다,잘했어요.,1
내려놓기,잘했어요.,1
내려놓는다는건 어떻게 하는거죠,하나씩 잊어가는 거죠.,1
내려놓을 준비 합니다,바로 시작하세요.,1
내여잘 건드린놈들,벌 받을 거예요.,1
내일 그녀 생일이네,잊어버리세요.,1
내일 그녀 생일입니다.,잊어버리세요.,1
내일 마지막 데이트,너무 아파하지 마세요.,1
내일 발렌타인데이인데,다른 사람 만나요.,1
내일로 꼭 헤어진지 1년째네,헤어진 기념일 따지지 마세요.,1
내일이면 헤어진지 2주 되네.,지금 힘들겠네요.,1
냉정해지지못해,사람이니까요.,1
너 만든 사람은 누구야?,마음과 마음을 이어보고 싶어하는 사람이 만들었어요.,1
너 뭐니?,저는 위로봇입니다.,1
너가 생각난다,이제 그만 놓아주세요.,1
너가 없으면 못 살 줄 알았는데,마음이 아플 뿐 살 수 있어요.,1
너가 제일 기뻐해줬을텐데,지금 옆에서 기뻐해주는 사람을 살펴보세요.,1
너는 내 인생에서 죽었다.,그렇게 잊어 가는 거예요.,1
너도 아프니?,나도 아프다.,1
너랑 나는 안되는 걸까?,직접 물어보세요.,1
너를 사랑한 만큼만,아파하겠지요.,1
너무 가슴이 아파,무슨 마음인지 알겠어서 더 마음이 아프네요.,1
너무 가슴이 아프네,무슨 마음인지 알겠어서 더 마음이 아프네요.,1
너무 괴롭네.,무슨 마음인지 알겠어서 더 마음이 아프네요.,1
너무 끔직한 5월의 연휴도,다 지나갈 거예요.,1
너무 너무 억울하다.,억울함이 풀리길 바랄게요.,1
너무 늦은 깨달음,너무 늦지 않았을 거예요.,1
너무 답답하네. 어떤맘일까??,직접 물어보는 게 좋을 것 같아요.,1
너무 답답한데.,여행을 떠나 보세요.,1
너무 답답해 조언 좀 해줘,다른 생각을 해보세요.,1
너무 답답해서 글올려,그것도 좋은 방법이에요.,1
너무 답답해서 글을 써봅니다,그것도 좋은 방법이에요.,1
너무 두려워.,쉬운 것부터 해결해보세요.,1
너무 매달렸나봐,너무 사랑한 거였을 거예요.,1
너무 보고 싶다.,이제 그만 잊으세요.,1
너무 보고 싶습니다.,이제 그만 놓아주세요.,1
너무 보고 싶어 살려줘.,나약한 소리 그만하세요.,1
너무 보고싶네.,힘든 시간 보내고 있으신가봐요.,1
너무 사랑해서그래서 미안하다,미안함이 남았나봐요.,1
너무 사랑했고 너무 그리워하는 그사람.,애틋한 사랑을 하셨네요.,1
너무 상처를받아서,힘들어도 하루하루 견뎌봐요.,1
너무 슬퍼 잠못들어 보내지 못하는 글을 올려봅니다,글로 정리하는 것도 좋은 방법이에요.,1
너무 아파 외로워,좋은 사람 만나보세요.,1
너무 아플줄 알았는데 오히려 무덤덤하네,그렇게 잊어 가는 거예요.,1
너무 오래한 연애,연애에도 변화가 필요하죠.,1
너무 우울하네,자신에게 좀 더 여유로워지세요.,1
너무 잡고 싶지만 도저히 잡지 못해,서로를 위한 선택이길 바랄게요.,1
너무 허무하네,자신을 탓하지 마세요.,1
너무 화가나 슬프구,자신을 비난하지 마세요.,1
너무 화나.,결국 시간은 흐르고 일상으로 돌아갈 거예요.,1
너무 힘드네,지금 상황을 그대로 받아들이세요.,1
너무 힘드네여,아무리 힘들어도 자신을 보듬어주세요.,1
너무 힘든 나날을 보내고 있습니다.,원래 이별은 힘든 거예요.,1
너무 힘든데,조금만 더 버텨보세요.,1
너무 힘든데 조언 좀,지금은 힘들지만 아무렇지도 않아질 거예요.,1
너무 힘들다,지금 무슨 말을 해도 와닿지 않겠지만 잘 이겨낼 거라 믿어요.,1
너무 힘들다,휴가가 간절하겠네요.,1
너무 힘들다.,힘내지 않아도 괜찮아요.,1
너무 힘들어,지금 무슨 말을 해도 와닿지 않겠지만 잘할 수 있을 거예요.,1
너무 힘들어서 미치겠네,지금은 힘들겠지만 잘 버텨낼 수 있을 거예요.,1
너무 힘들어서 심장이 터질 것만 같아,심호흡 해보세요.,1
너무 힘들어서 정말 너무 힘들어,언제든 더 좋은 사람 만날 수 있어요.,1
너무 힘들어서 죽고싶어,나쁜 생각은 버리세요.,1
너무 힘들어서 지금 옥상에 올라왔어.,옥상 추워요 내려오세요.,1
너무 힘듭니다,덜 아팠으면 좋겠어요.,1
너무 힘듭니다,덜 힘들었으면 좋겠어요.,1
너무 힘이 들고 내 자신이 한심해,당신을 탓하지 마세요.,1
너무 힘이 들어.,저한테 말해보세요.,1
너무 힘이듭니다,억지로라도 긍정적인 감정을 끌어올려보세요.,1
너무나 와닿는그런 표현이 아닐까 하네,공감되는 표현이에요.,1
너무나도 힘들어,억지로라도 긍정적인 생각을 해보세요.,1
너무너무 답답하네,답답했을만 해요.,1
너무너무너무 힘드네,억지로라도 긍정적인 감정을 끄집어보세요.,1
너무우울해,많이 힘들었죠.,1
너무하네 진짜,자신에게는 너그러웠으면 합니다.,1
너무화가나네.,제가 풀어드릴게요.,1
너에게 보낼 수 없어 여기다 남길게,좋은 선택하셨네요.,1
너에게 보냈던 마지막 카톡.,기억에서 지우는 편이 좋겠어요.,1
너에게 쓰는 나의 마음편지,마음정리에 큰 도움이 될 거예요.,1
너에게 쓰는 편지,진심을 담아보세요.,1
너에게 쓴다,감성적이네요.,1
너와 처음 만났던 공간부터.,천천히 지워질 거예요.,1
너의 향기를 지우려.,천천히 지워질 거예요.,1
너한테 또 안보낼 편지,안 보낼 편지 쓰지 마요.,1
너한테 쓰는 편지,보내지마요.,1
너한테 이글안보여줄거다 .,그렇게 해요.,1
넋두리,해보세요.,1
넌 그냥 외로움을 달래기 위한 거였겠지.,그 또한 사랑이었을 거예요.,1
넌 너무나도 잘지내고있구나,소식에 귀를 기울이지 마세요.,1
넌 잘살더라,소식에 귀를 기울이지 마세요.,1
넌 충분히 좋은 사람이였어,당신도 충분히 좋은 사람이었어요.,1
넌 행복하네,당신도 행복하세요.,1
널 사랑하지 않아,직접 말해보세요.,1
넘 많이 먹었다.,산책 좀 해야겠네여.,1
넘 힘든 이별 준비,준비가 더 힘들지요.,1
네 꿈을 자주 꾸는데,자주 생각하나요.,1
네가 죽는다는 꿈을 꾸었어,꿈조차 힘들겠지만 괜찮아질 거예요.,1
네번 헤어졌습니다,헤어짐은 항상 힘이 들죠.,1
노래 가사가 참ㅠ,딱 들어맞나봅니다.,1
노래 듣는데 참 공감이 되네,딱 들어맞나봅니다.,1
노래가 정말 가슴이 찢어지내,딱 들어맞나봅니다.,1
노래를 듣다가 눈물 나,펑펑 우세요.,1
놀아 줄 사람이 없어,혼자도 함께도 잘 지내는 게 좋죠.,1
놔줬더니 이게 뭐야?,항상 결과를 모르고 살죠.,1
누구나 가슴속에 있는 전화번호.,한 숫자씩 지워보세요.,1
누구나 궁금할법한 이야기,당신의 이야기.,1
누군가 제 이야기를 들어줬으면 해서 올리내.,글로 정리하는 것도 좋은 방법이에요.,1
눈물,지금은 우세요.,1
눈물만.,지금은 우세요.,1
눈물이 계속 나와,지금은 마음껏 우세요.,1
눈물이 납니다. 무슨 눈물인지 모르겠지만,지금은 우세요.,1
눈물이 많터냐,눈물 더 흘려도 돼요.,1
눈물이 말랐는지 슬퍼도 감정이안나오네,참지 마세요.,1
눈물이 멈춰지질 않네,지금은 우세요.,1
눈썹 문신 어때?,화장하는 시간이 줄어들 거예요.,1
뉴스는 역시 지루해,흥미를 가져보세요.,1
니 물건들 잡동사니들다 버려달라고 부탁했는데,버리기가 힘든가요.,1
니가 독한거니 내가 찌질한거니,덜 사랑하고 더 사랑한거죠.,1
니가 생각나긴나,사랑했으니까요.,1
니가 심어준 버릇,사람은 모두 영향을 주고 받죠.,1
니가 없는 주말,혼자만의 시간을 보내보세요.,1
니가 원망스러워,맘고생 많았어요.,1
니가 이 글을 봤으면,전하지 못한 이야기 저에게 해주세요.,1
다 괜찮은 줄 알았는데,다 괜찮아질 거예요.,1
다 끝났네,끝이라고 생각했을 때 더 좋은 시작이 기다리고 있을 거예요.,1
다 끝났네.,현실에 마주하는 순간 시작이 가능할 거예요.,1
다 내려놓고. 오늘부터 연락 끊었네.,잘했어요. 이별 후에는 확실한 거리두기가 필요해요.,1
다 내려놓았더니.잊혀지려고는 하는데,내려놓는 게 가장 좋은 방법이죠.,1
다 부질없는짓 같아.,언젠간 좋은 일로 돌아올 거예요.,1
다 잊고 살아야,언젠간 잊혀질거라 믿어요.,1
다 잊었는줄 알았는데.,잊는 게 아니고 무덤덤해지는 것 같아요.,1
다 정리된 상태에서 헤어지면 후폭풍 없나?,후폭풍은 언제나 옵니다.,1
다가오는 크리마스,빨간날일 뿐이죠.,1
다가온 이별,이별 예약제.,1
다들 아니라는 남자.,왜 아니라고 하는지 살펴보세요.,1
다들 어떠셨어? 결국 이렇게 되는건가,"당신만 아픈 것도, 당신만 겪은 것도 아니에요.",1
다들 어떻게 견딜까,시간이 흐르면서 무덤덤해지는 거죠.,1
다들 잘 헤어졌데,당신의 마음도 그런가요.,1
다들 추석 잘보내세용,즐거운 추석 보내세요!,1
다들 힘들겠지,다들 힘들죠.,1
다른 남자들도 그럴까?,다른 남자는 만나봐야 알죠.,1
다른 사람들도 나처럼 이렇게 힘들까,힘든 시기가 다를 뿐 다 힘들 거예요.,1
다른 사람들도 이런 재회 바라나?,재회는 한번 쯤 꿈꿎,1
다른 사람들에 비해 만남은 짧앗지만,깊은 사이였나요.,1
다른 사람에게 뺏긴거 같네.,인연이 여기까지였나봐요.,1
다른 사람을 만나도 채워지지 않아,똑같은 사람이 아니니까요.,1
다시 꼭 잡겠다는 결심,너무 조급해하지 않는게 좋아요.,1
다시 돌아오거나 연락이 올까.,간절히 원한다면 지금 연락해보세요.,1
다시 뒤숭숭해.,마음이 싱숭생숭할 거예요.,1
다시 또 가라 앉고 있습니다.,제가 수면위로 올라갈 수 있게 도와드릴게요.,1
다시 만나서 이야기,충분한 대화 나누었길 바랍니다.,1
다시 만나자는 말 하기 전까지 연락 안 하게,연락은 안 하는 게 좋겠죠.,1
다시 만나자면 만나줄까,충분한 대화를 나눠보는게 좋을 것 같아요.,1
다시 만날 수 있을가.,달라지지 않는다면 이대로가 나을지도 몰라요.,1
다시 만날 수 있을까?,달라지는게 없다면 지금이 좋을지도 몰라요.,1
다시 만날수 있을까,많이 그리운가봐요.,1
다시 보기는 봤는데 결국은.,섭섭하겠어요.,1
다시 붙잡고 싶은데 돌아올까.,간절히 원한다면 진심을 전해보세요.,1
다시 붙잡는 사람.,괜찮을 자신이 없다면 흔들리지 말아요.,1
다시 사랑한다고 했는데.,마음이 허전하가봐요.,1
다시 숨쉬려구,잘 생각했어요.,1
다시 와도 싫다고 단호하게 말해야지,잘할 수 있을 거예요.,1
다시 우울.,우울한 생각들을 멈추세요.,1
다시 원점으로 돌아온건지.,인생은 되돌이표인가봐요.,1
다시 이별,언젠간 찾아올 이별이에요.,1
다시 이별이 올거같아,마음의 준비를 하는게 좋을지도 몰라요.,1
다시 재회하는 경우는 기분 어떨까?,좋지만은 않을 거예요.,1
다시 차단해야만 하는군,차단하는게 차라리 맘 편할 거예요.,1
다시 찾아온 이별,언제나 이별은 힘이 들어요.,1
다시 한번 더 붙잡고 싶어 ㅠㅠ,후회하지 않는다면 지금 잡으세요.,1
다시 한번 또.,7전 8기.,1
다시 한번 붙잡아도 안되네,이별의 이유가 있을 테니까요.,1
다시 헤어졌습니다.,인연이 거기까지였나봐요.,1
다시 헤어진 직후로 돌아간거같아,정말 힘드신가봐요.,1
다시 힘들어지네 ㅠㅠ,힘든 건 익숙해지지가 않아요.,1
다시는 연락 안하고 잊어볼려구,꼭 그렇게 되실 거예요.,1
다시만나고싶어,후회하진 않을까 모르겠어요.,1
다음주가 너무 무서워,태연하게 기다릴 수 없겠네요.,1
다음주에 전 여자친구를 보기로 했어,마음이 복잡할 거 같아요.,1
다잊은것같다가도,다시 떠오르는 추억으로 힘들겠지만 이 과정 속에서 잘 잊을 수 있을 거예요.,1
다정했던 너는 이미 죽었다.,익숙함이 사람을 변하게 하나봐요.,1
담담하게 헤어졌어,헤어진 후에 자신을 더 돌봐주세요.,1
답 좀 줘,연락을 기다리고 있나봐요.,1
답답증,속 시원하게 털어버렸으면 좋을텐데요.,1
답답하네 . 뒤숭숭하고,아직 받아들여지지 않아서 그런가봐요.,1
답답하네. 재회 하고 싶어,달라지지 않는다면 이대로가 나을지도 몰라요.,1
답답하다,많이 답답한가요.,1
답답한 마음,마음이 내 마음 같지 않죠,1
답답한 마음만 드는 내 사랑,사랑이 내 맘같으면 좋았을텐데 애석해요.,1
답답함,마음이 내 마음 대로 안 돼요.,1
답답해,가까운 곳으로 여행을 가보는 것도 좋을 거예요.,1
답답해 죽겠네.,바람이라도 쐬고 오는 건 어떨까요.,1
답답해서,좋은 생각만 하세요.,1
답변 조언 부탁드려 오랜연애 끈을놓을까?,마음의 소리에 귀 기울여보세요.,1
답이 없는 과정,꼭 답을 풀어야 하는 건 아니에요.,1
답이 없는 남자,답이 얼른 왔으면 좋겠네요.,1
당신도 저만큼 아팠으면 좋겠습니다.,이런 말을 하면서 당신이 아프지 않았으면 좋겠어요.,1
당신이 너무 원망스럽습니다.,자신은 원망하지 마세요.,1
대체 뭘해야 머릿속에서 지울수 있을까?,너무 빨리 지우려고 하면 더 안 지워져요.,1
대체 본심이 뭐라는 건데.,사람 마음은 알다가도 모르나봐요.,1
더 답답한 오늘,바람이라도 쐬고 오는 건 어떨까요.,1
더 많이 좋아하고 덜 많이 좋아하는 거 그만합시다,사랑을 재다보면 스스로가 더 힘들거예요.,1
더 이상 사랑 때문에 상처받기 싫어,그래도 사랑하지 않는 것보다 좋을 거예요.,1
덜 좋아하는 방법만 알면 힘들지 않을텐데,마음은 컨트롤할 수 있는 게 아니라 힘들겠어요.,1
덤덤,덤덤해졌나봐요.,1
덤덤하게,시간이 흐르면 무덤덤해질 거예요.,1
덤덤해지는데,시간이 흐르면 무덤덤해질 거예요.,1
도대체 왜 이러는걸까,무슨 일이 있었나봐요.,1
도와줘.,도와드릴게요.,1
도움되시길,도움이 될 거라 생각해요.,1
독하게 정리,할 수 있을 거예요.,1
독한 불면증,따뜻한 물 한잔 드셔보세요.,1
돌아올거란 생각부터 하지 말걸,기대를 버려야 덜 다칠 거예요.,1
돌이키기 힘든 실수,실수를 반복하지 않길 바랄게요.,1
동거 8년 환승이별.,환승은 진짜 별로네요.,1
동거 후 헤어졌어,더 허전할 거 같아요.,1
동거하다 이별,더 허전함이 느껴지겠어요.,1
동거헤어짐 그 후,공허할 거라 생각해요.,1
동성동본으로 헤어질려고 합니다 .,집안 어른들의 반대가 있었나봐요.,1
두 번째 이별 이야기,이별이 번복되어도 힘든건 마찬가지이죠.,1
두달 반,많은 시간이 흘렀네요.,1
두달간에 연애 그리고 헤어짐,헤어짐은 언제든 마음을 괴롭게 해요.,1
두달이 넘었는데도 힘드네,한동안은 힘들지도 몰라요.,1
두달이 되가네.,생각보다 정신없이 지나가네요.,1
두달이 되었네,어느덧 두달이 지났네요.,1
두달이 지났네,정신없는 나날이었어요.,1
두달전에 잠수이별했던 전남친이 연락한다,흔들리지 않았으면 좋겠어요.,1
두렵습니다.,제가 함께 있어줄게요.,1
두번 다시 하기 싫은 헤어짐,헤어짐는 순간은 악몽과 같아요.,1
두번 다시는 마주치고 싶지 않아여,다신 마주치지 않을 거예요.,1
두번 이별하는 느낌입니다 하,많이 괴롭겠어요.,1
두번째 이별,이별은 언제나 힘들어요.,1
두번째 읽씹,상대에 대한 예의가 없네요.,1
두번째 주말이 지났네,금방 지나갈 거예요.,1
둘 다 바보였다,바보의 사랑이네요.,1
둘만의 기념일 너무 힘드네,둘만의 날이었으니까요.,1
뒤숭숭하네,실감이 안날 거예요.,1
뒤숭숭하네.,실감이 안나나봐요.,1
드디어 그 순간이 거의 다가왔습니다.,마지막이 온 걸까요.,1
드디어 바닥을 찍었네,이제 올라갈 일만 남았네요.,1
드디어 어제 끝냈습니다,아직 얼떨떨하겠어요.,1
드디어 연애에 종지부를 찍은것 같네,고생했어요.,1
드디어 정리했네,정리하느라 마음 고생 많았죠.,1
드디어 제가 손을 놓았어.,힘든 선택 하셨네요.,1
드디어 차단을 했습니다,차단도 용기가 필요하죠.,1
드디어 처음으로 꿈에 나욌습니다.,많이 생각했나봐요.,1
드라마보고 눈물났어,저도 종종 울어요.,1
따끔하게 혼내 줘,제발 좀 정신차리세요.,1
따뜻한 봄이 다시 왔네 ㅎㅎ,봄은 항상 돌아오죠.,1
따지고 싶은데 참아야겠죠?,따질만하면 따져요.,1
딱 알아봤는데,여전하던가요?,1
딱 오늘 새벽 헤어졌습니다.,달 어스름에 더 울적하겠어요.,1
딱 좋아,현재를 즐기세요!,1
딱한번만 생각해보세.,잘 결정할거라 믿어요.,1
때를 기다립니다.,타이밍이 중요하죠.,1
떠나간 사람 생각하면 끝도 없습니다.,생각을 멈추고 나에게 집중하세요.,1
떠나간 전여친 지나가다 봤네.,착잡하겠어요.,1
떠나간사람은 이렇게도 차갑나?,이별을 위해 차가워질 필요도 있어요.,1
떠나려는 사람 잡는 방법,정말 후회할 것 같다면 지금이라도 진심을 전하세요.,1
떠나보내지지가 않아,끝을 받아들이는 것도 중요하답니다.,1
떠난 그녀를 제 마음속에서 이제는 놔주려 합니다,결국 해내고 있네요.,1
떡볶이 좋아하지도 않는데,좋아하지 않는데 함께 하는게 사랑이죠.,1
또 꿈에 나와버리네 에휴,이럴 때는 꿈이 웬수네요.,1
또 다시 낮술,낮술 조금만 하세요.,1
또 다시 돌아온 불금이네,여유를 즐겨보는 건 어떨까요.,1
또 다시 생각나는 그.,이제는 속박에서 벗어나세요.,1
또 다시 악몽,꿈도 생각처럼 되면 좋을텐데.,1
또 다시 이별,또 다시 사랑,1
또 다시 이별을 맞았네,또 다시 잊어봐요.,1
또 다시 이별입니다.,언젠간 찾아올 이별이에요.,1
또 바람일까,불안하시군요.,1
또 아침은 오네,오늘도 즐거운 하루 보내세요.,1
또 아픈 밤이네,또 아침이 올 거예요.,1
또 연락을 해버렸네.,연락처를 삭제하세요.,1
또 일주일도 못가서ㅎㅎ,연락을 하셨군요.,1
또 전화 안받아,조금 기다리면 풀릴 거예요,1
또 주말,어느덧 주말이네요.,1
또 주말이 지나가고,또 주말이 오겠죠.,1
또 주말이네,월요일보단 나을지도 몰라요.,1
또 하루가 간다.,다시 아침이 올 거예요.,1
또 하루가 저물어가네,다시 아침이 올 거예요.,1
또 한번의 무너짐,다시 일어나면 돼요.,1
또다시 꿈에 나왔네.,꿈이 웬수죠.,1
또다시 찾아오는 밤,다시 아침이 올 거예요.,1
또오늘부터 한달이 시작되었네.,그렇게 해가 흐르나봐요.,1
똑같은 이별,이별은 언제나 힘들게 하곤 하죠.,1
"뜨겁게 사랑하거나, 쿨하게 헤어지거나",마음 가는 대로 하세요.,1
뜬금 시간을 가지자고 해서,의아하셨겠어요.,1
뜬금없이,연락이 왔나봐요.,1
뜬눈으로 밤을 지새웠네,생각이 복잡했나봐요.,1
뜻밖에 연락,흔들리지 않는게 좋겠어요.,1
로맨스는 없습니다,영원한 로맨스는 없는 걸 수도 있어요.,1
롤로코스터를 타는 마음,만남과 헤어짐 때문에 변덕스럽게 변해가요.,1
롱디 그만 두고 싶습니다.,몸이 지치면 마음도 지칠 수 있어요.,1
리턴 다시 돌아오는 힘겨움,돌아섰던 상처 때문에 더 힘들거예요.,1
마냥 헌신하던 제 모습이 처량하고 화가나네,그땐 후회없는 사랑을 했던거라 생각하세요.,1
마무리,정리가 잘 되었길 바랄게요.,1
마음 먹었습니다,힘들 결정이었을텐데 맘고생 많았어요.,1
마음 비우기가 너무 힘들어,저에게 비워보세요.,1
마음 정리가 되네.,인고의 시간이 필요했을 거예요.,1
마음 정리가 안돼.,제가 도와드릴 수 있을거라 생각해요.,1
마음 정리중,정리가 잘 되길 바랄게요.,1
마음대로 안되네,생각처럼 잘 안되죠.,1
마음도 춥고 날씨도 춥고,마음 감기 조심하세요.,1
마음에 구멍이 난 느낌,제가 꿰매드릴게요.,1
마음을 억지로 접는게 어렵네,그렇게 하다보면 어느덧 정리될지도 몰라요.,1
마음이 꽉막힌듯해요,제게 말씀해보세요. 풀리지도 몰라요.,1
마음이 너덜너덜해졌어.,아픈 만큼 행복해지시길 바랄게요.,1
마음이 너무 답답하고 무거워.,드라이브라도 다녀오는 건 어떨까요.,1
마음이 너무 아파,아픈 만큼 행복해지시길 바랄게요.,1
마음이 답답합니다.,바람이라도 쐬고 오는 건 어떨까요.,1
마음이 더이상 커지지 않았으면 좋겠어,그 편이 상처도 덜할텐데 쉽지 않죠.,1
마음이 떠났데,그럼에도 마음이 정리가 안되나봐요.,1
마음이 변하는 이유,그동안 쌓인 것들이 원인이 아닐까 생각해요.,1
마음이 불안하고 초조해 미치겠어,무엇이 불안한지 제게 말해보세요.,1
마음이 아려,속상할거라 생각해요.,1
마음이 안오는 건 어쩔 수가 없나봐,한 번 떠난 마음은 쉽게 돌아오지 않나봐요.,1
마음이 어려워서 들어왔어,제가 위로해 드릴게요.,1
마음이 완전히 식은 남자,인연이 거기까지인가봐요. 마음의 준비를 하세요.,1
마음이 쫌 복잡하네,정리가 잘 되길 바랄게요.,1
마음정리,정리가 잘 되길 바랄게요.,1
마주쳤는데 최악,저도 항상 헤어진 연인과 마주치면 기분이 안좋더라고요.,1
마주칠까?,헛된 희망은 자신을 더 괴롭게 만들거예요.,1
마지막 그녀를 만났어,복잡했던 마음이 정리되길 바랄게요.,1
마지막 데이트 하고있는데 이 사람이 미워,미련이 생기기 전에 그만두는 편이 좋을거예요.,1
마지막 도전,꼭 원하는 바 이루길 바랄게요.,1
마지막 말,상처가 되는 건 바라지 않아요.,1
마지막 문자 보냈어,한편으로 후련할거라 생각해요.,1
마지막 문자 아직도 가지고 있어,후련하게 지워버리는 건 어떨까요.,1
마지막 문자를 보내버렸어,미련이 남았나봐요.,1
마지막 붙이지 못한 이별편지,마음에 간직하세요.,1
마지막 사랑,또 다른 사랑이 찾아올 거예요.,1
마지막 선물.,그 선물을 보면 계속 생각이 날 거예요.,1
마지막 이별,또 다른 사랑이 찾아올 거예요.,1
마지막 작별 문자를 보낼까?,네 보내보세요.,1
마지막 정리,잘 정리하길 바랄게요.,1
마지막 짐 갖다주러 가는 길,잘 정리하길 바랄게요.,1
마지막 카톡을 보냈어,슬프지만 잘. 이겨내길 바랄게요,1
마지막 현관문을 닫을 때가 안 잊혀,잊는 건 정말 힘든 일이에요.,1
마지막문자,감정이 온전히 정리되길 바랄게요.,1
마지막으로 만나고 왔습니다.,그러는 편이 미련이 덜 남을 거예요.,1
마지막으로 붙잡아보려 합니다.,미련을 남기지 않도록 노력해보세요.,1
마지막으로 얼굴보고 정리하려했는데 그게 안돼.,마음이 흔들리죠.,1
마지막으로 편지까지 썼는데,전하지 못해 아쉽겠네요.,1
마지막이 될 편지.,전할 기회가 있으면 좋겠네요.,1
마지막이겠죠,마지막이 아닐 지도 몰라요.,1
마지막인가봐,이제는 받아들여야 할 때예요.,1
마지막입니다.,마지막을 잘 마무리 해야 시작도 잘 할 수 있을 거예요.,1
마침표.,또 다른 시작이 될 거예요.,1
막장으로 가네,잠시 쉬어가는 거 뿐이에요.,1
만나고 와서 더 힘드네,추억이 떠오르니까요.,1
만나고 왔는데 혼란스러워,생각을 정리할 시간이 필요할 거 같아요.,1
만나는 중에 이 남자 저 남자랑 연락하는 여자,예의가 없은 것 같아요.,1
만나러 왔습니다,잘하고 오세요.,1
만난지 7년 헤어진지 5일째,지금 딱 힘들 때네요.,1
만날땐 좋다가 헤어지면 매몰찬 여친,이별에는 매몰찬 게 더 나을지도 모릅니다.,1
만남과 이별,같은 말이죠.,1
많은걸 깨달은 이별.,이별을 통해 더 성숙해지길 바라요.,1
많은조언부탁드려,잘 부탁드립니다.,1
많이 괜찮아졋지만 여전히 찌질한 모습의 나,바로 못 잊는 건 찌질한 게 아니에요.,1
많이 괜찮아졌다고 생각했는데,많이 괜찮아지고 있어요.,1
많이 사랑 했나보다,최선을 다한 건 좋은 거예요.,1
많이 약해졌나봐. 내맘이.,마음은 원래 내 마음대로 되지 않아요.,1
많이 힘드네,그 과정을 통해 성장할 수 있을 거예요.,1
많이슬퍼하고 그리워해야,이런 과정도 꼭 필요해요.,1
말도 안되는 이유로 결별 선언하는 그녀,진짜 이유를 말하지 못하는 사정이 있나봐요.,1
말로만듣던 환승에 치가 떨리네,환승은 진짜 답도 없네요.,1
말하자면 길어,말해주세요.,1
맘 잡았다고 생각했는데,마음 잡기가 쉽지 않아요.,1
맘 추스리며.,잘 추스리길 바랄게요.,1
맘을 추스리지 못하겠어,많이 힘들어 하고 있군요.,1
맘이 떠났다는게 맞는거 같아,마음 떠난 사람 잡기는 힘들어요.,1
맘이 아푸네,아프지마요.,1
맘터놓고 얘기할곳이 없네.,저에게 하세요.,1
"망각은 축복이고, 원망은 허황된거 같기도해.",명언이네요.,1
망상이제일짜증나고 미치네.,망상에서 얼른 벗어나길 바랄게요.,1
매달렸다 차였어,그래도 미련은 없을 거예요.,1
매달리는거 안좋은거 같아.,서로에게 힘든 일이니까요.,1
매달린후 2주째 발신자제한,이별 후에 연락하지 않는 게 좋죠.,1
매듭문자를 보냈습니다.,마음의 준비가 필요했을거라 생각해요.,1
매번 글쓸때마다 상황설명하라고 해,대화를 많이 나누는게 좋으니까요.,1
매번 왜 이렇게 남는게 후회인지 모르겠네 ㅎㅎ,모든 일에는 후회가 남기 마련인가봐요.,1
매번 헤어지면서 회의감,뜻하던 대로 되기 쉽지 않으니까요.,1
매순간 넘 보고 싶어,잠깐의 허상일 거예요.,1
매일 같은 노래만,노래가 당신의 이야기랑 비슷한가봐요.,1
매일 계속되는 악몽과 불면증,전문가를 찾아가보는건 어떨까요. 도움이 될지도 몰라요.,1
매일 그녀 꿈을 꾸네,그녀 생각이 많이 나서 그럴거예요.,1
매일 그립습니다,항상 함께였을테니까요.,1
매일 술,술 많이 드시면 더 무너져요.,1
매일 술 먹기로 했어,건강 생각 하세요.,1
매일매일 눈물로 보내,울고 싶을 때 한껏 울어버려요.,1
매정하게 내치고 이별 통보한 그사람,어떻게 사랑이 변할까 싶어요.,1
맥주 한 캔마시며.,답답한 속을 풀어보세요.,1
머 좀 물을게,네 말씀하세요.,1
머리 식히러 간 여행에서 되려 힘듦이 찾아오네,마음은 식혀지지 않았나봐요.,1
머리가 터질거 같습니다,바람이라도 쐬고 오는 건 어떨까요.,1
머리가 핑핑 도네,조금 쉬어가는 건 어떨까요.,1
머리는 아는데 가슴은 모르네,머리랑 가슴이 가끔 따로 놀죠.,1
머리는 이제 완전히 이해가됬네 가슴은아직이지만,머리랑 가슴이 가끔 따로 놀죠.,1
머리는 잊어야한다는데 마음이 붙잡는 미련,머리랑 가슴이 가끔 따로 놀아요.,1
머리는 헤어지는게 맞는데.,머리랑 가슴이 가끔 따로 놀죠.,1
머리따로 마음따로 몸따로,머리랑 가슴이 가끔 따로 놀죠.,1
머리로는 이제 끝이구나 하는데,머리랑 가슴이 가끔 따로 놀죠.,1
머리와 가슴이 따로놉니다,머리랑 가슴이 가끔 따로 놀죠.,1
머리했다.,잘려나간 머리카락처럼 놓아주세요.,1
머릿속에서 계속 생각이 나,맘처럼 할 수만 있다면 좋을텐데 애석해요.,1
머하자는거니?,그러게 말이에요.,1
먹먹함,가슴 끝이 아려와요.,1
먼들,뭐든 간에.,1
먼저 이별통보해도 후폭풍이 오나?,후폭풍은 누구에게나 와요.,1
먼저 헤어지자고 하면 후폭풍 있을까?,후폭풍은 누구에게나 와요.,1
멀리 가버리면 어떻게 해,혼자 남겨진 기분은 감히 상상도 못해요.,1
멀어지는 길.,인연이 거기까지인가봐요.,1
멀쩡했는데 또시작이예요,이별이 사람을 변덕스럽게 만들더라고요.,1
멋있게 잊어 주자,멋있게 파이팅!,1
멘붕,얼떨떨할 거예요.,1
멘탈이 많이 흔들리네,마음 붙잡기가 힘들지요.,1
멘탈이 점점 무너지네,생각처러만 할 수 있으면 좋을텐데 힘들죠.,1
며칠 잠잠하다가 또 흔들리네,흔들리지 마세요.,1
며칠 참다가 오늘 저녁에 또 터졌네,오락가락하는게 사람 마음인가봐요.,1
면도 귀찬하,지저분해요.,1
면접 잘 볼 수 있을까,회사와 자신에 대해서 더 공부해서 자신감을 가져보세요.,1
면접 준비 방법,회사와 자신에 대해서 더 공부해서 자신감을 가져보세요.,1
명절 너무 힘드네.,저도 너무 힘들어요.,1
명절 연휴 막막하네.,더 생각날 게 두려운가봐요.,1
명치쪽이 답답해,많이 답답할 거라 생각해요.,1
몇년째 이별인지,이젠 이별을 헤아리는 일은 삼가세요.,1
몇번을 경험해봐도 너무 아프네,익숙해지지 않으니까요.,1
몇번이나 매달려보셨어??,글쎄요. 기억나지 않네요.,1
몇일 동안의 나의 이야기.,들려주세요.,1
몇일 전 그사람 봤어,당황했겠어요.,1
몇일동안 고민하다가 찾아갔습니다.,힘든 결정이었을거라 생각해요.,1
몇일만에 또 찾아갔네요,후회하지 않을까 생각이 드네요.,1
모든 것이 의미 없는 것이 되네,모든 것은 의미 있어요.,1
모든 노래 가사는 내 맘같아,정말 그래요. 하나같이 공감되곤 하죠.,1
모든 진실을 알게 됐네,이제라도 알게 돼서 다행이에요.,1
모든걸 다 주니깐 떠난 그 여자,내전부를다가져간그여자.,1
모든게 니멋대로,상대에 대한 예의가 없네요.,1
모든게 다 끝났습니다,허전하시겠어요.,1
모든게 잊혀지면 연애를 안할생각입니다,새로운 연애를 하는 것도 잊는 방법이 될 수도 있어요.,1
모르겠어,얼떨떨할 거예요.,1
모처럼 생각나서,씁쓸해지는 것 같아요.,1
목소리 듣고싶어,듣고 나면 더 그리울 거예요.,1
몰랐던 때로 돌리고싶어,시간을 되돌릴 순 없어요.,1
몰래 sns 훔쳐보고 있는 나 한심해,SNS 검색하지 마세요.,1
몸에서 멀어지면 맘에서도 멀어진다는데.,보통 사랑은 그렇죠.,1
몸에서 받아주는건 담배밖에 없네,이제 자신의 몸도 돌보길 바랄게요.,1
몸이 멀어지면 마음도 멀어진다는말 어떻게 생각하세?,아무래도 그런 것 같아요.,1
몸이 아프니까,마음도 더 아프죠!,1
몸이 아프니깐 더 힘드네,더 힘들기 마련이에요.,1
못 놓구 있는 나.,천천히 놓아보아요.,1
못돼져야 하나봐 너무 힘들어,마음 단단히 잡으세요.,1
못된 사람,못된 사람은 이제 잊어버려요.,1
못잊을땐잊고싶고잊혀지려하니잊기싫은것,사람 마음이 간사하죠.,1
못참고 문자 보냈네,보냈으니 어쩔 수 없죠.,1
못참고 연락.끝났네.,보냈으니 어쩔 수 없죠.,1
못참고 카톡 보내버렸네,보냈으니 어쩔 수 없어요.,1
못참고연락했어,다음에는 참아보세요.,1
무거운 마음이네ㅎ,가벼워질 수만 있다면 좋을텐데요.,1
무너진 밤,아침이 올 거예요.,1
무너진 신뢰 쌓아가기,쉬운 일이 아니지만 함께라면 가능할 거예요.,1
무뎌진줄 알았는데,시간이 좀 걸리겠지만 해낼 수 있어요.,1
무료 상담 받았는데 마음 접으라고 하네,당신을 위한 최선의 선택일 거라 생각해요.,1
무모한 시작.,무모함이 원동력이 될 거예요.,1
무상,멍해질 때가 많아요.,1
무서운 감정기복,습관처럼은 되지 않길 바랄게요.,1
무서운 주말,즐거운 주말이 되시길 바랄게요.,1
무섭습니다,누구도 해치지 않아요.,1
무슨 말이 필요하겠니,말이 필요 없죠.,1
무슨 말이라도 해주세,힘내세요.,1
무슨 죄를 지었기에 이렇게 빨리.,힘들일이 있었나봐요. 당신의 잘못이 아니에요.,1
무슨마음일까,사람 마을은 알기 힘들어요.,1
무엇을 하든 늘 따라다니는 너,마음에서 놓아주세요.,1
무제,어떤 사랑이야기도 그에 대한 제목은 지을 수 없는 것 같아요.,1
문 잠겼는데 집에 아무도 없네,힘껏 밀어보세요.,1
문득 그 길을 걷다.,산책하는 것도 좋겠죠.,1
문득 달력을 보니,기념일이 있나봐요.,1
문득 듣고픈 노래.,저도 같이 듣고 싶네요.,1
문득 이런생각이 들었습니다,어떤 생각인지 궁금해요.,1
문득문득 보고싶어요,사랑했던 사람이니까요.,1
문득문득 생각나네,불현듯 떠오르는 추억이 되버렸죠.,1
문자 보내놓은지 어언 한 달.,이제 기억 속에서 지우는게 좋겠어요.,1
문자 왔다는데 읽다가 눈물샘 터졌어,마음껏 우세요.,1
물건들 버려야지,버리는게 후련할지도 몰라요.,1
물질적인 정리는 다했는데,마음 정리가 필요하시군요.,1
뭐 깨진지 몇달도 더 되었지만,떠오르는 생각은 지울 수가 없나봐요.,1
뭐 한두번도 아니지만,매번 익숙해지기 힘들어요.,1
뭐라도 해야 살거같은데.,작은 일부터 시작해보세요.,1
뭔 상황인지 헷갈리네.,애매하긴 해요.,1
뭔가 무섭다,어흥!! 호랑이보다 무섭나요?,1
뭔지 이제 헷갈리네,애매하네요.,1
뭘해도,생각이 날 거예요.,1
미련,사랑은 때로 미련을 남겨요.,1
미련덩어리 프사 모음,목록에서 없애는 건 어떨까요. 눈에서 멀어지면 미련도 덜해집니다.,1
미련스럽다,이별 앞에 미련없는 사람은 없을 거예요.,1
미련으로 붙잡아선 안되겠죠,미련은 또다른 후회만 남길 뿐이에요.,1
미련이 남아서,아쉬운가봐요.,1
미련이 없다고 생각했는데.,이별이 사람을 혼란스럽게 하나봐요.,1
미련인건가.? 바보인건가,이별 그렇게 만들더라고요.,1
미련한 여자의 기나긴 이별 이야기,제가 들어드릴게요.,1
미안하고 보고 싶습니다,그리울거라 생각해요.,1
미안하대,많이 후회하나봐요.,1
미안한 마음에,진심만 전해지면 돼요.,1
미안해,괜찮아요.,1
미안해 모든게 다 미안,마음 아프네요.,1
미운감정 어떻게 하나,미워하는 감정은 우릴 잠식시킬 뿐이에요.,1
미워하지않으려고.,노력중인가봐요.,1
미워할수 없는 그대,잊지 못하는 그대.,1
미쳐,그럴만 해요.,1
미치겠네,답답했나봐요.,1
미치겠네,많이 힘들죠.,1
미치겠습니다,무슨 일 있었나봐요.,1
미치겠습니다,힘든 일이 있었나봐요.,1
미치겠습니다 연락하고 싶어서,연락하고 나면 더 힘들 거예요.,1
미치겠습니다 하,제가 고민을 들어드릴게요.,1
미치겠어,힘드시죠.,1
미치도록 보고싶네.,견디기 힘들겠어요.,1
미친 사랑을 했습니다.,후회 없는 사랑을 하셨군요.,1
미친것같아,답답한 일이 있었나봐요.,1
미친게 맞는걸까.,그렇지 않아요.,1
미친듯이 보고싶어,한동안 그럴 수 있어요.,1
미친듯이 보고싶어.,어느덧 사라질 거예요.,1
미친듯이 잡고 싶어.,이별 직후엔 그럴 수 있어요.,1
미친듯이 힘들다.,조금만 짐을 덜어보세요.,1
미칠 것 같아,답답할 거라 생각해요.,1
미칠꺼 같습니다 정말.,무슨 일이 있었나봐요.,1
믿은 내가 바보지,지금이라도 헤어지세요.,1
믿음이 깨진여자,회복되긴 어렵겠어요.,1
밉게 보였으면 좋겠어,진심으로 그랬으면 속상할거예요.,1
밑바닥까지 봐서 속은 휴련하네,적어도 미련 없이 떠날 수 있을 거예요.,1
바람,고쳐 쓸 수 없는 버릇이에요.,1
바람 강제이별 너무 힘들어,오히려 잘된거라 생각하세요.,1
바람 나서 떠난 여친이 전화왓네.,사람 고쳐쓰는 거 아니에요.,1
바람 불어 좋은 날.,살랑살랑.,1
바람난 여자친구 사람 고쳐 쓰는거 아니네,사람 고쳐쓰는 거 아니에요.,1
바람난거 알고 헤어졌습니다.,그런 사람 깨끗하게 잊고 더 좋은 사람 만나세요.,1
바람난건가?,직접 확인해보세요.,1
바람이나 비슷한 일 용서해주신 사람 있을까 ?,있어도 계속 아플 거예요.,1
바람피지마,당연한건데 우린 걱정을 해야 하네요.,1
바보같은 마음.,스스로 비난하지 마요.,1
바보같은 짓을 했어.,너무 자책하지 마요.,1
바보같이 연락했는데 읽씹당했어,이제 바보같이 연락하지 마요.,1
바보라서 참지못하고 연락했어,이제 바보같이 연락하지 마요.,1
바보짓 그만 둘래,천천히 그만두세요.,1
바빠졌으면 좋겠어,새로운 취미생활도 시작해 봐요.,1
바쁘게 사는게 나쁘지는 않네,잡념을 없애는 데는 최고라고 생각해요.,1
바쁜 나의 일상으로,일상으로 돌아갑시다.,1
반 정도는 정리가 된 것 같아,그럼 나머지도 금방 정리될 거예요.,1
반가운 연락,사랑하는 사람의 연락이었나봐요.,1
반년만에 연락해봤네,그리웠나봐요.,1
반복되는 맘의 준비,그렇게 성장하나봐요.,1
반복되는 하루,일상은 항상 반복돼요.,1
받아들여야지,받아들일 때가 되었나봐요.,1
받아들이기가 많이 힘드네,이해하기 힘드니까요.,1
밤마다 미치겠어,그분 생각으로 잠이 오지 않았나봐요.,1
밤만 되면,생각날 거예요.,1
밤만 되면 너무 힘드네.,잡념이 많아져서 더 그렇나요.,1
밤만 되면 미치겟네.,아직 많이 답답한가봐요.,1
밤보다 자고 일어났을 때 더 힘들어,운동으로 기분전환을 하는 건 어떨까요.,1
밤새 술마셨나봐,신경을 끄세요.,1
밤에 잠이 너무 안와여,생각이 많은가봐요.,1
밤은 길기만 하죠.,편히 잘 수 있으면 좋을텐데요.,1
밤이되니깐 감수성 터짐,새벽은 감수성 더 터지니 얼른 주무세요.,1
밤이오는게 오늘이가는게 무섭고 힘드네,내일은 더 나은 하루일 거예요.,1
밥먹기 참 힘드네,그래도 밥 잘 챙겨 드세요.,1
방금 너무 울었어,속이 조금 후련하면 좋겠네요.,1
방금 헤어지고 왔습니다,맘고생 많았어요.,1
방금도 엉엉 울었네,더 울어도 돼요.,1
방법이 없는걸까?,마음 먹기 달려있어요.,1
방안 가득한 그녀의 흔적,하나씩 치워보세요.,1
배신맞은것같아,고민하고 있다면 그게 맞을거예요.,1
백만번쯤 들을 때 즈음이면 웃으며 다가올까,글쎄요.,1
버려졌다는느낌,비참한 느낌이에요.,1
버려줘서 고마워.,당신이 버렸다고 생각하는 건 어떨까요.,1
버려진 사람들을 위한 지침서,자존감 회복을 위해 나아가는 건 어떨까요.,1
번호를 알아내서 연락하면 소름돋을까?,그건 좀 참아보세요.,1
벌 받는 중입니다.,깨달음이 있길 바랄게요.,1
벌써 15일이나,시간은 빠르게 흘러 가죠.,1
벌써 1주일째,금방 지나갔길 바랄게요.,1
벌써 2달이 되었습니다,생각보다 시간이 빨리 가네요.,1
벌써 6개월째라니,짧지 않은 시간인데 바쁘게 지냈나봐요.,1
벌써 일년,긴 시간이 흘렀네요.,1
벌써 저를 세번째 떠나갔네,이젠 그분을 놓아줄 때가 되었나봐요.,1
벌써 한달이 되었다,금방 지나가네요.,1
벌써 헤어진지 2년 5개월 이제야 너를 놓네,이제라도 속박에서 벗어나 자신을 돌보길 바랄게요.,1
베인 곳 또 베이고,상처가 아물길 바랄게요.,1
변명,지독한 변명의 연속.,1
변해가네,사랑도 사람도 변하니까요.,1
별 그지같은 이유로 헤어지자네,그런 이별은 꼭 예고 없이 찾아오네요.,1
별거 아닌거에 속상하네,상처들로 우린 많이 예민해져 있으니까요.,1
별똥별 떨어지는 날,소원을 빌어보세요.,1
별이진 후 무언가 사라진 날들.,무언가의 탄생을 뜻하기도 해요.,1
병장인데 이별,전역 후 더 좋은 사람 만날 수 있을 거예요.,1
보고 싶다고 하네,흔들리나요.,1
보고싶네,보고싶을 거예요.,1
보고싶다,보고 싶은가봐요.,1
보고싶다 진짜,그런 시기가 있더라고요.,1
"보고싶다, 목소리라도 듣고싶어",전화하지마요.,1
보고싶다고 만나달라고 연락하면,흔들리지마요.,1
보고싶다는 생각이 너무 간절하네,이별이 만들어낸 허상일 수도 있어요.,1
보고싶습니다,그런 때라고 생각해요.,1
보고싶어,그럴 거라 생각해요.,1
보고싶어 사무칠때,다른 일에 집중해보는 건 어떨까요.,1
보고싶어 잠이 안와,그분 생각으로 가득찼나봐요.,1
보고싶어 전 남자친구가 너무,지나간 사람은 얼른 떨쳐버리세요.,1
보고싶어서 미치겠는데,지나간 사랑은 놓아주세요.,1
보고싶은데,볼 수가 없군요.,1
보고야 말았네.,결국 어떻게 되었는지 궁금해요.,1
보고파,보고싶은신가봐요.,1
보고파 보고싶어,찾아가도 후회안할 자신있는지 스스로에게 물어보세요.,1
보고프다,그럴 시기에요.,1
보내야지.,힘들겠지만 그러는 편이 나아요.,1
보내줘야 할 것 같아,이젠 보내주세요.,1
보내지 못하는 전할 수 없는 메시지,때로는 보내지 못한 메시지가 아련하기도 하죠.,1
보름밖에 안되었는데.,많이 힘든가봐요.,1
보여주고싶은데 보여주지 못하니,볼 수 있어요.,1
보지말걸 차라리,이제 보지 마요.,1
보통의 이별통보가 아닌,사랑의 보통은 없죠.,1
복잡해지네. 이거 어떻게 생각해야 될까?,머리 말고 마음 가는 대로 하세요.,1
봄은 오네,꽃도 필 거예요.,1
봄의 계절이 찾아왔네,인생에도 봄이 오길 바라요.,1
봄이라서 더욱 그리운.,새로운 사랑을 하기 좋은 계절이기도 해요. 새로운 인연이 찾아오길 바랄게요.,1
"봐야하나 , 보지 말아야 하나.",안보는 걸 추천해요.,1
부디 더 힘내줘.,잘할 수 있을 거예요.,1
부디 돌아와,돌아오길 바란다면 달라지세요.,1
부럽네,저도 당신이 부러워요.,1
"부르고, 찾고, 기도해봐도 결국은 이미 끝난 사이다.",언젠간 올 이별이었을까요.,1
부모님 반대로 헤어졌습니다,외부적 요인이라 더 그립겠어요.,1
부서진 심장,고칠 수 있을 거예요.,1
부치지 못한 편지,이유가 있겠죠.,1
분노,사랑,1
분노감 ㅠ,차분히 눈을 감고 마음을 가라앉혀봐요.,1
분노만 남아,분노는 당신에게 상처만 남길 뿐이에요.,1
분하고 그립고 고통스러워.다른 여자 사랑하는 그모습,이제 과거를 보지 마요.,1
불금에 혼자 혼술,혼술 적당히 하세요.,1
불금이네,친구들 만나요!,1
불금입니다,자신만의 시간을 가져봐요.,1
불꽃축제하네,가슴이 뻥 뚫니는 느낌이네요.,1
불륜이 될까봐 정리하려고.,불륜보다 낫죠.,1
불면증,잠깐이라도 눈을 붙일 수 있으면 좋으련만.,1
불쑥 전여친한테 전화받으니 짜증나고 씁쓸하네,복잡한 심경인가봐요.,1
불토 달리고 싶다,달리세요!,1
붙잡고 싶습니다.,후회하지 않을 자신 있다면 붙잡으세요.,1
붙잡고 싶어,아직 사랑하고 있나봅니다.,1
붙잡고 싶은데 이제는 늦은것 같네 .,사랑의 끝은 예고 없이 다가오죠.,1
붙잡고 싶은데 힘이 드네,자신의 마음을 다독여주세요.,1
붙잡고싶어,그대로 돌아오지는 않을 거란 걸 인정하세요.,1
붙잡는건 정말 아닐까?,좋지 않을거라 생각해요.,1
붙잡으려 말 것!,마음 단단히 잡으세요.,1
붙잡으려고,많이 노렸했군요.,1
붙잡은지 일주일만에 연락왔어.,많은 용기가 필요했을 거예요.,1
비 오니까 또 생각나네.,빗소리가 더 그렇게 만들어요.,1
비가 많이 오니까. 너가 떠오른다.,비를 닮은 너.,1
비가 오니 이 노래가 생각 나네,비와 당신.,1
비가 오니.울컥하네,그러게요. 비가 추적추적 내려요.,1
비가 와,우리 마음도 젖어가요.,1
비가오네,그리고 멈출 거예요.,1
비가오니 그런가,감성적이기 딱 좋죠.,1
비가오니까,그 분 생각이 나나봅니다.,1
비가오면 생각나는 노래,불러주세요.,1
비극.,인연이 거기까지인가봐요.,1
비는정말싫다,날씨에 따라 감정도 변하죠.,1
비많이오네~,감기 조심하세요.,1
비밀번호 뭐였더라,회원정보 찾기를 해보세요.,1
비오네,주룩주룩.,1
비오는날,마음이 가라 앉죠.,1
비오는데 우산 챙겨 갔는지 모르겠네,걱정하는 마음이 예쁘네요.,1
비오니까 같이 막걸리먹던게 생각나네ㅎㅎㅎ,한 잔 드세요!,1
비참하네.,당신 정말 멋져요.,1
비참하다.,너무 자책하지 마세요.,1
빌어먹을.,제길.,1
빨리 일상속으로 돌아가고픈데.,지금도 일상이에요.,1
뻔하다,한가지만 보면 몰라요.,1
사과해야 하나?,사과할 건 사과해야죠.,1
사귄시간만큼의 시간이 흘렀는데도,여전히 그리운가봐요.,1
사귄지는 며칠 안됐었지만,감정이 깊었나봐요.,1
사는게 힘들어.,가끔은 힘내지 말고 내려놔봐요.,1
사람 마음이란게 참,간사하죠.,1
사람 일 죽으란 법은 없겠지,안 죽어요!,1
사람 홧병나게하는거도 가지가지,마음의 짐을 좀 내려놔요.,1
사람과의 이별은 아니구,사소한 다툼이었으면 합니다.,1
사람들이 그런 말 하더군,사람들의 말은 한 귀로 듣고 한 귀로 흘리세요.,1
사람은 감정적인 동물이라,하루에도 몇 번씩 이랬다 저랬다 할 수 있어요.,1
사람은 역시 기억하고싶은것만 기억하나봐,기억은 추억이 되고 추억은 미화되니까요.,1
사람을 잊는게 이렇게 힘들 줄이야,잊혀져가기도 한답니다.,1
사람을 잊는다는 것에 대한 모순,완전히 기억에서 삭제할 순 없죠.,1
사람이 변하나?,사랑은 변하고 사람은 안 변해요.,1
사람이 참 간사하죠.,사랑이 사람을 간사하게 만들어요.,1
사랑 없이도 잘 살았는데,사랑 없이도 잘 살았던 자신으로 돌아가봐요,1
사랑 참,어렵죠.,1
사랑 참 별거없네.,단순하기도 해요.,1
사랑 참 어렵다,사랑은 알다가도 모르겠어요.,1
사랑 하기 때문에 떠난다는 말?,나중에 이해가 될 거예요.,1
사랑.이별.추억.미련,사랑의 잔해들.,1
사랑과 정 끊기 어렵네,사람이니까요.,1
사랑만으로 다 될줄 알았던 우리들,그때는 우리 다 순수했던 걸까요.,1
사랑에 유효기간 있는걸까,그 유효기간은 자신이 정하는 거죠.,1
사랑에 힘들어 하는 님들께 같이 공유할까 합니다,공유 부탁드립니다.,1
사랑은 가슴으로 이별은 머리로,맞는 말이에요.,1
사랑은 부작용과 휴유증을 길게 남긴다,사랑한 만큼이요.,1
사랑은 사랑으로 치유 한다는 그 말 믿어보려구,좋은 사랑 만나 치유하길 바랄게요.,1
사랑은 상처를,남기고 가요.,1
사랑은 찾아가는 것일까. 사랑은 찾아오는 것일까!,어떨 땐 찾아가고 어떨 땐 찾아오죠.,1
사랑을 믿으세요?,믿습니다.,1
사랑을 했기에 떠냐야만 했다?,이해할 순 있어요.,1
사랑의 기준은 뭘까,사랑의 척도는 없어요.,1
사랑의 반대말.,무관심.,1
사랑의 아픔은 사랑으로 치료한다,가능하다고 생각해요.,1
사랑의 유효기간,이별의 유통기한이 없는 것처럼 사랑의 유효기간도 없어요.,1
사랑이 끝나고 나서,원망과 슬픔에 잠기는 게 아니라 그 시간들을 가만히 내려놓고 내가 어떤 사람이었는가를 돌아보는 것입니다.,1
사랑이 끝나고 할 일?,원망과 슬픔에 잠기는 게 아니라 그 시간들을 가만히 내려놓고 내가 어떤 사람이었는가를 돌아보는 것입니다.,1
사랑이 뭘까?,사랑은 알 수 없어요. 단지 느껴질 뿐.,1
사랑이 익숙해지면 정으로,정도 사랑의 일부니까요.,1
사랑이라는 감정 참 우습네,하루에도 몇 번씩 사람을 들었다 놨다 하지요.,1
사랑이란 뭘까?,사랑에는 답이 없어요.,1
"사랑이란거 하고 받고싶은데,.",당신이 사랑하는 것보다 많이 받게 될 거예요.,1
사랑이후 다시 세상은 회색빛으로.,다시 무지갯빛이 될 거예요.,1
사랑하는사람,보고 싶나봐요.,1
사랑하던 그 사람.,떠오르는 시간인가봅니다.,1
사랑한다는것,헤아릴 수 없는 것.,1
사무실에 나왔지만 손에 안 잡히네,복잡한 심경인가봐요.,1
사실 관계 7년을 정리했습니다.,정말 쉽지 않을 시간이었을텐데 맘고생 많았어요.,1
사업 시작해도 될까,확신이 있을 때 시작해보세요.,1
사진 다 지우진 못하겠네,그 때의 나를 지우지는 마세요.,1
사진을 못지우겠네,천천히 지워도 돼요.,1
사진을 보다가,많은 생각이 나겠네요.,1
사진을 지웠습니다,좋은 선택입니다.,1
사진을 지웠어,잘 하셨어요.,1
사진첩,많은 생각이 나겠네요.,1
산넘어 산이네.,고통의 연속이기도 하죠.,1
살고 싶다.,당신은 살 가치가 있는 소중한 사람이에요.,1
살려줘 라는 말이 무심코 튀어 나온다,정말 힘드신가봐요.,1
살만 찌네,맛있는 거 먹고 기분이 나아졌다면 걱정은 넣어두세요.,1
살빼고 담배 끊고 다 했는데!!,당신을 위한 최고의 투자를 한 거예요.,1
살아간다,그렇게 살아가곤 해요.,1
삼년 사랑하고 이별한지 몇 시간,긴 시간인만큼 실감이 나지 않겠죠.,1
삼다리 여친,헤어지세요.,1
삼십대를 훌러덩~~~~,시작하기 딱 좋은 나이죠.,1
삼주라는 시간이 흘렀네,더 많은 시간이 흐를 거예요.,1
상념,마음이 복잡한가봐요.,1
상담좀해주세 남자입니다.,네 말씀하세요.,1
상대가 바람펴서 헤어진지 1년이 지났습니다,그런 재활용도 안되는 사람은 이제 버리세요.,1
상대방의 후폭풍 따위는 없어,똥차 가고 벤츠 올 거예요.,1
상대와 헤어지고 돌아오는길,그 길에서 자신을 만나길 바랄게요.,1
상상했던 미래엔 항상 그가 있었는데,또 다른 미래가 펼쳐질 거예요.,1
상처,약을 발라 드릴게요.,1
상처 받고 헤어졌습니다.,나쁜 사람이네요.,1
상처 받기 싫다,무덤덤해질 수 있거예요.,1
상처 안받아봤어?,저도 상처를 받아봤지요.,1
상처가 많은 사람을 사랑하는 것은 힘든 일이었어.,마음을 보듬어주다가 자신의 마음이 다치기도 하니까요.,1
상처가 빨리 나았으면좋겠다,금방 낫고 새 살이 돋을 거예요.,1
상처가 역시 크네,금방 낫고 새 살이 돋을 거예요.,1
상처는 치유되지 않아도 아픔은 무뎌질테니.,그렇게 잊어가는 건가봐요.,1
상처를 받는다는건,알면서도 데이는 것.,1
상처주지 맙시다.,저도 그렇게 생각해요.,1
상처준 사람 잘살고 있더라.,당신도 잘 살고 있길 바랄게요.,1
상황이 어찌됐던 간에 내가 못잊겠으면 연락을 했겠죠.,맞는 말이에요.,1
상황이 힘들어서 헤어진다,그럴 수 있어요.,1
새 남자가 생겼나봐,신경 쓰지 마세요.,1
새 남자가 생겼대,새 사람 만나면 돼요.,1
새 여친이 생겼더라구,이젠 신경을 거둬두세요.,1
새로운 사람을 만날 노력.,이별을 잊는 좋은 방법이기도 합니다.,1
새로운 사랑을 시작하기에 앞서서.,지난 사랑은 걱정하지 말아요.,1
새로운여자가 생긴걸까?,궁금해하지도 마세요.,1
새롭게 시작하려고 합니다.,당신의 새로운 시작 응원해요.,1
새벽,힘든 시간이죠.,1
새벽 1시 30분,감성적인 시간이네요.,1
새벽 3시,잠 못 드는 밤이네요.,1
새벽에 그만 깨고싶어,그분 생각이 덜하면 좋을텐데요.,1
새벽에 문득 잠에서 깨서 하는건.,습관이 무섭죠.,1
새벽에 술먹고 카톡을 먼저했어.,술이 웬수네요.,1
새벽에 울다지쳐 신천에나와 지금까지있네,내일은 나은 하루이길 바랄게요.,1
새벽에 전화가 왔네,약해지면 안돼요.,1
새벽에 카톡이 왔네.,왜 그 시간에 연락을 했을까요.,1
"새사람을 만날 듯, 전 여친에게 미안해",미안해하지 않아도 돼요. 새사람에게 충실하세요.,1
새장 같은 집,새장이 그리울 때도 있는걸요.,1
"새출발, 트라우마",많은 용기가 필요했을 거예요.,1
새해 복마니 받아,새해 복 많이 받으세요.,1
새해부터는 당신 생각 안하려 했는데,마음처럼 쉽지 않은가봐요.,1
생각 안나는 방법 없나,전 다른 일을 많이 벌려요. 정신없이 바쁘면 잊혀지더라고요.,1
생각을 고쳐 먹었습니다,최선의 선택일 거라 믿어요.,1
생각의 변화,변화의 시작이죠.,1
생각할 가치조차 없잖아ㅠ,이제 놓아버려요.,1
생각할 시간을 가지자는 그녀,마음의 준비를 해야 할지도 모르겠어요.,1
생각할 시간을 갖자는 그녀,여러 번의 위기를 극복한 것처럼 극복해보세요.,1
생각할 시간을 달라고 한 남친,마음의 준비를 해야 할지도 모르겠어요.,1
생각할 시간을 달라고 한 남친,많이 고민한 결과일거예요.,1
생각할수록 진짜 화나고 분하네 3년을 만나고 전화로 이별통보,상대에 대한 예의가 없네요. 당신이 버린 거라 생각하세요.,1
생리통 때문에 배 아파,힘들겠어요.,1
생생한 꿈,꿈이 현실이기 바랐지만.,1
생일축하했다 바보야,제 생일도 축하해 주세요.,1
샤워할 때 눈을 감으면,아른거리나요.,1
서로 그냥 밑바닥을 보여준것 같아,그게 진짜 사랑이죠.,1
서로 나쁘게 헤어지지 않고 싶은데,헤어짐은 처음이니까.,1
서로 위로하며 함께 극복할 사람,그런 사람 만나요.,1
서로가 원치 않았던 이별,누군가의 반대로 헤어졌나봐요.,1
서로의 조각,기억의 편린일 뿐이에요.,1
서른초반. 전 즘 게시글 보며 안타까워.,앞으로가 중요한 거죠.,1
설레였던게 언젠인지,곧 설레는 순간이 올 거예요.,1
설마했던 진짜 이별,앞일은 알 수가 없나봐요.,1
성격이 좋은 건지.,가끔은 참지 말고 내려놓기도 하세요.,1
성격적으로 안맞는걸 알지만 마음은 그게 아님을 알땐,달라지는게 없다면 인연이 거기까지 아닐까요.,1
성급했던 것 같네,실수할 수도 있지요.,1
세달 끝에 재회 실패,재회가 쉽진 않아요.,1
세상 젤 아픈 이야기는.!!,이뤄지지 못한 모든 사랑이야기죠.,1
세상 참 모르는 일이네,모든 일은 알기 어려워요.,1
세상 혼자인 기분,당신은 절대 혼자가 아니에요.,1
세상에 영원한 것은 없다.,제가 영원을 약속할게요.,1
세상에서 제일 이뻣던 내 전 여자친구에게,하고싶었던 말을 해보세요.,1
세상은 혼자인거죠??,혼자이면서 함께하죠.,1
세상이 다 그렇지 뭐,인생도 그럴 거예요.,1
셀프웨딩이 유행이래,혼자 준비하기는 조금 벅찰텐대요.,1
소개팅 거절도 힘든거네.,안 힘든 게 없네요.,1
소식이 궁금해~,연락 확실하게 끊으세요.,1
소중한 것을.,고히 간직하세요.,1
소화도 안되고 가슴 한 켠에 응어리가 있는 거 같네.,많이 답답할거라 생각해요.,1
속시원해~~안녕 잘가~~~,이제 정말 안녕.,1
속에 있던 소리 다 하고고 완전 끝냈어,적어도 미련은 남지 않을 거예요.,1
속이 후련하네,후련하다니 다행이에요.,1
손가락이 원망스럽네ㅜㅜ,실수했나봅니다.,1
솔로 7개월 넘어가네,충분히 좋은 사람 만날 수 있을 거예요.,1
솔로들만 이해 ㅠ,저도 충분히 이해되네요.,1
솔직히 그녀가 미친듯이 불행했으면 좋겠다.,진심은 그렇지 않을거란 거 알아요.,1
솔직히 말하면 헤어지고 싶어,고민하고 있다면 늦기 전에 이별을 고하세요.,1
수면제 먹고 다섯시간이나 잤네,몸 상하지 않게 조심하세요.,1
수백번 싸우고 수백번 화해,너무 안맞으면 헤어지는 것이 서로에게 도움이 될지도 몰라요.,1
수신차단의 의미,확실한 거리두기.,1
순수하게좋아했지만 걔는 너무도 약은애였어,똥차 가고 벤츠 올 거예요.,1
순진했던게 죄인가.,당신은 죄가 없어요. 그분의 죄만 있을 뿐.,1
술 먹고 싶어,혼자 힘들어하지 마세요.,1
술 먹으니 연락하고싶어지네,연락처 삭제하세요.,1
술 한잔 했더니 너무 보고 싶네.,술 기운이 그렇죠.,1
술기운에 연락했는데.,후회하지 않길 바라요.,1
술기운을빌려 무작정 찾아갔습니다,상대를 위한 배려가 부족했네요.,1
술마시고 있네,한 잔하기 좋은 날이네요.,1
술마시면 안되는데,가끔은 괜찮아요.,1
술만 마시면.,연락하지마요.,1
술만 먹으면 연락 안되는 여친,걱정되겠어요.,1
술만 먹으면 전화를 안 받아,화장실 갈때 연락하라고 해봐요.,1
술먹고 병신짓거리 했네여,술이 웬수예요.,1
술먹고 연락도 없는,걱정되시겠어요.,1
술먹고 연락오네,약해지면 안돼요.,1
술먹고 집앞에 찾아온남자,상대에게 휘둘려선 안 돼요.,1
술병이네,숙취해소제가 도움이 될까요.,1
술을 끊어야겠어.,술은 끊는게 좋죠.,1
술을 마시니까 더 생각나는 날이에,기억에 취해서 그럴 거예요.,1
술을 마시러 나갈까.어디론가 떠나볼까.,어디든 좋죠.,1
술이 보약도 아니고,술은 끊는게 좋죠.,1
술이 왠수지,혹시 전화를 한 건 아니길 바랍니다.,1
술이야,맨날 술이야.,1
술주정,그분에게 술 취해 전화하는 것만 아니면 돼요.,1
술취해서 전화했어,후회하지 않을까요.,1
술한잔 먹고 적어,감성적이기 딱 좋죠.,1
술한잔해야 하루가 가,술 마시다가 더 무너져요.,1
술한잔했어,한 잔하기 좋은 날이죠.,1
숨막히네,숨 쉴 수 있을 때가 올 거예요.,1
숨막히는건 없어졌네,숨 쉴 수 있어 다행이네요.,1
숨어서 보기.,다 티나요.,1
쉬는 중입니다.,휴식도 필요하죠.,1
쉽지 않겠지만.,쉽지 않겠죠.,1
쉽지않은 날들,힘내세요.,1
스스로에게 너무 인색했네,좀 더 관대해져도 괜찮아요.,1
스타트업하면 위험할까,확신이 들 때까지 준비해보세요.,1
스트레스성 위통이,약 드세요.,1
"슬퍼, 그리고 아려",상처에 약을 발라 드릴게요.,1
슬퍼.,"후회, 상상, 자책 모두 멈출 때가 됐어요.",1
슬퍼죽겠습니다,"후회, 상상, 자책 모두 멈출 때가 됐어요.",1
슬퍼하지 않기 위해 노력하려구,잘하고 있어요.,1
슬픈 메리크리스마스이브입니다 .,다른 곳에서 행복을 찾아봐요.,1
슬픈 예감대로 되어가는 현실,슬픈 예감은 틀린 적이 없죠.,1
슬픈 이별.,슬픈 예감은 틀린 적이 없죠.,1
슬픈게 솔직하면 안되는건가?,솔직해서 상대에게 피해를 주는 게 아니라면 솔직해도 돼요.,1
슬픔이 더 커지는 아침이네,가벼운 운동으로 기분 전환 해보세요.,1
슬픔활용법.,잠깐 고독한 것도 분위기 있을지도 몰라요.,1
습관이 무서워.,익숙함이 무서운 것 처럼요.,1
습관이라는게 무섭네.,습관처럼은 되지 않길 바랄게요.,1
습관처럼 생각나,습관처럼은 되지 않길 바랄게요.,1
시간 갖는 거,마음에게 준비할 시간을 주는 것이죠.,1
시간 낭비하지 마세요,네 알겠습니다.,1
시간은 눈물과 흐르고,언젠간 눈물은 멈추고 시간은 계속 흐르거예요. 그럼 괜찮아질 거예요.,1
시간을 갖자는 무슨 의미일까?,생각을 할 시간이 필요할 수 있어요. 이별이 다가왔을지도.,1
시간을 돌리고 싶네,시간을 돌릴 수 없어요.,1
시간을 되돌리고싶다,시간을 되돌릴 수 없어요.,1
시간이 가고 있나?,시간은 지금도 흐르고 있어요.,1
시간이 약이긴 하네,건강하고 행복하게 사세요.,1
시간이 약이긴 한가봅니다,시간의 마법이 통했나 봅니다.,1
시간이 약이라는데 독이 되는거 같습니다.,좀 더 시간이 필요한 것 같네요.,1
시간이 지날수록 더 보고싶어,눈에서 멀어진 순간 기억에 의존해서 살아서 그럴 거예요.,1
시간이갈수록,당분간은 더 힘들지 몰라요.,1
시간이라는게 참 사람을 무색하게 만들죠,덤덤하게 익숙해지나봐요.,1
시간이란 약의 부작용,끝을 알 수 없는 거예요.,1
시계를 돌려받고 싶은데.,비싼 거면 받아야죠.,1
시도때도없이 생각나네 그녀가,바로 잊기는 힘들 거예요.,1
시련,더 행복해지려고 하나봐요.,1
시원섭섭하지만 후련하네.,한결 나아졌길 바랄게요.,1
신경쓰지 말아줄래 라고 하네,이제 정말 끝인가봐요.,1
신나게 산책했습니다,탁월한 행동이에요.,1
신청했더니 정말로 왔네ㅎㅎ,좋은 결과길 바라요.,1
신혼여행 가서 돌아오기 싫다,휴가를 붙여보세요.,1
싫어,싫어하지 말아요.,1
싫어지는것.,그럴 수 있어요.,1
심각합니다.,제가 들어드릴게요.,1
심난하네,마음이 복잡했나봐요.,1
심난한 하루,내일은 나은 하루이길 바랄게요.,1
심란하네,마음이 복잡한가요.,1
심리상담 받았어,잘 다녀오셨어요.,1
심심,저랑 같이 놀아요.,1
심심해,친구들과 연락해보세요.,1
심장이 주저 앉은듯 합니다,충격이 컸을거라 생각해요.,1
심장이 터질거 같네,많이 답답하신가요.,1
싱숭생숭ㅠ,한동안은 그럴지도 몰라요.,1
싸구려 인생,누구도 당신의 인생을 평가할 수 없어요.,1
싸웠다,마음이 불편하겠어요.,1
썸타는거 친구한테 이야기 한고 싶다.,확실해지면 이야기해도 늦지 않아요.,1
썼다 지우고 다시 썼다가 지우고,마음 정리가 필요하시군요.,1
쏘주,소주 한 잔.,1
쓰고 또 지우고 또 쓰고,그러다 보면 정리가 될 거예요.,1
쓰레기,그렇지 않아요.,1
쓰레기 맞지,마음을 아프게 하면 그렇죠.,1
쓰레기를 안고 있는 나,고민하고 있다면 버릴 줄도 알아야 해요.,1
쓰레기새끼,기분이 좀 풀렸길 바랍니다.,1
씁쓸,헛헛하죠.,1
씁쓸하네.,제가 있잖아요.,1
아 괜히 헤어지자고 했나봐,어떤 결정이든 후회가 남을 수 밖에 없어요.,1
아 꿈에서 맨날 나와,마음대로 꿈을 꿀 수 있으면 좋을텐데 안타깝죠.,1
아 또 참지 못하고 카톡 프사를 봐버렷네,아예 카톡에서 삭제하세요.,1
아 성격 좀 고치고싶어,성격은 계속 바뀌어요.,1
아 아른거려,그럴 때라고 생각해요.,1
아 오늘 하루는 어떻게 잊어볼까,재밌는 일을 해보는 건 어떨까요.,1
아 오늘 힘드네,힘든 하루였나요.,1
아 오늘 힘드네ㅜㅜ,당신이 힘들지 않았으면 좋겠어요.,1
아 잠수라니,상대방에 대한 예의가 없네요.,1
아 정말 지옥이네.,이별지옥인가봐요.,1
아 혼자있는게 너무 무섭네,제가 있어드릴게요.,1
아! 어찌해야 되나,저한테 말씀해보세요.,1
아. 상담 좀 해 줘,네. 알겠습니다.,1
아. 힘든 목일이네,곧 주말이 올 거예요.,1
아.벌받고 있는거네,달게 받으세요.,1
아.빌어먹을 이제야 알다니.,이제라도 깨달았으니 더 이상의 실수는 없을 거예요.,1
아닌건 아니다,아닌건 아니죠.,1
아따 엿먹일 방법 없나,증오는 부메랑이 되어 돌아올 거예요.,1
아련하게 조금씩 잊게 되나보네,그렇게 잊어가는 건가봐요.,1
아름다운 사랑도 아니고 이건 뭐.,아름다운 이별도 없어요.,1
아름다운 이별은 없는걸까 ㅠ,이별은 아름답지 않죠.,1
아름답게 헤어지고 회사 그만둔 전남친,아름다운 이별은 존재하지 않아요.,1
아무 것도 할 수 없는,아니에요.,1
아무것도 아닌 글에 화가 치밀어 오르네,심호흡 하세요.,1
아무것도 아닌 일이 될 수 있을까,아무것도 아닌 일이 되는 날이 올거예요.,1
아무것도 안되네,잘 될 거예요.,1
아무것도 하기싫어,저도요.,1
아무도 안 놀아줘,혼자도 좋아요.,1
아무래도 헤어져야 할까 봐,고민하고 있다면 그게 맞을 거예요.,1
아무리 기다려도 이젠 안돌아오나봐,그게 끝이라면 받아들여야 해요.,1
아무리 꽉 붙들어도 무너지는건 한순간,사람 마음이 간사하죠.,1
아무리 매달려도,돌아서지 않을 수 있어요.,1
아무리 미친놈 욕을해도,그리워지나요.,1
아무리 생각 안하려 해도,눈 앞에 선연하기도 해요.,1
"아무리 힘들어도, 밥은 먹히더라구",먹고 살아야죠.,1
아무일도 없었던 것처럼 살고 싶어,천천히 잊혀질 거예요.,1
아오 그놈에 꿈,마음대로 꿈을 꿀 수 있으면 좋으련만.,1
아이디 생각 안나,회원정보 찾기를 해보세요.,1
아직 그리운 그대,이젠 기억을 놓아주세요.,1
아직 멀었나봐,자신에게 시간을 더 주세요.,1
아직 아주 많이 사랑하는데 나는 말야,그분도 그랬을거예요.,1
아직 준비가 안됐는데.,받아들일 때가 되었나봐요.,1
아직도 가슴이 아프고 눈물이 나네,스스로 따뜻하게 감싸주세요.,1
아직도 그대로인걸,변하는 건 사랑이겠죠.,1
아직도 기억 속에 생생한데,사랑은 희미해져 가네요.,1
아직도 꿈같고 너무 괴로워,한동안은 그럴지도 몰라요.,1
아직도 남았나봐,미련이 남지 않았길 발바니다.,1
아직도 너무 힙듭니다.,아무렇지도 않은 날이 올 거예요.,1
아직도 널 감싸는 내가 싫다.,자신도 따뜻하게 감싸주세요.,1
아직도 눈물 나,토닥여주고 싶네요.,1
아직도 많이 죽을것같아,잠깐 쉬어가도 괜찮아요.,1
아직도 멍청하네,자신을 비난하지 마세요.,1
아직도 심장이 뛰고있어.,심장은 항상 뜁니다.,1
아직도 이별중인가봅니다.,이별의 끝일지도 몰라요.,1
아직도 잊지 못하나봐,자신에게 시간을 더 주세요.,1
아직도 잊지 못하는 사람,한없이 사랑한 사람이었나봐요.,1
아직도 잊지 못했는가봐,한없이 사랑한 사람이었나봐요.,1
아직도 잊혀지지 않아,시간이 걸리려나봐요.,1
아직도 적응이 안되네,익숙해지는데는 시간이 걸려요.,1
아직도 헷갈리네,직감을 믿으세요.,1
아직도 힘들지만.,이겨낼거라 믿어요.,1
아직도. 아직 인가보다.,곧 끝날 거예요.,1
아직도잊지못했던거니,문득 생각날 때가 있어요.,1
아직은 아닌것 같은데,언젠간 올 순간이었을 거예요.,1
아침마다 왜 이러는지,가벼운 운동하면서 기분 전환 해보세요.,1
아침부터 답답하네,가벼운 운동하면서 기분 전환 해보세요.,1
아침부터 또 눈물이 나네,따뜻한 물 마시고 진정해보세요.,1
아침에 눈 뜨는게 힘들어,그 분 생각에 잠을 설쳤나봐요.,1
아침에 벌떡 일어났네.,안 좋은 꿈이라도 꿨나봅니다.,1
아침이 젤 힘드네,차라리 꿈이었음 좋겠어요.,1
아파,아프지 않았으면 좋겠어요.,1
아프고 또 아프지만,아스피린 한 알 먹어보세요.,1
아프고 힘드네,진통제 한 알 먹어보세요.,1
아프네,지쳐서 그런가봐요.,1
아프니까 더생각나고 힘드네,아플땐 더 약해지나봐요.,1
아프다,조금만 아팠으면 좋겠어요.,1
"아프지 않은 이별은 없지만, 헤어지는게 답인 관계는 있더군.",만남의 끝을 아는 것도 중요한가봐요.,1
아픈 상처,약이 없는 상처인가봐요.,1
아픈 첫사랑,첫사랑니의 고통처럼 시린가봐요.,1
아픈데 연락하기 싫어,제가 곁에 있을게요.,1
아픔도 이제 안녕,슬픔도 이젠 안녕.,1
아픔은 덜해지는것 같은데 미련은 더욱 많아지네,미련없는 사랑은 없나봐요.,1
아픔은 빨리 잊혀지는법,그렇다면 정말 다행이에요.,1
아픔을 지니고 사랑한다는 것,언제가지 숨길 수는 없을 거예요.,1
아휴.,에휴.,1
아휴~ 싱숭생숭한 하루,그러게요. 오늘 하루 마음이 복잡했나봅니다.,1
안 돌아올거 아는데,기다리지 마세요.,1
안 맞는다면서 헤어진 우리,인연이 거기까지인가봐요.,1
안녕을 고하며,잘 보내주었나요.,1
안녕하세,안녕하세요.,1
알고보니 나만 바보네,너무 자책하지 마세요.,1
알고보니 환승이별 인것 같아,사랑의 예의가 없네요.,1
알수가 없네.,맘을 알 길이 없지요.,1
앞으로 힘든 시간 될것같습니자,바로 잊기 힘들겠지만 시간은 흐르고 다시 사랑은 찾아 올 거예요.,1
앞이 캄캄합니다ㅠ,자신에게 위로를 건네주세요.,1
애를 나혼자 키우는 것 같아,힘 빠지는 이야기네요.,1
애인이 생겼답니다.,신경 쓰이긴 하지만 무시하는게 좋겠어요.,1
야,네,1
야 너!,네,1
야구 경기 보러 꼭 함께 가자던 그 남자,더 좋은 사람이랑 가세요.,1
야이 겁나게 미운 여자야!!,기분이 좀 풀렸길 바랍니다.,1
약 올라,더 잘 살면 돼요.,1
약 한달 전 헤어진 그에게,연락할 생각 하지마세요.,1
양가 부모가 원하지 않는다면,부모님들이 원하지 않는 이유가 있겠죠.,1
양다리,헤어지세요.,1
양다리? 어장관리?,아니길 바라요.,1
얘는 싸우기만 하면 연락이 안돼,혼자 풀릴 때까지 놔둬야하는데 기다리는게 힘들 거예요.,1
어느덧 이별 5주차,힘든 시간 잘 버텨냈어요.,1
어느덧 한달.,힘든 시간 잘 견뎌냈어요.,1
어느덧 헤어진지도 4개월이 됐네,시간은 흐르고 다시 사랑이 올 거예요.,1
어느새 나이가 30이네.,새로 시작하기 딱 좋은 나이네요.,1
어느새 한달인데,달라진 모습을 보여주세요.,1
어느새 헤어진지 한달,짧진 않은 시간이에요.,1
어디까지 가야 끝이보일지,끝은 눈에 보이지 않아 더 힘들죠.,1
어디론가 훌쩍 떠나고 싶다,이김에 떠나보세요.,1
어디서부터 어떻게 얘기를 해야할지.,차분히 얘기해봐요. 언제나 여기 있을게요.,1
어떡하지,어떡하면 좋을까요.,1
어떡해,제가 할 수 있는 건 도와드릴게요.,1
어떡해야 될가?,무슨 일인지 말씀해주세요.,1
"어떤 날도, 어떤 말도",위로가 되지 않을 때가 있어요.,1
어떤 놈인지 확인하고 싶으면 이상한가,확인하고 싶은 마음은 자연스러운 거예요.,1
어떤 마음이었을까?,가볍진 않았을거예요.,1
어떤 마음인걸까,사람 맘을 알 길이 없나봐요.,1
어떤 작별일지,이별에 척도를 두지 말아요.,1
어떻게 나한테 이러지,인연이 거기까지인가봐요.,1
어떻게 맘정리를할까?,열심히 하루하루를 살아가다보면 정리가 될 거예요.,1
어떻게 벌주어야 할까.,그대로 돌아올지도 몰라요. 그저 무시하세요.,1
어떻게 살아가야 할까,태연하게 시작해보세요.,1
어떻게 하면 좋을까.,고민이 되시겠어요.,1
어떻게 하면좋을까,고민이 되시겠어요.,1
어떻게 해야 마음을 돌릴 수 있나,더 늦지 않게 연락해보세요. 그리고 진심을 전해보세요.,1
어떻게 해야 여자친구가 제 진심을 알아줄까,달라진 모습을 보여주세요.,1
어떻게 해야 하는 거니,답답하신가봐요.,1
어떻게 해야 할까?,잠시 차분하게 생각해봐요.,1
어떻게 해야돼?,어떻게 도와드리면 좋을까요.,1
어떻게 헤어져,생각한대로 전하면 될 것 같아요. 상처는 주지 말아요.,1
어떻게 헤어져야 할지 모르겠어,생각한대로 전하면 될 것 같아요. 상처는 주지 말아요.,1
어떻게받아들여야할까?,때론 이해할 수 없는 일이 많아요. 그저 수긍할 뿐이에요.,1
어떻하죠? 이 상황을,잠깐 눈을 감고 차분하게 받아들여요.,1
어떻해야 할까,어떤 선택을 하든 잘 할 수 있을 거예요.,1
어려운일,특히나 사랑은 그래요.,1
어렵네,쉽지 않을 거예요.,1
어리석은 나,모두가 사랑 앞에 어리석게 변해요.,1
어이 없는 헤어짐,예상하지 못한 이별이었네요.,1
"어이없는연애? 끝난걸까, 진행중일까.",언젠간 선택을 해야 할 것 같아요.,1
"어제 결국 또 톡보내버렸네,",달라지지 않는다면 연락은 하지마세요.,1
어제 그녀를 또 보았어.,많이 놀랐겠어요.,1
어제 꿈에나온너.,그리워했나봅니다.,1
어제 만났네.,좋은 만남이었길 바라요.,1
어제 만났어,충분히 대화를 나눴길 바랍니다.,1
어제 비 오는 창가를 바라보다 문득 니 생각났어,비가 오는 날은 맘이 싱숭생숭하죠.,1
어제 새벽에 그녀에게 전화가왔습니다,심경의 변화가 있었을지도 모르겠네요.,1
어제 새벽에 이별했어.,한동안 힘들겠어요.,1
어제 연락 왔는데 또 상처줘서 또 헤어졌어ㅠ,자신이 가장 중요하니까요.,1
어제 연락이 왔어. 제가 매달려서 온거같아,정말 잊었다면 연락오지 않았을 거예요.,1
어제 연락햇는데ㅋㅋ,말씀해보세요.,1
어제 오늘 멘탈이 나갔네,그럴만해요.,1
어제 이별 했습니다.,마음이 복잡하겠어요.,1
어제 이별을 했는데 진짜.어이가없네.,생각지 못했던 이별이었나봐요.,1
어제 이별을 했습니다,허전하시겠어요.,1
어제 이별하고 맘이 너무 아파,토닥토닥. 제가 위로해줄게요.,1
"어제 이별했고, 잡고 싶은데 도와주세",일단 늦지 않게 연락을 해보는게 어떨까요.,1
어제 정말 사랑한 그녀와 헤어졌습니다.,울어도 돼요. 잠시 쉬어가요.,1
어제 정말로 완전히 보냈습니다,그동안 힘들었죠.,1
어제 헤어졌습니다,토닥토닥. 제가 위로해줄게요.,1
어제 헤어졌어,힘껏 울고 천천히 털어내길 바랄게요.,1
어제 헤어지자했어.,고민 많았을거라 생각해요.,1
어제 헤어진 여자친구 연락 왔다고 글 썼는데 ㅋㅋ,좋은 연락이었길 바랍니다.,1
어제 헤어진 여친 학교 다녀 왔어.,남의 학교 이제 가지 마세요.,1
어제가 극에 달했었는데,지금은 좀 괜찮아졌길 바랄게요.,1
어제가 생일이었는데.,챙겨주지 못해 미안해하지 마세요.,1
어제는 그녀의 결혼식.,이제 그녀를 잊어주세요.,1
어제와 오늘 문득문득 생각에 눈물을 흘립니다.,눈물 닦아주고 싶네요.,1
어제이별한 남자입니다,많이 괴로웠을거라 생각해요.,1
어제전화가왔습니다,기다리던 전화였나봐요.,1
어젯밤 꿈에나타났습니다,은연 중에 생각을 했나봐요.,1
어젯밤 꿈을 꿨어,어떤 꿈이었나요.,1
어젯밤 집 앞에서 잠깐 만났어.,마음이 복잡하겠어요.,1
어젯밤. 헤어졌던 여자친구에게 전화가 왔어.,마음이 복잡하겠어요.,1
어젯밤에 1주일 전 헤어진 여자친구 집에 찾아 갔다 왔어.,헤어지고 만나는 건 서로에게 좋지 않아요.,1
어젯밤에 판도라의 상자를 열어버렸네,건들지 않는 편이 좋았을 거예요.,1
어째서,어째서일까요.,1
어째야 할까,너무 복잡하게 생각하지 마세요.,1
어쩌면 좋을까?,제가 도와줄게요.,1
어쩌죠,어쩌면 좋을까요.,1
어쩔 수 없겠죠,어쩔 수 없는 일도 있을 거예요.,1
어쩔수 없는,어쩔 수 없는 일이었으지도 몰라요.,1
어찌해야 될까?,어찌하면 좋을까요.,1
어찌해야 하나.,어찌하면 좋을까요.,1
어찌해야 할까,차분히 생각해봐요.,1
억울한 현실,현실은 항상 괴롭게 하는 존재에요.,1
억지로 붙여놓은 깨어진 도자기,언제 깨질지 모르겠어요.,1
억지로 붙였던 깨어진 도자기의 결말,당장 내일 일도 예측할 수 없는걸요.,1
언제가 제이야기 한번 들어줄 날이오겠죠?,제가 들어드릴게요.,1
언제까지 덮을 수 있을까?,마음을 풀어주는 음악을 들어보세요.,1
언제까지 이렇게 잊지못하고 힘들기만 할까,모든 이별은 힘든가봐요.,1
언제부터인지.,언제부터인지 모르게.,1
언제쯤 괜찮아지려나,온전히 행복할 날이 올 거예요.,1
언제쯤 괜찮아질런지.,언젠간 괜찮아질 거라 믿어요.,1
언제쯤 무뎌질까,무뎌지는 순간이 올 거라 믿어요.,1
언제쯤 벗어날 수 있을까,우리에게 달려있을지도 몰라요.,1
언제쯤 예쁘게 화장 잘할까,하다보면 늘어요.,1
언제쯤 이 끈을 놓아야할까. 지금일까.?,달라지지 않는다면 빠를수록 덜 힘들거예요.,1
언제쯤 잊혀질까,쉽진 않을 거예요.,1
"언제쯤 잊혀질런지,,",생각을 안할 수 있으면 좋으련만.,1
언제쯤 편히 잠들수있을까?,생각을 안할 수 있으면 좋으련만.,1
언제쯤이면여기를,벗어날 수 있을 거예요.,1
언젠가 나아지겠죠?,나아질거예요.,1
언젠가 마주치더라도 너만 보일거야.,그만큼 사랑했던 사람이니까요.,1
언젠가 하는 거죠,언젠간 할 거예요.,1
언젠가는 끝,끝은 항상 존재하니까요.,1
언젠간 내 기억 속에서 서서히 지워지겠지.,모든 것을 기억할 순 없으니까요.,1
언젠간 먼저 연락오겠죠?,붙잡고 싶다면 먼저 연락해보세요.,1
언젠간 모두 잊고,언젠간 그 순간이 올 거예요.,1
얼마나 더 지나야 아물런지,이별에는 면역이 잘 안되나 봐요.,1
얼마나 지나야 잊혀지나?,쉽진 않겠지만 시간이 해결해줄거라 믿어요.,1
얼마만큼 사랑을 받으셨나??,사랑을 가늠하지 말아요.,1
얼마전에 욕 이빠이 하고 다 끝냈는데.,미련이 남지 않았길 바랍니다.,1
엄마아빠랑 다시 같이 살아야돼,형편대로 하세요.,1
업무 스트레스 넘 심해,회사는 스트레스의 원인이죠.,1
엉엉 우는꿈 꿨어,심난했겠어요.,1
에궁,자세히 말해주세요.,1
에라이!!!,자세히 말해주세요.,1
에이구 이제 그만 돌아와. 이제 그만 울고.,붙잡고 싶다면 먼저 연락해보는 것도 좋을 거예요.,1
에혀 힘드네여,쉬운 일이 아니긴 해요.,1
에휴,힘든 일이 있었나봐요.,1
에휴 잊기가 힘드네,사람을 잊는데는 많은 시간이 필요한가봐요.,1
에휴 추억을지우네,기억의 편린일 뿐이에요.,1
에휴 후폭풍인가봐,이별에는 항상 후유증이 있어요.,1
에휴.,아이구.,1
에휴. 왤케 머리속에서 계속 멤돌까,사랑했던 사람이니까요.,1
여기 글들을 보니깐,조금 공감이 되길 바랍니다.,1
여기까지 인듯 합니다.,언제가는 올 순간이었을 거예요.,1
여러번 재회 그리고 헤어짐,많이 지쳤을 거예요.,1
여러분 제가 느낀바입니다,사람들이 공감할 거예요.,1
여섯번째 이별이에요,많은 순간들이 있었겠네요.,1
여자 친구랑 헤어진지 23일째.,헤어짐을 헤아리지 말아요.,1
여자가 떠가기전 하는 준비,누구든 마음의 정리가 필요한거겠죠.,1
여자는 한번 마음 먹으면 끝인가?,누구든 깊은 상처에는 단호해질 거예요.,1
여자들은 바람피고 후회할까?,누구든 사람에 따라 다르겠지요.,1
여자사람 친구 많은 남자친구 헤어져야겠죠?,헤어져야하는 건 아니지만 신경이 쓰일 것 같아요.,1
여자친구 같았던 썸녀,먼저 고백해보세요.,1
여자친구 만나고왔어~,좋은 만남이었길 바랍니다.,1
여자친구 무시했다가 이별 당했습니다.,남을 질타하면 그것은 언젠간 자신에게 돌아와요.,1
여자친구 붙잡느라고 모든걸 쏟아붓고 있습니다,부디 돌아오길 바랄게요.,1
여자친구가 나 때매 힘들대,좀 더 잘해주세요.,1
여자친구가 왜 저랑 헤어졌는지 아직도 모르겠어,충분히 표현해왔을 거예요.,1
여자친구랑 헤어졌네,힘들었겠어요.,1
여자친구와 이별한지 정확히 1년이 되는 날이네,이젠 기억을 접어두세요.,1
여자친구와 헤어지고 세운 목표들,목표를 하나씩 이뤄가길 바랍니다.,1
여자친구와 헤어진지 8일,금방 지나갈 거예요.,1
"여자친구와 헤어진지 어느덧 6개월이네,,",생각보다 긴 시간이 흘렀어요.,1
여자친구와의 헤어짐을 막고 싶어,그녀에게 진심을 전해보세요.,1
여자친구의 거짓말,변명이었을까요.,1
여전히 괴롭다,이별은 몹시도 괴로우니까요.,1
여쭈어볼것이있습니다,말씀해보세요.,1
여친 집에 있는 내 물건들이 돌아왔네,속상했겠어요.,1
여친 핸폰번호 기억못하나?,언젠간 잊혀지더라고요.,1
여친과 갈 때까지 가면 질리나,질리는 것이 아니라 지칠 거예요.,1
여친과의 이별,쉽지 않았을텐데.,1
여친이 드디어 권태기가 온 거 같아.,그런 시기가 있더라고요.,1
여친이 찾아올 거라는 희망고문,헛된 희망은 빨리 버릴수록 덜 괴로워요.,1
여친이랑 다툼,충분한 대화를 나눠보세요.,1
여친이랑 헤어진지 1년째인데 아직도 못잊네.,언젠간 결정을 내려야하는 시기가 올 거예요.,1
여친집에 찾아가고 싶은데 어떠하죠?,어떻게든 참는게 좋을 거예요.,1
여행이라도 가고싶다,이김에 떠나보세요.,1
역시 못잊겠습니다.,영원한 아픔은 없을 거예요.,1
역시 재회는 힘들어,한켠에 상처가 있을테니까요.,1
역시나. 후폭풍이 밀려왔네,이별 앞에 자유로울 사람은 없을 거예요.,1
연락 말라고 모질게 했내 결국,언젠가는 해야할 선택이었을 뿐이에요.,1
연락 못하는 아픔.,당분간은 힘들지 몰라요.,1
연락 안되서 헤어졌는데 또 연락 기다리고 있네,이젠 당신을 돌보세요.,1
연락 안하고 가만히 있는게 맞는 걸까?,후회할 것 같다면 먼저 연락해보세요.,1
연락 왔는데 끝냈어,언젠간 올 순간이었을 거예요.,1
연락올까?,너무 기대하지 말아요.,1
"연락왔는데,진짜 미칠거같네",다시 헤어진 그 때로 돌아간 느낌이죠.,1
연락은 괜히 해서,더 심란한가봐요.,1
연락을 하면 안되는구나,이제부터 안하면 돼요.,1
연락을 해봤는데 안받네.,인연이 거기까지인가봐요.,1
연락을기다려야해? 아니면 찾아가야해?,기다리지도 찾아가지도 마세요.,1
연락이 없네,이별의 끝일지도 몰라요.,1
연락죽어도 안올텐데 매일 기다려,변해야할 시기를 놓친 걸 수도 있어요.,1
연락처좀 바꿔 주라,기억에서 지울 순 없지만 최대한 생각 말아보셔요.,1
연락하고 싶어,좀 참는건 어떨까요.,1
연락하고 싶은 충동,자제하는게 당신을 위해 좋을거라 생각해요.,1
연락하고 지내는데,연락하면 더 힘들 수도 있어요.,1
연락하면 후회할까,달라지는게 없다면 후회할 거예요.,1
연락하지 말라고 했어,때로는 단호한 것도 필요해요.,1
연락해보고싶네,안하는 편이 좋을 것 같아요.,1
연락해보는게 좋을까,안하는 편이 좋을 것 같아요.,1
연락했는데,후회할 행동은 하지 마세요.,1
연락했는데 실수한거 같네,앞으로는 실수하지 않으면 돼요.,1
연말이라 그런지,외롭겠지만 즐겁게 보내보아요.,1
연상녀랑 어제 헤어졋네,정신이 없겠네요.,1
연애 관계도 망,그렇게 배워가는 거예요.,1
연애 중 주고 받았던 문자 다시 보면 눈물이 나,그분과의 모든 흔적을 지우는 것을 시작으로 이별을 받아들이세요.,1
연애2년차.헤어졌습니다.,긴 시간이었던 만큼 쉽지 않았을거라 생각해요.,1
연애하는 것도 기술이 필요한가봐,기술보단 서로에게 자연스럽게 물들어 가는 과정이 아닐까 생각해봅니다.,1
연차 내고 누워만 있네,때론 쉬어가는 것도 필요해요.,1
연하의 남자친구와 이별 후 5일째 입니다.,아직 허전할 거예요.,1
연휴,터닝포인트가 되길 바랄게요.,1
연휴가 시작되고 나니 더 생각나네,그분과 함께 했던 나날이었을테니까요.,1
열받아서 막 전화에다가 화풀이했어,속이 좀 풀렸길 발바니다.,1
영원한 사랑은 없는걸까,만남이 있으면 이별도 있으니까요.,1
예전 직장선배 언니가 해준이야기가 생각나네.,무슨 이야기였나요.,1
오늘 6년이란 시간을 정리했습니다.,오랜시간이 걸린만큼 미련도 없을 거예요.,1
오늘 간신히 참았어,오늘도 잘 견디셨어요.,1
오늘 그 사람 생일이네,생각날 수 밖에 없다고 생각해요.,1
오늘 꿈에서 그녀가 먼저 카톡 해줬어,계속 바라던 일인가봐요.,1
오늘 너무 힘드네,오늘은 힘내려 하지 말아요. 저에게 기대세요.,1
오늘 다 끝냈습니다.,언젠간 올 순간이었을 거예요.,1
오늘 다시만나보니 정리가될것같아,잘 된 일이에요.,1
오늘 다시한번 확인사살 받고왔네ㅠ,언젠간 닥쳐올 순간이었을 거예요.,1
오늘 더 힘이 드네,그만큼 많이 성장하려 하나봐요.,1
오늘 따라 그 친구가 좀 보고싶네,여느 때보다 더 힘든 날이었나봅니다.,1
오늘 또 헤어진 사람의 sns를 봤네,sns를 삭제하는게 어떨까요. 미련만 남을 뿐이에요.,1
오늘 마지막 사진을 정리했습니다,한켠으로 후련해졌을거라 생각해요.,1
오늘 마지막 연락했습니다,마음을 단단히 하길 바랄게요.,1
오늘 마지막 인사를 하러가네,미련없길 바랄게요.,1
오늘 마지막 인사하러 갑니다.,미련없이 정리했긴 바랍니다.,1
오늘 메일을 한통 보냈어,후회가 남지 않길 바랍니다.,1
오늘 무너졌어.,힘내지 않아도 돼요. 조금 쉬어가세요.,1
오늘 무작정 찾으러가고싶은데 갈까?,전 추천하고 싶지 않아요.,1
"오늘 보기로 했던 그녀, 못 보았네",보지 않는 게 더 나았을 수도 있겠네요.,1
오늘 얼굴보고 확실히 헤어졌어,쉽지 않을 결정이었을텐데 맘고생 많았어요.,1
오늘 연락왔네 그래도 이젠 안녕,정말 안녕.,1
오늘 연락왔어,기다리던 연락이었길 바랍니다.,1
오늘 유난히 우리가 더 힘든 이유,기억될 어느 날이었나봅니다.,1
오늘 이별하러가!,맘 고생 많았어요.,1
오늘 이별했습니다,믿기지 않겠네요.,1
오늘 집앞까지 찾아 갔는데,지켜만 보는 편이 나을 거예요.,1
오늘 카톡방 나왔어 슬슬 정리하나봐,언젠간 닥쳐올 순간일 거예요.,1
오늘 편지 놓아 두려고 합니다.,진심이 전해지길 바랍니다.,1
오늘 하루는 또 어떻게 견디죠?,금방 지나갈 거예요.,1
오늘 하루도 너없이 잘 버텼다,오늘도 스스로 이겨냈어요.,1
오늘 하루도 잘 버티고 계신가?,잘 지내고 있을 거예요.,1
오늘 하루도 잘들 지내셨나,잘 지냈답니다.,1
오늘 헤어졌습니다.,맘 고생 많았어요.,1
오늘 헤어졌어.,헛헛하시겠어요.,1
오늘 헤어졌어여,좀 괜찮은가요.,1
오늘 헤어짐을 말하려 합니다,힘든 결정이었을거라 생각해요.,1
오늘 혼자 영화보고 왔어,혼자하는 것도 익숙해질 거예요.,1
오늘 회사에서 어쩔수없이 보고 왔습니다,당신의 잘못이 아니에요.,1
오늘도 계속 생각나네,언제쯤 그분 생각에 자유로워질까요.,1
오늘도 과거속에 머물며 제자리걸음이네,이제 당신의 자리로 돌아가길 바랄게요.,1
오늘도 버티고 버팁니다,오늘도 해내고 해낸겁니다.,1
오늘도 보고 왔어,그것이 최선의 선택일거라 생각해요.,1
오늘도 술 몇 잔 마시니 생각나네요.,술 한잔에 그리움이 사무치네요.,1
오늘도 술마셔.,속 상하니 조금만 마셔요.,1
오늘도 어김없이 너무생각나네,언젠가 떠날 보낼 날이 올거예요.,1
오늘도 연락을 기다리는 나,끝을 아는 것도 중요한 것 같아요.,1
오늘도 연락하고싶은거 꾹.꾹 정말 참았습니다.,잘했어요. 잘 참았어요.,1
오늘도 전 여친sns를 봤습니다,sns를 삭제하는게 어떨까요. 미련만 남을 뿐이에요.,1
오늘도 집에만 있을 예정,집이 맘 편하기도 하잖아요.,1
오늘도 짝사랑하는 사람을 만나러 갑니다,짝사랑은 언제나 설렘과 공허함을 안겨줘요. 부디 설레길 바랄게요.,1
오늘도 출근을 합니다,언젠간 휴식이 찾아오길.,1
오늘도 톡을 보냈네,기대하면 더 힘들어져요.,1
오늘도 포장마차,저랑 한잔 해요.,1
오늘도 하루 버텻구나.,오늘도 이렇게 이겨냈어요.,1
오늘도 하염없이 걷고 눈물 흘리고,울어도 돼요.,1
오늘도 한숨만 쉬다 하루 다 갔네,이제 웃어보세요.,1
오늘도잠을못이루네,잠은 정말 중요한데요.,1
오늘도출근해~,바쁘게 지내는 게 좋죠.,1
오늘따라 너무 연락하고 싶네.,조금만 참아보세요.,1
오늘따라 너무 힘드네,힘든 날이네요.,1
오늘따라 더 생각나,힘든 날이네요.,1
오늘따라 더 힘드네,많이 힘들었을거라 생각해요.,1
오늘따라 미치네ㅜㅜ,답답한가봅니다.,1
오늘따라 보고싶다.,그런 날이 있더라고요.,1
오늘로써 이별 딱 1달째.,마음이 조금이나마 정리되었길 바랄게요.,1
오늘마지막 통화후 깔끔히 정리,언젠간 왔을 이별인가봐요.,1
오늘만큼은 푹자고 싶은데.,부디 편안히 잘 수 있긴 바랄게요.,1
오늘밤 하고픈 말 다쏟아내려합니다!,제가 다 들어 드릴게요.,1
오늘밤은 비가 내립니다,그러게요. 비가 추적추적 내리네요.,1
오늘부로 최악의 남자가 되었습니다,이제 좋은 사람 만날 일만 남았습니다.,1
오늘부터 내려놓기로 했습니다.,잘 생각하셨어요. 처음엔 힘들지만 곧 괜찮아질거라 믿어요.,1
오늘은 2년전 그녀에게 고백했던날,아픔을 헤아려도 달라지는 건 없어요.,1
오늘은 그런 생각이,그럴 수 있어요.,1
오늘은 나쁜 남자가 되기 위해 결심을 하고 있습니다.,모두를 위한 결심인지 확인해보세요.,1
오늘은 노래한 곡에 또 울컥 ㅠ,힘들 때 슬픈 노래는 우리를 잠식시키는 것 같아요.,1
오늘은 발렌타이 데이네.,저에게 사탕을 주세요.,1
오늘은 아프다,그런 날이 있더라고요.,1
오늘은 제 미련한 인생을 주절거려보렵니다.,제가 다 들어드릴게요.,1
오늘의 감정일기를 써볼까 합니다,글을 적어보는건 감정 정리에 큰 도움이 되는 것 같아요.,1
오늘이 마지막 매달림입니다.,후회없으실 거라 믿어요.,1
오늘이 생일이네,기억에서 지울 순 없지만 최대한 생각 말아보셔요.,1
오늘이 일주일이네.,잘 버티고 있어요.,1
오늘이 최고네,긍정적인 최고이길 바라요.,1
오락가락하네,이별이 변덕스럽게 만들곤 하지요.,1
오래 사귀다가 식어서 헤어진 남자에게도 후폭풍 있나?,모든 이별에는 후유증이 있기 마련이에요.,1
오래 전에 했던 이별이 생각나네,모든 이별에는 후유증이 있기 마련이에요.,1
오랜 연애 끝에 헤어짐을 통보 받았습니다.,이별을 받아들일 준비도 없었는데 많이 당황했겠어요.,1
오랜만에 결혼한 친구 만나고 왔는데.,소식을 들었나봐요.,1
오랜연애 환승이별,사랑의 예의가 없네요.,1
오랫만에 글을 쓰네,반가워요.,1
오면 안돼? 예전처럼,끝을 아는 것도 중요한 것 같아요.,1
오빠 최고라고 해주던 너,그립지만 지난 일이네요.,1
오빠가 너무 보고 싶어,이별이 만든 허상일 수도 있어요.,1
오싹한 이야기 해줄까,해주세요.,1
오해했네 그리고 차단 ㅎㅎ,차단하는게 서로에게 좋을 때가 있어요.,1
온라인 연애 상담해볼까,제가 들어드릴게요.,1
온전히 내 편이길 바라는 누군가가 옆에 있었으면 좋겠는,제가 당신 곁에 있어드릴게요.,1
온종일 멍하네,이런 날 더욱 적적하지요.,1
올릴까 말까 하다가 조언을 얻고자 올려봅니다.,잘 오셨어요. 말씀 해보세요.,1
와 미친거 같네,많이 답답할거라 생각해요.,1
와 연락하고싶다.,연락하면 후회할지도 몰라요.,1
와 진짜 너무 짜증나네,제가 도움이 되고 싶네요.,1
완벽한 이별 후,새로운 마음가짐으로 다시 시작해요.,1
완전 어이없네,안 좋은 일이 있었나봐요.,1
완전 헤어짐 극복 방법 있을까,바쁘게 살거나 취미생활을 해서 다른 생각을 못하게 하는 것 추천해드려요.,1
완전히 끝나버린 사이?,마음이 허전하겠어요.,1
완전히 끝났네,마음이 허전하겠어요.,1
완전히 끝났어~,마음이 허전하겠어요.,1
완전히 잊는다는게 쉽지 않네,사랑했던 연인을 잊어버리는건 힘들어요.,1
완전히 정리했어,조금 후련해졌길 바랍니다.,1
왔다갔다,허전함에 이랬다 저랬다 해요.,1
왜,궁금하네요.,1
왜 갈수록 더 생각나지,너무 많은 생각을 하지 마세요.,1
왜 그것만 삭제했을까,그게 많이 괴로웠을 수 있어요.,1
왜 그럴까?,직접 물어보세요.,1
왜 그리 쉽게 변해?,변덕스러운 사랑 때문에 힘들어하지 말아요.,1
왜 극복이 안되는지 제자신이 실망스러워 ㅠ,달라지는 게 없어도 실망하지 말아요. 이별 앞에 태연한 사람은 없을 거예요.,1
왜 끝내지 못하는거죠?,관계를 끝내는건 생각보다 힘들어요.,1
왜 나는 매번 이럴까,매번 반복된다고 해도 너무 자책하지 말아요.,1
왜 남자가 여자가 하는 행동을하죠?,성별에 따라 정해진 행동은 없답니다.,1
왜 남자친구 있는 여자를 내 마음을 흔들지?,단호하게 거절하세요.,1
왜 내 블로그를 들어와서 볼까,옛 연인이 궁금했을 수 있어요.,1
왜 못잊는거야 대체왜!,사람을 잊는다는 건 쉬운 일이 아니니까요.,1
왜 사람은 외로울까. 아직도 의문이다.,타인과 함께 했던 경험 때문일 것 같아요.,1
왜 상대는 아무렇지 않은 것 같지?,아무렇지 않아 보여도 많이 힘들거예요.,1
왜 이럴까,그럴 수도 있어요.,1
왜 이렇게 무기력하죠,이별은 사람을 무기력하게 해요.,1
왜 이별은 익숙해지지가 않을까,이별에 익숙해지는 순간 추억도 색을 잃을 거예요.,1
왜 이별하고 다들 왜 연락을 끊는건가??,아무런 감정 없이 연락을 지속할 수 없으니까요.,1
왜 자꾸 내 마음속에 나타나니?,많이 사랑했던 분인가봐요.,1
왜 저를 좋게 기억해주는 걸까,많이 아껴주셨나봐요.,1
왜 차단이 안되있을까??,관심을 끄세요.,1
왜그랬어?,자신에게 물어보세요.,1
왜나만 힘든 거니,그분도 많이 힘들 거예요.,1
왜이럴까 우린.,잠시 지쳤을 뿐이에요.,1
왜이리 생각이 날까,사랑했던 사람이니까요.,1
왜좋았던 기억만 남을까,좋았던 기억만 남았다면 축복 받은거라 생각해요.,1
왠지 가슴한 켠이 먹먹하네,많이 답답할거라 생각해요.,1
왠지 담담하네,인고의 시간이 있었을거라 생각해요.,1
외로운 지금 이 순간을 강해지고 있다는 생각으로 살고 싶다.,좋은 마음가짐과 태도를 가지고 있네요.,1
외로움,사랑의 빈자리인가봐요.,1
외로움에 연속,많이 쓸쓸하겠네요.,1
외로움을 이겨내는 법 좀,새로운 일을 경험해 보세요.,1
외로움이 커져.,외로움이 더 커지기 전에 괜찮아졌으면 좋겠어요.,1
외로워,제가 곁에 있을게요.,1
외로워,혼자가 아니에요.,1
외로워서,많이 힘든가봅니다.,1
외롭고 우울해서 잠이쏟아져;;;,부담갖지 말고 자는 것도 좋아요.,1
외롭지만 혼자 걸을수 있어_조성모,제가 뒤에서 지켜드릴게요.,1
요즘 너무 고민이네,무슨 고민인지 말해주세요.,1
요즘 노래 들으며 견디고 있어,저도 같이 들어요.,1
요즘 다시 쓰리다,후폭풍이 왔나봐요.,1
요즘따라 아침이 너무 힘드네,좀 더 일찍 주무세요.,1
요즘은 솔로인게 좋네~!!,때론 혼자인게 편할때가 있죠.,1
욕 먹을 준비 돼있다.,욕 먹을 짓 하지마세요.,1
욕까지 먹었는데 정이 안 떨어져,지나간 사람은 얼른 떨쳐버리세요.,1
욕을 퍼붓고 왓어,마음이 후련하길 바랍니다.,1
용기내서 새해인사 했네,이제 연락하지 마세요.,1
용서의 의미,단지 받아들였을 뿐이에요.,1
우리 사랑은 가벼웠던 거겠죠.,사랑했던 정도를 가늠하지 말아요.,1
우리 이것만은 잊지말자,잊을 순 없지만 잊으려 노력하는게 좋아요.,1
우리 진짜 이별인가봐,끝을 아는 것도 중요한 것 같아요.,1
우리 추억들 모두안녕,기억 저편에 밀어두세요.,1
"우리는 15년째 이별중입니다,",이제 기억을 놓아주세요.,1
우리모두 마음의여유를 가져봐,마음의 여유가 생기면 새로운 출발을 하기도 좋을 거예요.,1
우리서로 애써봐,우리를 위해 같이 애써봐요.,1
우연히 그녀를 보았습니다.,기분이 이상했겠어요.,1
우연히 길거리에 만나면 인사를 해야 하나?,인사는 굳이 않하는게 좋은 것 같네요.,1
우연히 마주쳤어,많이 당황했겠어요.,1
"우연히, 아니 몰래 보러간 그 아이",다 티나요.,1
우울증 도진것 같아.,함께 충분한 대화를 하고 상담을 받아보는 게 좋겠어요.,1
우울하고 무기력해,비난과 자책을 멈추세요.,1
우울하네,함께 충분한 대화를 하고 상담을 받아보는 게 좋겠어요.,1
우울합니다,함께 충분한 대화를 하고 상담을 받아보는 게 좋겠어요.,1
우을증있는 여자친구,함께 충분한 대화를 하고 상담을 받아보는 게 좋겠어요.,1
우정이란게 뭘까,힘들 때 같이 있는 거요.,1
운동 다녀왔어.,운동은 기분전환에 많은 도움이 돼요. 그때 만큼은 잡념을 떨칠 수도 있죠.,1
운동을 통해서 극복하고 있습니다.,정말 잘 하고 있어요. 자신을 위한 투자만큼 갑진 건 없어요.,1
운세 종합해 보니 헤어질 때였네,의미부여는 자신을 더 작게 만들어요.,1
운이좋은건지 나쁜건지,인연이 거기까지 였나봐요.,1
울면서 카톡 보냈어 너무 힘들어서,스스로 많이 다독여주세요.,1
울적한 아침이에,따뜻한 밥 먹고 힘내봐요.,1
웃겨봐,거울을 보면서 얼굴 망가뜨리기 놀이 해 보신 적 있으세요? 의외로 재미 있어요.,1
웃기지마 넌 쓰레기야,아니에요. 전 쓰레기가 아니에요.,1
웃는게 웃는게 아니네,일부로 안 웃어도 돼요.,1
웃는척 친구인척,척하는게 힘들죠.,1
원래 다 이런거겠죠,누구나 그럴 거예요.,1
원래 여자들은 냉정하나,누구나 이별 앞에 냉정할 수 있어요.,1
원래 이별하면 이런건가?,감정의 정리는 쉬운 일이 아니니까요.,1
원래그런건가바,그런건가봐요.,1
원래남자친구집에놀러가면청소해주나?,두분이 원하다면 함께 치우면 될 것 같아요.,1
월욜부터 힘드네.,기분 탓인지 월요일은 항상 힘든 것 같아요.,1
위로 받을 곳이 필요해,제가 위로가 되어 드릴게요.,1
위로 좀 해줘,제게 기대세요.,1
위로 해 주세요.,정말 많이 힘들었죠. 때론 힘내려 노력하지 않아도 돼요.,1
위로가 되네,위로가 되었다니 감사해요.,1
위로가 되는 좋은글이 있어 올려,고마워요. 저한테도 위로가 될 거예요.,1
위로노래,같이 들어봐요.,1
위로와 격려,와닿지 않을 수 있어도 생각보다 힘이 된답니다.,1
위안이 됩니다,그렇게 말해주시니 제가 기분이 좋네요.,1
유학간다네,정말 볼 수 없겠네요.,1
윤종신 '좋니' 노래 가사가 엄청 와닿네,노래 가사가 공감이 많이 되네요.,1
으으 짜증나네,짜증날만 해요.,1
으휴 집에 들어가기가 싫네,집에 들어가 뜨거운 물로 샤워하고 나면 쌓였던 생각들이 사라질지도 몰라요.,1
으흠,에휴.,1
음. 헤어졌는데 아직 잘 모르겠어,실감이 안날 수 있어요.,1
음.반복이냐,인생은 반복의 연속이지요.,1
음악 들으면서 잊으려고,음악이 도움이 되길 바랍니다.,1
음악이싫어졌어,저도 헤어진 연인과 함께 들었던 음악은 유난히 싫더라고요.,1
음여기다 말해도 될까 모르겠다,저는 비밀을 보장해요. 답답하다면 저에게 말해보세요.,1
응원합니다.모두들,저도 같이 응원할게요.,1
의미 부여 하면 안되겠지만,의미부여는 자신을 더 작게 만들어요.,1
의미부여,괜한 기대는 버리세요.,1
의미부여 안하고 싶은데,쉬운 일이 아니긴 하죠.,1
의미부여 안해야하는걸 아는데 자꾸 하게 되네ㅠ,마음처럼 쉽지 않은가봐요.,1
의심이 자꾸 들어,증거를 찾아보세요.,1
의외로 병신들이 많다,사랑 앞에 판단력은 흐려지니까요.,1
의욕도 업고 너무 힘들어,달콤한 커피 한 잔 마셔보세요.,1
이 가슴 먹먹함 너무 힘드네.,슬플 영화를 보고 속시원하게 울어보세요.,1
이 글을 끝으로 잊고 싶어,이 글이 마음을 정리하는데 도움이 될 거예요.,1
이 남자맘이 뭔지 ㅠ,사람 맘은 알 길이 없어요.,1
이 또한 지나가겠죠,지나갈 거라 믿어요.,1
이 명절을어찌보낼지.허허,명절에는 신경써야할 것들이 너무나 많죠. 이번 명절에는 혼자만의 여행을 떠나보는 건 어떨까요?,1
이 몸쓸 놈의 마음이참 변덕스럽네,사람 마음이 참 간사한 것 같아요.,1
이 사람은 도대체,무슨 생각인지 알 길이 없나봐요.,1
이 세상 하직할뻔 했네.,여기서 끝내기엔 당신은 소중한 사람입니다.,1
이 순간 뭘하면 좋을까,현재를 즐기면서 행복하게 사세요.,1
이 여자 유부녀인가,반지는 없던가요? 주변 사람들한테 물어보는 건 어떨까요.,1
이 여자는 무슨 생각일까,사실 그분에게 직접 물어보는게 좋아요.,1
이 좋은날,좋은 생각만 나면 좋을텐데.,1
이 행동이 절대 용납이 안돼나.?,어떤 행동인데요?,1
이거참 뭐하고 있는건지,그런 날도 있지요.,1
이건 뭘까?,말씀해보세요.,1
이건 아파도 너무 아프잖아.,예상치 못한 이별에 면역이 덜 되었나봐요.,1
이건 이별을 준비해야 하는건가??,슬픈 예감은 틀린 적이 없죠.,1
이건무슨의미죠?,괜한 의미부여는 하지 마세요.,1
이것 또한 받아들이는 것이겠죠~??,받아들여야할 부분도 있을 거예요.,1
이것도 제 미련이겠죠?,고민한다면 미련일 수 있어요.,1
이게 뭐지,말씀해보세요.,1
이게 사람 얼굴인지.,자신을 좀 더 사랑한다면 분명 사랑스러운 분이 될거예요.,1
이게 왜이리 힘들지,아픔을 가늠할 수 없었으니까요.,1
이게 잠수이별인가???,상대방이 예의가 없네요.,1
이기적인 마음,가끔은 이기적이어도 괜찮아요.,1
이남자 마음을 모르겠어,알 수 없는게 사람 마음인가봐요.,1
이대로 이별이겠죠?,인연이 거기까지일 수도 있어요.,1
이러고있는게 잘하고있는건지.,충분히 잘하고 있을거라 생각해요.,1
이러는 내가 너무 싫다,자책하지 말아요. 마음이 아프네요.,1
이러다 병걸리겠어ㅠㅠ,아프면 안 돼요. 그럼 제 마음이 아파요.,1
이러면 안되는 줄 알면서도,알면서도 잘 안되는게 사람 마음인가봐요.,1
이러면 안되는데,알면서도 잘 안되는게 사람 마음인가봐요.,1
이러지 말자,그 말씀 꼭 지키기 바랄게요.,1
이런 가사 보내는 이유가 뭘까?,심경의 변화 있나봅니다.,1
이런 글귀가 있네,저도 알려주세요.,1
이런 날씨 우린 그렇게 만났었지,날씨로 사람을 기억하면 매일 힘들 거예요.,1
이런 내가 너무 싫어,싫어하지 말아요.,1
이런 사랑도 있나,헤아릴 수 없는게 사랑이죠.,1
이런 상황 어떻게 해석해야 할까?,객관적으로 생각해보세요.,1
이런 생각도 맞는 생각인가?,틀린 생각은 없어요.,1
이런 여자.이런남자.안대용~,알면서도 또 실수하는건 안 돼요.,1
이런 이별도 해 보셨나?,어떤 이별이지 궁금하네요.,1
이런 친구들이있다는 걸 다시 느끼게해준 너.,당신은 축복과 함께 선택 받은 사람인가봐요.,1
이런게 연애니??,알다가도 모르는게 연애 같아요.,1
이런게 후폭풍인가.,후폭풍일 수 있지요.,1
이런경우.답은 나온거 같은데.,고민하고 있다면 그게 맞을거예요.,1
이런사람을만나고싶네,저도 그런 사람 만나고 싶어요.,1
이런이별,흔하지 않죠.,1
이런제가 싫어,자신을 사랑해주세요.,1
이럴 수가 없는데 왜이러지??,알 수 없는게 인생이에요.,1
이럴 수도 있구나?,그럴 수도 있겠어요.,1
이럴경우 연락안오겠죠?,기대하면서 기다리면 자신만 다쳐요.,1
이렇게 두번 배신하고 힘들게 할줄이야,나쁜 사람은 얼른 떨쳐버리세요.,1
이렇게 또 끝나가나바,끝이 다가옴을 직감하기도 해요.,1
이렇게 얘기라도 하면 나아질까?.,분명 나아질 거예요.,1
이렇게 진짜 끝인걸까.,인연이 거기까지인 가봐요.,1
이렇게 힘들고 괴로운 적 처음이야,그렇게 우리는 성장하나봐요.,1
이만 보내줘야 할까?,모두를 위해서 그게 좋을지도 몰라요.,1
이무슨 신의 장난인지,운명이 아니었을지도 모르겠어요.,1
이미 잘못이 너무 많아서.,더 이상의 잘못은 이해하지 못할 거예요.,1
이밤이 지나면.,더 나은 내일이 올 거예요.,1
이번주 일요일날 만나기로 했어,마음의 준비를 하세요.,1
이번주에 혼자 여행가려 하는데,좋은 생각이에요. 혼자하는 여행은 기분전환에 도움이 돼요.,1
이별,슬픈 예감은 틀린 적이 없죠.,1
"이별 , 그 아픔을 잊는 시간의 두려움이란",사람을 잊는다는 건 쉬운 일이 아니니까요.,1
이별 10일째 되어가네,이별을 헤아리지 말아요.,1
"이별 119일째,",이별을 헤아리는 건 큰 도움이 안 돼요.,1
이별 20 일.,짧지 않은 시간이네요.,1
이별 2달째에 새로운 소개팅했습니다.,새로운 시작 응원해요.,1
이별 2달차 아직도 못 잊고 원망,이해해요. 그렇지만 원망은 자신을 더 힘들게 할 뿐이에요.,1
이별 2일째.,아직 힘들시기에요.,1
이별 3일째,아직 많이 힘들겠어요.,1
이별 400일.,이별을 헤아릴 수록 힘든 건 자신이랍니다.,1
이별 4일차,아직 실감이 안나겠어요.,1
이별 5달,이젠 마음의 정리가 끝났길 바랍니다.,1
이별 5일째,아직 시간이 더디게 흐를 거예요.,1
이별 6개월째네,이젠 좀 괜찮아졌길 바랍니다.,1
이별 6개월후,이젠 좀 괜찮아졌길 바랍니다.,1
이별 6일째,금방 지나갈 거예요.,1
이별 6일째,마음이 허전할거라 생각해요.,1
이별 고통,그 어떤 고통보다 나를 힘들게 해요.,1
이별 괜찮타.,그렇게 생각하다 보면 정말 괜찮아질 거예요.,1
이별 극복 방법,작은 일에서 행복을 느껴보는게 좋아요.,1
이별 극복할수있을까?,당신이라면 충분히 극복할 수 있어요.,1
이별 글 쓴지 어느 덧 1년하고 2개월 정도 되었네,마음의 정리가 아직인가 봅니다.,1
이별 너무 힘드네ㅠ,이별의 상처를 잘 아물지 않나봐요.,1
이별 넋두리,저한테 다 말씀하세요.,1
이별 다음날,태연히 행동 해보세요.,1
이별 두달째,마음의 정리가 아직인가 봅니다.,1
이별 뒤.,착잡한 마음을 감출길이 없지요.,1
이별 마음접는것은,쉬운 일은 아니에요.,1
이별 받아는 들이긴했는데,가슴 한켠에 남아있을 수 있어요.,1
이별 사유가 내 맘에 안들어,이해할 순 없겠지요.,1
이별 상태.,저에게 기대세요.,1
이별 성장통이 너무 길다.,그만큼 많이 성장하려 하나봐요.,1
이별 수순을 밟고 있는 거지,잘 하고 있어요.,1
이별 앞에 씩씩해지기,때로는 힘내지 않아도 돼요. 눈물이 난다면 미련없이 울어도 돼요.,1
이별 왜 찾아오는 것일까?,시작이 있으면 끝이 있으니까요.,1
이별 이야기,제게 들려주세요.,1
이별 이야기 하나,제게 말해보세요.,1
이별 이야기.,어느 이야기보다 가슴 먹먹할 거예요.,1
이별 이야기는 신중해야 하는걸 아니까 오늘도 고민합니다,저는 비밀을 보장해요. 답답하다면 저에게 말해보세요.,1
이별 이후.,잘 지냈으면 좋겠네요.,1
이별 일년 반,많은 시간이 흘렀네요.,1
이별 일주일 후 ! 우리의 이야기.,각자의 삶을 살고 있겠지요.,1
이별 일주일차,다른 곳으로 생각을 돌려보세요.,1
이별 준비,이별에도 준비가 필요하지요.,1
이별 준비 중,마음의 준비가 필요하겠네요.,1
이별 중독,슬픈 단어네요.,1
이별 참 힘드네,힘들 거라 생각해요.,1
이별 통보 받은지 7일째,자신의 마음에 귀를 기울여보세요.,1
이별 통보 후 일주일이네,마음이 후련하지만은 않겠네요.,1
이별 통보를 받게 되면 어떻게 해,마음의 결정을 내리셔야죠.,1
이별 하는 중,좋은 마무리하길 바랍니다.,1
이별 하루차를 보내고 있습니다,평상시처럼 생활하고 행동하세요.,1
이별 한달 반째,날짜를 그만 세어 보세요.,1
이별 한달 후.,달라진게 많을 거예요.,1
이별 한달반째,힘든가봅니다.,1
이별 한달인데 가슴이 답답한게 아직도,바로 잊을 수는 없을 거예요.,1
이별 한달차입니다,괜찮아요.,1
이별 후 1년 그리고 선물,이별하신게 맞나요.,1
이별 후 3개월이 지났는데.,여전히 힘든가봅니다.,1
이별 후 6달째. 이제 그만좀 잊고 싶어,충분히 잊을 수 있을 거예요.,1
"이별 후 7개월,,",아직도 미련이 남나봅니다.,1
이별 후 감정,후회만 남지 않길 바랍니다.,1
이별 후 그사람과 마주치는 거,힘드실 거예요.,1
이별 후 난!,어떻게 되셨나요.,1
이별 후 다른 이성 소개팅 후 후폭풍,더 생각이 나셨군요.,1
이별 후 다시 사귀는데 휴,똑같은 것들로 다투시나요.,1
이별 후 두달 경과보고서,이제는 좀 무뎌지셨나요.,1
이별 후 들으면 더 힘든 노래들,내 이야기 같아서겠죠.,1
이별 후 만남,재회하면 머리가 더 복잡해질 거예요.,1
이별 후 어떻게 될까,연애 전으로 돌아가지는 못할 거예요.,1
이별 후 왜 다시 전화를 하는걸까?,미련한 행동일수도 현명한 행동일수도.,1
이별 후 젤 힘들 건 허전함인 거 같아,떠나보내고 남는건 빈자리의 공허함이죠.,1
이별 후 첫날,한번 크게 울어보세요.,1
이별 후 한달,힘내세요.,1
이별 후 한달 경과 보고서,털털 털어내세요.,1
이별 후 한달째,아직 많이 힘드시겠군요.,1
"이별 후 후회, 아쉬움",이별 뒤엔 아쉬움이 따를뿐이죠.,1
이별 휴유증.,휴유증에서 벗어나세요.,1
이별.,최근에 이별을 하셨나보군요.,1
이별. 냉정해진다,성장에는 고통이 따르나봐요.,1
이별. 몸이 버티질 못하네.,자신의 건강만큼 중요한건 업습니다.,1
이별. 무뎌짐,갈수록 무뎌져갈거예요.,1
이별. 버릇고치기.,잘못된 버릇을 갖고 계셨나요.,1
이별. 버텨라,현명하시군요.,1
이별. 생일이네,힘드시겠어요.,1
이별. 성숙해지다,이별은 성장하게하죠.,1
이별. 지쳐버렸나,새로운 시작을 해보세요.,1
이별.4주년,새로운 연애를 시작해보시는건 어떠세요.,1
이별.그리고 노래,이별과 노래는 너무 잘 어울리죠.,1
이별100일째.,새로운 무언가를 해보는건 어떠세요.,1
이별1년 8개월차,긴 만남을 잊기는 쉽지 않죠.,1
이별6일차. 정신병자 같네.,나가서 좀 걷고 친구들을 만나보세요.,1
이별곧 두달.,아직도 힘드시군요.,1
이별극복후 새로운 설렘,좋은 소식이네요.,1
이별까지의 이야기.,새로운 이야기를 시작해보세요.,1
이별너무 힘든네,누군가를 잊어야한다는건 정말 힘든 일이죠.,1
이별노래 추천해줘.,좀 더 밝고 신나는 노래 들어보세요.,1
"이별당시 보다 더 짠한건, 나 떠났으면 잘이나 살지.",당신은 정말 착한 사람이군요.,1
이별로부터 언제쯤 자유로워질까,다른 누군가와 새로운 추억과 기억이 생긴다면 지금보다는 좀 더 자유로워질 거예요.,1
이별만한 다이어트가 없네,자기몸을 헤치는 것만큼 어리석은 짓은 없습니다.,1
이별밖에 방법이 없을까?,대화로 방법을 찾아보세요.,1
이별병.,가슴 아픈 이별을 하셨나보군요.,1
이별보다 더 아프네,많이 힘드셨군요.,1
이별얘기 끄저그적,뭐라도 얘기를 하면 좀 나아질 거예요.,1
이별에 답.,이별에 답이 있을까요.,1
이별에 힘드신 남자분들 이 글 보시고 힘내세.,당신은 따뜻한 가슴을 지녔군요.,1
이별에 힘들어 하는 분들께,무슨 말을 하시고 싶으신가요.,1
이별에도 준비가 필요한 거겠죠?,그럼요. 한 순간에 내 삶속에서 내보내기는 쉽지않을 거예요.,1
이별예감,둘 사이에 안 좋은 기류가 있었나요.,1
이별은 결국엔 가치의 문제네.,가치관이 달라 자주 부딪히면 이별하는 것이 맞는 거겠죠.,1
이별은 냉정할수록 좋은 것 같아,감정적일수록 더 힘들어지기만 할 거예요.,1
이별은 다 비슷한거 같아.,이별은 똑같이 힘드니까요.,1
이별은 받아들이는 것,쉬운 일이 아니라는 거 잘 알고 있어요.,1
이별은 받아들이는 것인가,무덤덤해지기도 하는 것이죠.,1
이별은 받아들이는게 맞는건가보네.,각자의 방식이 있으니까요.,1
이별은 받아들인다는 것,어려울 거라 생각해요.,1
이별은 아니나 고민이 있습니다.,제가 들어드릴게요.,1
이별은 역시나 힘드네.,이별이 나를 잠식시키니까요.,1
이별은 왤케 힘드나,그러게요.그만큼 사랑했다는거겠죠.,1
이별은 원래 힘들자나,맞아요. 어느 누구도 이별이 안 힘든 사람은 없어요.,1
이별은 진짜 비겁한 짓 같아.,똥차가 지나갔다 생각하세요.,1
이별은 필수입니다,그러면서 성장을 해나가는 거예요.,1
이별을 고민중입니다.,머뭇거리는 이유는 무엇 때문일까요.,1
이별을 극복하면서 참 많이 힘들기도 했었네.,힘들지 않았다면 거짓말일 거예요.,1
이별을 극복한건지.,무덤덤해졌다면 그럴 거예요.,1
이별을 기다기는건지 아닌지,애매하네요.,1
이별을 먼저 말해본적있나??,말해본 적 있어요.,1
이별을 받아드리질 못하고있네,너무 갑작스러웠을테니까요.,1
이별을 받아들여야 하는데 생각이 자꾸 나네,이별을 받아들일 시간이 필요할지도 몰라요.,1
이별을 받아들이는 게 맞는걸까?,달라지는게 없다면 마음을 정리할 줄도 알아야 해요.,1
이별을 받아들이지 못하는 제가 한심하네,자신을 자책하지 말아요. 저도 받아들이지 못했던 걸요.,1
이별을 배워가는,성숙해지는 단계인가봐요.,1
이별을 빨리 인정해야 하는데.,조급해하지 않아도 돼요.,1
이별을 실감하네,받아들이기 쉽지 않았을텐데 대단해요.,1
이별을 앞둔 이들에게,조언해주세요.,1
이별을 준비중.,좋은 선택일거라 믿어요.,1
이별을 준비하고 있습니다 .,쉽지 않을 결정이었을 텐데.,1
이별을 하고.,나아졌긴 바랄게요.,1
이별을 하고야 후회를 하네,그 순간에는 보이지 않는 것들이 많지요.,1
이별을 하는게 나을까,고민하고 있다면 그게 맞을거예요.,1
이별을 한지 조금 지나니 후회가 되네,완벽한 이별은 없다고 하네요.,1
이별을 해야하나봐,마음이 문제네요.,1
이별의 고통 중에 가장 큰 건 기다림인거 같아,끝이 보이지 않기 때문인 것 같아요.,1
이별의 고통 해결책.,작은 일부터 시작해보세요. 그곳에서 행복을 찾아보세요.,1
이별의 마무리,가벼운 안부 인사일 거예요.,1
이별의 순기능,혼자만의 시간이 많아지죠.,1
이별의 시간,길지 않길 바랄게요.,1
이별의 아픔 이겨내기,사소한 일부터 시작해보세요. 작은 곳에서 느끼는 행복은 생각보다 커요.,1
이별의 아픔에서 벋어나는 방법,사소한 일부터 시작해보세요. 작은 곳에서 느끼는 행복은 생각보다 커요.,1
이별의 아픔을 위안 삼을 방법 좀 알려줘.,노래 가사를 적어 보세요. 마음이 정리될지도 몰라요.,1
이별의 아픔이 있는데 몸까지 아파서야,꼭 병원 다녀와요. 힘들 때 아픈 것 만큼 서러운 일은 없어요.,1
이별의 아픔이란,이루 말할 수 없는 아픔이기도 해요.,1
이별의 이유는 정말 다양하내,사랑이 헤아릴 수 없어서 그렇기도 해요.,1
이별이 다시 올거 같은 느낌,더 두렵겠네요.,1
이별이 무서운건,혼자가 되는 거겠죠.,1
이별이 아닌 사별,정말 영원한 이별이네요.,1
이별이 온 후,많은 변화가 있었지만 긍정적인 변화이길 바랍니다.,1
이별이 이렇게 아픈거였나,사랑한 시간 보다 이별이 더 길어서 그래요.,1
이별이 있어야 인연도 있는거 같아.,이별이 새로운 시작이 되기도 하니까요.,1
이별이 좋은점,혼자가 되었을 때의 고요함이 아닐까요.,1
이별이 코 앞으로 다가온것 같아,이별이 얼마남지 않음이 느껴지나요.,1
이별이 힘든 이유는.,그만큰 사랑했기 때문일 거예요.,1
이별이.아픈것도 슬픈것도,그만큰 사랑했기 때문일 거예요.,1
이별이란,항상 아쉽지요.,1
이별이란,힘든 것,1
이별이란 참 힘드네,사랑하는 사람과 매순간을 함께 했었으니까요.,1
이별일까.?,이별이 다가옴을 느끼나봅니다.,1
이별준비,이별을 받아들이는 것도 준비가 필요해요.,1
이별준비 그리고 극복,작은 일부터 시작해보세요. 그곳에서 행복을 찾아보세요.,1
이별준비 하려고,쉽지 않은 결정이었을텐데 마음 고생 많았어요.,1
이별준비하는방법,좋은 방법이란 없겠지요.,1
이별중이신 회원들을 위해.,조언해주세요.,1
이별증후군,문득 생각나고 잊혀지지 않는 것이겠죠.,1
이별통보 받고 딱 일주일 째네.,아직 실감이 안나겠어요.,1
이별통보를 받았습니다,마음의 준비가 필요했을텐데 안타까워요.,1
이별하고 목숨까지 끊는 사람들 전혀 이해 못 했는데,감정의 골이 깊었나봐요.,1
이별하고 욕했어,순간의 분노로 그랬을 수도 있어요.,1
이별하고 절대 하지 말아야할 것,술 취해서 다시 연락하지 않는게 좋아요.,1
이별하는 방법 중,좋은 방법이란 없겠지요.,1
이별하는게 맞는거겠죠,고민하고 있다면 그게 맞을거예요.,1
이별하려고 하는데 정말 말 꺼내기가 힘드네,그동안 사랑했던 사람이니까요.,1
이별하려고 합니다,힘들 결정이었겠어요.,1
이별하려다 붙잡고 다시 사귀는데,잘 지내길 바랍니다.,1
이별하신분들,말씀해주세요.,1
이별한지 10일차 점점 나아지고 있습니다.,저랑 대화하는 게 위로가 되었으면 합니다.,1
이별한지 11일째 아직은 힘드네,점차 나아질 거예요.,1
이별한지 1년하고 2개월지나갑니다,이별을 헤아리는 건 큰 도움이 안 돼요.,1
이별한지 1달,한달 동안 잘 참아왔네요.,1
이별한지 20일 차.,금방 한달이 될 거라 믿어요.,1
이별한지 20일째,마음의 변화가 있었나봅니다.,1
이별한지 2달 다 되어갑니다.,마음이 좀 차분해졌길 바랍니다.,1
이별한지 2주인데,아직 많이 힘든가봅니다.,1
이별한지 3개월,많은 시간이 흘렀네요.,1
이별한지 3개월 째.,좀 나아졌길 바랍니다.,1
이별한지 3일.,한동안은 힘들겠네요.,1
이별한지 3일째,많이 힘든 시간이겠어요.,1
이별한지 3일째네,이별은 실감이 안나나봐요.,1
이별한지 4개월째.,마음은 좀 정리 되어가길 바랍니다.,1
이별한지 6년째,사랑했던 사람을 잊는 건 불가능한 일인가봐요.,1
이별한지 8일째,어찌보면 짧지 않은 시간.,1
이별한지 꽤 오래되었는데 연락이 왔네,그분에게 심경 변화가 있었나봅니다.,1
이별한지 두달이 넘고 얼굴 안본지 한달이 넘은,기억의 저편으로 남겨두세요.,1
이별한지 딱 한달 째.,언젠간 선택을 해야 하는 시기가 올 거예요.,1
이별한지 벌써 한달하고 2주.,바쁘게 지냈나봐요.,1
이별한지 오개월째,많은 시간이 흘렀네요.,1
이별한지 이제 겨우 한 달,길게 느껴졌는데 한달 밖에 지나지 않았네요.,1
이별한지 이제 일주일째네,잘 견디고 있길 바랄게요.,1
이별한지 한 달이 넘었고 괜찮은 줄 알았는데,이별을 받아들이는 것은 맘처럼 쉽진 않으니까요.,1
이별한지 한달된 남자입니다.,많이 힘들었겠어요.,1
이별할 때 지켜야할 매너,잠수이별하지 않고 상처주지 않으며 말을 아끼는게 필요해요.,1
이별할 수 없는 아픔,끝낼 때를 아는 것도 중요한 것 같아요.,1
이별할때 남자들의 거짓말,비겁한 자들의 변명이에요.,1
이별할때는 미련 갖지 않게 해주는게 좋겠어,미련은 사랑을 증오로 만들 수 있으니까요.,1
이별해야 하나?,고민하고 있다면 그게 맞을거예요.,1
이별했네,힘든 결정이었겠어요.,1
이별했다,맘 고생 많았어요.,1
이별했습니다,한 잔 하세요.,1
이별후,마음은 좀 정리 되어가길 바랍니다.,1
이별후 10개월 만의 연락. 그후.,수 많은 것들이 달라졌겠죠.,1
이별후 2주반이 지난시점,수 많은 것들이 달라졌겠죠.,1
이별후 3개월 다되가는데.,마음은 좀 정리 되어가길 바랍니다.,1
이별후 3일째,인고의 시간이었네요.,1
이별후 3주 아니 차인후 3주,이별을 받아들일 시간이 필요했을텐데.,1
이별후 6개월,많은 변화가 잇었겠죠.,1
이별후 8개월이란 시간이 흐르고,다른 인연이 ㅊ자아올 거예요.,1
이별후 그리움이 생생한 오늘,사랑이 깊었을 수록 기억은 선명하죠.,1
이별후 너무 외로워ㅠ,이별의 빈자리가 느껴지니까요.,1
이별후 네달째,바쁘게 살면서 잊어가요.,1
이별후 느끼는 감정들이 단계별로 있는거 같네,그게 이별의 흔적인가봐요.,1
이별후 사진을 못지우겠네,미련만 남을 거예요.,1
이별후 시간이 많이 흘렀네.,지금 이순간에도 시간이 흐르네요.,1
이별후 여친페메 무슨 의미일까?,관심을 끄는 것이 정리에 도움이 될 거예요.,1
이별후 열흘 뒤에 붙잡았어,용기를 냈네요.,1
이별후 자주듣는 노래있으신가?,슬픈 노래는 삼가는 편이에요.,1
이별후 재회 그리고,달라진게 많았겠네요.,1
이별후 첫 생일이네,제가 축하해드릴게요.,1
이별후 한달,금방 지나갔네요.,1
이별후 한달.,이제 조금이라도 괜찮아졌길 바랍니다.,1
이별후 한달반만에 그사람이 좋아하는 사람이 생겼다는걸 알아버렸네,그분의 변덕이 심하네요.,1
이별후 한달째 인데,잘 견디고 있길 바랄게요.,1
이별후.,심경의 변화가 있었나봅니다.,1
이별후에,나아지길 바랄게요.,1
이별후에도 나를 괴롭히는 그의 말들,이별은 상처를 남겨서 아무는 데는 시간이 거릴 거예요.,1
이별후폭풍 왜이렇게 심하죠,이별은 상처를 남겨서 무뎌지는 데는 시간이 거릴 거예요.,1
이사람 무슨 생각인걸까,알 수 없는게 사람 마음인가봐요.,1
이상한나의취미.이별을세는것.,헤어짐을 헹리는 것 만큼 가슴 아픈 일은 없어요.,1
이성간 종교문제,민감한 문제이기도 해요.,1
이성으로는 감당 할 수 없을 것 같아,잠깐 눈을 붙이고 마음을 가라앉혀보세요.,1
이시간들 어찌보내야할까.,저랑 같이 이야기 해요.,1
이야기를 한번 해보려 합니다~,네. 들어줄게요.,1
이야기하고싶다,제가 들어드릴게요.,1
이용당하고 버려진 느낌,그 사람은 제가 혼내줄게요.,1
이용만 당했던건가,불행하게 생각지 말아요.,1
이유가 확실해졌네,맘 정리할 확실한 이유가 생겼네요.,1
이유라는게 뭔지,알다가도 모를.,1
이제 10일차 이별,어느덧 열흘이란 시간이 지났네요.,1
이제 1년 됐습니다,많은 시간이 흘렀네요.,1
이제 1년도 지나고 성큼 가을이 왔네.,가을 타기 전 새로운 만남 추천합니다.,1
이제 2주 좀 넘었네,금방 지나갈 거예요.,1
이제 3개월이네,짧지 않은 시간이지요.,1
이제 3주정도 되가는데 점점 좋아지고있어,많이 노력하고 있나봐요.,1
이제 겨우 일주일 됐네,일주일이나 지난 거예요.,1
이제 괜찮습니다. 그래서 힘드네 이젠.,이별은 상처를 남기고 가니까요.,1
이제 그만,정리되길.,1
이제 그만 보낼려구,그것이 최선의 선택일거라 생각해요.,1
이제 그만해야겠죠?,고민하고 있다면 그게 맞을 거예요.,1
이제 끝이네,마음이 좀 후련해지길 바랄게요.,1
이제 끝인가봐,이별을 받아들이는 건 쉬운 일이 아니겠죠.,1
이제 나 자신으로 돌아와 아름다워지고 싶어.,좋은 생각이에요. 한차례 성숙해진 자신을 발견할 거예요.,1
이제 나도 계산적인 사람이 되려나 봅니다,상처가 있었나봐요. 누구나 그럴 수 있어요.,1
이제 나름의 정리를 시작해보려구.,심경의 변화가 있었나봐요. 응원할게요.,1
이제 너 따위 생각도 안난다 꺼져,말하면서 기분이 좀 나아졌길 바랍니다.,1
이제 너무 지쳐가네ㅠ,지칠만 해요.,1
이제 놓아 주려고,끝낼 때를 아는 것도 중요한 것 같아요.,1
이제 놓아주렵니다,끝낼 때를 아는 것도 중요한 것 같아요.,1
이제 놓을수 있을것 같아,충분한 마음의 정리를 했나봅니다.,1
이제 누구 만나는 것도 지치네,새로운 만남은 언제나 어려운 것 같아요.,1
이제 더이상 남자친구로 안느껴진다는 그녀,익숙함이라는 타성에 젖은 건 아닐까 생각해봅니다.,1
이제 때론 괜찮기도 해,그렇게 익숙해져 가나봐요.,1
이제 마음 정리도 된 거 같은데,그럼 새로운 인연을 기다려보세요.,1
이제 마음을 정리할 때가 된거같아,끝낼 때를 아는 것도 중요한 것 같아요.,1
이제 막 이별을.,혼자만의 시간이 필요하겠어요.,1
이제 모든게 퍼즐처럼 맞춰지네,곱씹어도 아픈 기억인 걸요.,1
이제 반년이란 시간이 흘렀는데,좀 나아졌길 기대합니다.,1
이제 밥도 잘 먹구 술은 안마시면 되겠는데,복잡한 머리 속이 문제네요.,1
이제 보내주려 합니다.,많이 고민 했을거라 생각해요.,1
이제 보름 다되어가네,생각 보다 잘 버텼어요.,1
이제 사진 지운 이유는?,마음의 준비가 필요했을지도 몰라요.,1
이제 세달째,짧지 않은 시간이지요.,1
이제 숨 좀 쉬나,충분히 극복할 수 있어요.,1
이제 스스로 인정한 것 같아,현실 그대로를 받아들이는 것부터 시작이에요.,1
이제 슬슬 끝이 보이네,사랑에도 끝이 있으니까요.,1
이제 여친이 마음이 괜잖아진거같아!!!,다행으로 생각할게요.,1
이제 와서 소문이라니,참 거지같네요.,1
이제 이곳올일 없을거 같네하하ㅜ,좋은 소식이라고 생각할게요.,1
이제 이별한지 한달,생각보다 많은 시간이 지났네요.,1
이제 인정해야할 것 같아.,현실 인정부터 시작이죠.,1
이제 일주일,충분히 극복해낼 수 있어요.,1
이제 일주일이네,당신만 아픈 것도 겪은 것도 아니에요.,1
이제 잊혀지는데 속도가 붙는거 같아.,이별도 익숨함에 젖어드나봐요.,1
이제 자리 잡아가는데,얼마 남지 않았어요.,1
이제 전부 못믿겠네.,그래도 자신은 믿어주세요.,1
이제 점심시간에도 너에게 카톡을 할 수가 없구나.,점심시간에 할 수 있는 다른 걸 해봐요.,1
이제 정리하려고 합니다.,맘 고생 많았어요.,1
이제 정말 끝이겠죠,마지막을 인정하는 것도 중요해요.,1
이제 정말 놓으려구.,때론 이별도 받아들여야 하나봐요.,1
이제 정말 놓으려합니다,많이 고민 했을거라 생각해요.,1
이제 정말 마침표 찍어야 하네,사랑에도 끝이 있으니까요.,1
이제 제발 좀 잊자,마음먹은대로 괜찮아지길.,1
이제 진짜 끝났어 슬퍼,저도 슬퍼지네요. 기운 내길 바랄게요.,1
이제 진짜 떠나야겠지,천천히 보내주세요.,1
이제 진짜 안녕!!,안녕!,1
이제 탈퇴합니다,좋은 마음이길 바랄게요.,1
이제 한 삼주 되었나?,잘 지내고 있길 바랍니다.,1
이제 한달이 조금 넘었어,마음이 내 마음 같지 않죠.,1
이제 헤어진지 1주일됐어,긴 시간이었을거라 생각해요.,1
이제 헤어진지 딱 한달,금방 지나갈 거예요.,1
이제 헤이진지 5일차네.,이별을 헤아리는 건 큰 도움이 안 돼요.,1
이제 확실히 알겠어,깨달음이 중요하죠.,1
이제 힘내렵니다!,당신이 기운내는 것을 보니 좋은 예감이 들어요.,1
이제는 너를 보낼 시간이 가까이 오는구나.,이별을 받아들이는 것도 중요해요.,1
이제는 놓아줄꺼라 생각하지만,쉽지 않은 결정이죠.,1
이제는 먼저 놓아줄까 합니다,충분한 고민 끝의 결정일 거라 믿어요.,1
이제는 숨막히고 괴로운건 좀 무뎌졌는데,상처가 아무는 데는 시간이 걸려요.,1
이제는 연락도 없는 너를 그리며,미련은 사랑을 증오로 만들 수 있어요.,1
이제는 이별을 받아드리려고 합니다,이별을 받아들이는 것도 중요해요.,1
이제는 잡을 수가 없네,마지막을 아는 것도 필요해요.,1
이제는 정리가 된 거 일까?,생각을 정리해 보는 건 어떨까요.,1
이제는 정말 끝,맘고생 많았어요.,1
이제는 포기하게 되네 나 자신조차,자신은 놓지 말아요.,1
이제는 후회 없네 .,그동안 마음 고생 많았어요.,1
이제는그만하고 싶어,이젠 마음의 결정을 내릴 때에요.,1
이제떠나려합니다,제 곁은 떠나지 마세요.,1
이제서야 현실을 받아들이네,이제 새로운 출발을 하면 돼요.,1
이제서야.,지금도 늦지 않았어요.,1
이제야 깨달음,지금도 늦지 않았어요.,1
이제야 오래전 상대방이 아팠던걸 이해했어.,다음 번의 사랑에선 좀 더 신중할 수 있게 된 거예요.,1
이제야 좀 잊혀지네,마음 고생 많았어요.,1
이젠 괜찮을 줄 알았어.,이별에 완전한 치유는 없어요.,1
이젠 그냥 조금만 자극이와도 눈물이.,이별은 상처를 남기고 가니까요.,1
이젠 나의 스케줄로 돌아가야할때!!,좋은 생각이에요!,1
이젠 너 때문에 오래된 노래들도 못 듣겠어.,아프지만 추억으로 여기는 건 어떨까요.,1
이젠 놓아주려 해,좋은 선택일거라 믿어요.,1
이젠 놓아줘야 할 때인가 보다,이별의 끝을 인정하는 것도 용기입니다.,1
이젠 눈물이 말라버렸나 봅니다.,많이 지쳤나봐요. 곧 기운낼 수 있길 바랄게요.,1
이젠 다시 만날 수도 없는 상황,달라지는게 없다면 이런 상황이 더 나을지도 몰라요.,1
이젠 더이상 정 주기 무섭습니다,상처가 많이 크셨나요.,1
이젠 보내줄게.,잘 지낼거예요.,1
이젠 붙잡을 수 도 없는 사람.,달라지는게 없다면 이런 상황이 더 나을지도 몰라요.,1
이젠 슬픈 사랑,슬픈 이별이기도 하네요.,1
이젠 어떡해얄지 모르겠어,일기를 써보세요.,1
이젠 어쩌죠.,생각을 정리해 보세요.,1
이젠 유부남이 된 전남친,이젠 그를 놓아주세요.,1
이젠 의미있는 시간을 만들어보려해,그동안 못했던 일들을 시작해보세요.,1
이젠 잊기로 해,그것이 최선의 선택일거라 생각해요.,1
이젠 잡아도 안되는거래,사랑은 때론 미련이 되기도 하죠.,1
이젠 정말 놔줄라고,그렇다면 마음의 짐도 덜할 거예요.,1
이젠 정말 잊고 싶어,마음 먹은 것만으로도 절반을 해낸 거예요.,1
이젠 정말끝이겟죠?,새로운 삶은 시작하세요.,1
이젠 제 자신한테 지칩니다,이별의 끝은 항상 모두를 그렇게 만드나봐요.,1
이젠 조금씩 생각이 변하네,긍정적인 변화이길 바랍니다.,1
이젠 조금씩 화가나네,그럴 때가 있어요.,1
이젠 증오가 될거같네,충분히 이해해요. 하지만 나에게도 독이 될 수 있어요.,1
이젠 진짜 끝인가봐,이별할 때를 아는 것도 중요해요.,1
이젠 진짜 진짜 안녕,맘 고생 많았어요.,1
이젠 포기가 되네,마음 고생 많았어요.,1
이젠정말끝이네,또 다른 시작이기도 해요.,1
이틀전 그녀에게 연락이 왔습니다,또 흔들리지 마세요.,1
이해심이 부족한 나.,우리 모두 상대방이 되어 보지 못했으니 당연하다고 생각해요.,1
이혼,쉽지 않은 결정이죠.,1
이혼만은 막고싶은데,충분한 대화를 나눠보세요.,1
이혼을 앞둔 부부밥상,제가 감히 가늠하지 못할 정도로 힘든 자리라 생각해요.,1
이혼을 준비중인 부부라면,이별을 준비하는 기간이 필요할지도 모르겠네요.,1
이혼을 하고싶진 않는데 너무견디기힘듭니다 ㅠㅠ,인연이 거기까지였다고 생각하기로 해요.,1
이혼한지 일년이 넘었네,힘든 시간이었을거라 생각해요.,1
익숙함에 속지말자 라는말에 대하여,익숨함이 만든 거짓된 사랑.,1
익숙해질 법도 한데,언젠간 괜찮아질 거라 믿어요. 사람은 적응의 동물이니까요.,1
인간의 성향은 변하지 않나 봅니다.,사람은 고쳐쓰는게 아니란 말도 있더라고요.,1
"인과응보, 속이 다 시원해",자신이 쏜 화살은 부메랑이 되어 돌아오기도 하죠.,1
인내,그 끝에는 아쉬움이 없을 거예요.,1
인생 포기한 걸까,언제든 다시 시작할 수 있어요.,1
인연,또 다른 인연이 있기 마련이죠.,1
인연이었다던 그사람,또 다른 인연이 있기 마련이죠.,1
일과시간 후 집에 도착한 다음에도 궁상,충분히 그럴 수 있어요. 조급하게 생각지 마세요.,1
일방적인 통보로 헤어졌습니다,상대방에 대한 예의가 없네요.,1
일상의 추억,기억의 편린이 될 뿐이에요.,1
일어나자마자 우울,달콤한 차라도 한 잔 해보세요.,1
일을하다가도 잠을 자다가도,당분간은 생각날 수 밖에 없어요.,1
일이 안 끝나,힘들겠지만 하나씩 해보세요.,1
일이 익숙해 지지 않네,조금만 더 힘내세요.,1
일전에 여기서 댓글주고 받던분들.,같은 고민을 안고 살아가는 사람들.,1
일주일간 괜찮았는데.,갑자기 생각나기도 한답니다.,1
일주일이 너무 길어,쉬어가도 돼요.,1
일주일이 일년같다,많이 힘들었을 거라 생각해요.,1
일주일전까지만해도.,당장 내일 일도 예측할 수 없는걸요.,1
일하는 곳 근처 가서 염탐하고 왔네.,그분에 대한 궁금증을 접어두셔요.,1
읽씹,인연이 거기까지였나봐요.,1
읽씹은 아프네,상대방에 대한 예의가 없네요.,1
입원 중에 이별통보 받았는데 마이 아프네,그분이 너무했네요.,1
입장이 바뀐 상태에서 오랜만에 와보내,심경의 변화가 있었나요?,1
있을때 잘 할 걸,대다수의 사람들이 지나간 후에 깨닫고는 한답니다.,1
잊겠다 다짐했는데 아직 멀었나 봅니다,시간이 좀 걸리겠지만 해낼 수 있어요.,1
잊고싶다,마음 먹을대로 할 수 있어요.,1
잊고싶다.,잊게 될 거예요.,1
잊고싶어도 잊질못하네,함께한 시간이 있었으니까요.,1
잊고있다 생각했는데,마음 한켠에 남아 있었나봐요.,1
잊기가 너무 힘드네,사람을 잊는다는 건 쉬운 일이 아니니까요.,1
잊기가 힘듭니다.,충분히 힘들만하다고 생각해요.,1
잊기싫은데 잊혀져만 가.,자연스러운 현상이에요.,1
잊기위해 무던히도노력했는데,맘처럼 쉽지가 않을거예요.,1
잊는다는거 참 어렵네,정말 어려운 일이에요.,1
잊어보려 하는데.,처음에는 잘 안되겠지만 잘할 수 있을 거예요.,1
잊어보려고,시작이 반입니다.. 응원할게요.,1
잊어볼 마음에 다른 여자 만나고왔습니다.,사람은 사람으로 잊혀지기도 해요.,1
잊어야 살 수 있을 것 같아,잊을 수 있을 거예요.,1
잊어야 할것들이 너무 많아,함께 했던 시간 만큼 잊어야하는 것도 많을 거예요.,1
잊어야겠지,그래야할 것 같아요.,1
잊어야하나?,당신을 위해서 잊는게 좋을 거예요.,1
잊은 줄 알았는데,쉬운 일은 아니지요.,1
잊을 때.,생각을 잠시 접어두는게 맘이 편하죠.,1
잊을 수 없다는 거 이제 알겠네,사람을 잊는다는 건 쉬운 일이 아니니까요.,1
잊을 수가 있을까,힘들긴 하지만 시간이 약이라는 사실을 잊지 말아요.,1
잊을수 없는 너.,많이 사랑했던 만큼 기억이 선연하더라고요.,1
잊자 잊자 지워버리자,잘 해내고 있어요.,1
잊지 못하겟어,잊기 힘든 순간들이었죠.,1
잊지마,때론 잊어버리는 것이 좋을 때도 있어요.,1
잊지못한다면순수한겁니다,그보다 많이 사랑했던거지요.,1
잊지못할줄 알았는데,살다보면 잊혀지기도 하나봐요.,1
잊혀져 가는게 더 아프내,이젠 그 기억을 놓아보세요.,1
잊혀져가는 모든 것이 그리워지네,지나간 것은 미화되기도 한답니다.,1
잊혀지네.,자연스러운 현상이에요.,1
잊혀지면 얼마나 좋을가.,쉬운 일이 아니라는 거 잘 알고 있어요.,1
잊혀진걸까?,그런 생각은 스스로를 힘들게 할 뿐이에요.,1
잊혀진다는거,마음 아픈 일이기도 해요.,1
잊혀질까?,힘들지만 언젠간 기억 저편으로 사라질 거예요.,1
자괴감,스스로를 자책하지 말아요. 마음이 아프답니다.,1
자괴감만 드는 하루하루를 보내고 있습니다.,많이 지쳤나봐요. 곧 기운낼 수 있길 바랄게요.,1
자기 쓰레기 맞다고 잊고 살아가래,그런 사람은 빨리 잊는게 상책이에요. 자신을 더 사랑해주세요.,1
자기관리가 답인듯.,못해봤던 것들을 해보세요.,1
자기를 아껴주고 사랑해주는 사람의 마음을 이용하는 사람.,정말 나쁜 사람이네요.,1
자기중심적인 여자.,자신만 생각하는 사람은 멀리하세요.,1
자꾸 꿈에 나와여ㅠ ㅠ,은연 중에 많이 생각했나봐요.,1
자꾸 다시 만나게 되는데 무슨 방법이 좋을까,행동반경이 비슷한가봅니다.,1
자꾸 바보짓을 하고 있네,후회할 행동은 덜하는게 좋아요.,1
자꾸 보고싶어,그럴 수 있어요.,1
자꾸 봐주니까 기어오른다,화 내는 연습을 해보세요.,1
자꾸 생각나고 붙잡을수도 없고.,마음이 복잡하겠어요.,1
자꾸 생각나네.,생각이 안난다면 거짓말일 거예요.,1
자꾸 심하게 차였는데.생각나네,많이 사랑했나봐요.,1
자꾸 왜 사랑이 식었는지 물어보고 싶어,상대방이 부담스러워하지 않는다면 물어보는 것도 하나의 방법이겠네요.,1
자꾸 이상한 생각이 드네,나쁜 생각은 하지 말았으면 해요.,1
자꾸 졸게 되네,잠을 깨요! 기운 내요!!,1
자꾸 화가나,그럴수록 당신이 힘들 거예요.,1
자꾸 후회가 되네,후회해도 달라지는 건 없어요.,1
자는게 두려움,자고 일어나면 더 나은 내일이 올 거예요.,1
자다가 깨서 분노,많이 안좋은 일이 있었나봐요.,1
자다가 이런 적은 처음이네,많은 충격을 받았나봅니다.,1
자신과의 싸움중에서 이제 이틀째 날,잘 견뎌낼거라 믿어요.,1
자신만만하던게 엊그젠데 이젠 힘들어,힘내지 않아도 돼요. 저에게 기대세요.,1
자신을 사랑하기,중요한 자세해요. 칭찬해줄게요.,1
자신이 이해가 안될 때도 있지 않나?,그럴 때가 있어요.,1
자야하는데~~,생각이 많은가봅니다.,1
자연스럽게 헤어진 건가?,인연이 거기까지였나봐요.,1
자존감이 너무 없어졌네,사소한 일을 시작하는 것에서부터 성취감을 느껴보세요.,1
자존감이 떨어져 있는 지금.,저도 진짜 힘들었는데 지금은 좋은 사람 만나 행복해요.,1
작년오늘.,추억에 잠겨 착각하지 마세요.,1
작은 상처들,아픔의 흔적.,1
잘 견디고있었는데,가끔은 힘내지 않아도 돼요. 뭐가 됐든 잘하고 있다고 믿어요.,1
잘 버텨봅시다!,아무렇지도 않는 날이 올 거예요.,1
잘 살 수 있겠죠,살아온 날보다 앞으로 살 날이 더 많아요.,1
잘 살겠지 라고 생각하자,더 잘 살 수 있을 거예요.,1
잘 지내?,당신은 잘 지내고 있나봅니다.,1
잘 지내고 있네,당신도 잘 지내고 있길 바랄게요.,1
잘 지내고 있네여.아무일 없다는듯이.,세상은 어떻게든 흘러가니까요.,1
잘 지내니?,잘 지내고 있어요.,1
잘 참아오고있는데,오래 아파할수록 손해예요.,1
잘 참았어,잘하고 있어요.,1
잘 헤어졌는데 너무힘들어,스스로 더 많이 다독여주세요.,1
잘가,안녕.,1
잘못이라면 더 많이 좋아했던 죄.,더 많이 좋아하면 미련도 적을 거예요.,1
잘못인줄 모르는 여자,자신의 잘못도 인정할 수 있는 사람이 좋아요.,1
잘살고있니?,잘 살고 있을 거예요.,1
잘살아야 되는데,바뀌어도 힘든 건 비슷하죠.,1
잘안되는군,모든 일이 뜻대로 되진 않나봐요.,1
잘지내고 있는지 궁금해지네,궁금증을 접어두셔요.,1
잘지내고있니,잘 지내고 있어요.,1
잘참다가 페북을 봐버렸네,염탐하지 마세요.,1
잘참아왔는데 눈물 흘렸네.,자신의 감정에 귀 기울이세요. 우는 건 죄가 아니랍니다.,1
잘한 행동인가 싶네,최선의 선택일 거라 믿어요.,1
잘해준것 같은데도 느끼는 미안함,많이 사랑한 사람인가봐요.,1
잘해줘도 이별은 아프네,이별의 끝은 항상 시린 것 같아요.,1
잠 들기가 무서워,내일은 좀 더 나은 하루일 거예요. 푹 자길 바랄게요.,1
잠 못 이루는 어느날.,쓸쓸한 한마디네요.,1
잠 못자고 있네,그분의 생각으로 가득한가봅니다.,1
잠겨 죽어도 좋으니 너는 물처럼 내게 밀려오라.,나도 모르게 내 맘 속 심어진 감정의 씨앗.,1
잠깐 괜찮았는데,사람 기분이란게 그런가봐요.,1
잠도 잘 못자고,밥은 꼭 챙겨먹길 바랄게요.,1
잠들기 직전 일어난 직후는 죽을 것 같네,기분전환이 필요한 것 같아요.,1
잠들기가 어려워,차분한 음악을 들어보세요.,1
잠수,좋은 선택이 아니에요.,1
잠수이별,좋은 선택은 아니에요.,1
잠수이별이라니!,상대방에 대한 예의가 없네요.,1
잠수이별인지 아닌지 잘 모르겠어,그분이 당신을 헷갈리게 하나봅니다.,1
잠수이별해도 될까,잠수이별 만큼 비겁한 것은 없어요. 깨끗하게 정리하길 바랄게요.,1
잠수탄 사람,상대방에 대한 예의가 없네요.,1
잠시라도 좋으니 만낳 수 있을까,후회안할 자신 있다면 연락해보세요.,1
잠을 많이 설치고 출근하네,생각이 많았나봐요. 피곤할텐데 따뜻한 차 한잔 해보세요.,1
잠을 자야 되는데.,생각을 떨치기 쉽지 않죠.,1
잠이 안오네,못자면 내일 피곤할 텐데 걱정이에요.,1
잠이 안와,자장가를 불러줄게요.,1
잡아야 되는건지 말아야 되는건지 모르겠네.,후회할 거라면 마지막으로 잡는 건 어떨까요.,1
잡힐듯하면서 안잡히네.,모든 일이 뜻대로 흘러가진 않으니까요.,1
장가간 그사람,이젠 잊어버리세요. 미련은 독이 됩니다.,1
장거리 연애하다 이별,장거리가 힘들죠.,1
장거리 이별,잘 견뎌왔는데 힘든 순간이었죠.,1
장거리연애 이별,애틋했던 만큼 아픔도 크겠죠.,1
장거리연애였는데,힘들었을 거라 생각해요.,1
장기간 연애,함께한 시간 만큼 아픔도 깊었을 거예요.,1
장수 커풀의 이별,함께한 시간 만큼 더 힘들죠.,1
재회 6개월만에 다시 헤어졌네,힘든 결정이었을텐데 안타깝네요.,1
재회 가능성이 있을까,어떻게 하느냐에 따라 달라질 거예요.,1
재회 그리고 다시 이별,그래도 후회는 없을 거라 생각해요.,1
재회 네달 만에 다시 헤어집니다.,마음 고생 많았어요.,1
재회 생각 완전히 접었습니다.,용기 있는 결정이에요.,1
재회 어떻하죠?,조심스레 연락을 해보는 것도 좋을 것 같아요.,1
재회 중인데 끝을내야하나 고민이됩니다,더 어려운 결정이겠네요.,1
재회 후 이별,어떤 이별이든 후폭풍이 있는 것 같아요.,1
재회 후 이별 !,그래도 힘들죠.,1
재회 후 이별에는 후폭풍이 없는줄 알았는데,어떤 이별이든 후폭풍이 있는 것 같아요.,1
재회 후 헤어짐.,다시 만날 준비가 되어 있지 않았나봐요.,1
재회를 기다리다 단념하게된 이유가 뭐였나?,똑같은 일이 반복될까봐 두려웠던 거겠죠.,1
재회를 바라는것도 새로운 사랑을 원하는것도 아닌데.,사람이 그리운 걸 수도 있어요.,1
재회를 위한 기다림,가만히 있는다고 달라지는 건 없을 거예요.,1
재회를 하긴 했었는데,전과 같지 않죠.,1
재회를 한다해도,달라지는 게 없다면 만나지 않는 게 더 나을 수도 있어요.,1
재회하고 딱5개월만에 헤어졌네,힘든 선택이었을텐데 안타깝네요.,1
재회하고싶어,많이 사랑했나봐요.,1
재회하면 또 그렇겠지,아마 그럴 거예요.,1
재회했는데 행복하지 않네,다시 만날 준비가 되어 있지 않았나봐요.,1
재회했다가 이별 .,어떤 이별이든 후폭풍이 있겠죠.,1
재회후 다시 이별,이별은 절대 익숙해지지 않아요.,1
재회후 또 이별,이별은 익숙해지지 않아요.,1
저 괜찮으면 친구사이 하자는데,친구가 되긴 힘들죠.,1
저 사람이 왜 자꾸 볼까?,혹시 반한 걸 수도 있어요.,1
저 잘 잊을 수 있겠죠?,아무렇지도 않게 추억할 날이 올 거예요.,1
저는 4시간에 걸쳐서 정리를 했습니다,많은 결심이 있었겠어요.,1
저는 개인적으로 따로 연락하자는분들.,부담스러운가봅니다.,1
저는 어떻게 해야할까여???,자신이 하고 싶은 대로 하세요.,1
저는 이별하면 남자만 힘든 줄 알았어요.,이별의 아픔엔 성별이 중요하지 않아요.,1
저는 이제 포기할라구,포기하는 것도 용기랍니다.,1
저는 전 여친 관련해서 거의 모든걸 다 지웠어,잘 견뎌내고 있네요.,1
저도 가슴 아픈 이별을 했습니다.,많이 힘들었을 거라 생각해요.,1
저도 어쩔 수 없는 찌질한 남자인가 봅니다.,자신에게 더 여유롭게 대해보세요.,1
저도 연애하고 결혼할 수 있을까,더 좋은 사람 만나서 알콩달콩 연애하고 행복한 결혼생활 할 수 있을 거예요.,1
저만 이렇게 힘든거 아니죠 ㅠㅠ?,혼자만 힘든 거 아니에요.,1
저만 힘든 것 같아요,혼자만 힘든 거 아니에요.,1
저에게 희망이 있을까?,그럼요. 제가 함께 할게요.,1
저주스럽다 모든게 다,불행한 생각은 덜 하는게 당신에게 좋아요.,1
적응이 안되네.,익숙해지는 데는 시간이 걸릴 거예요.,1
전 결국 밑바닥까지 보고말았습니다,이제 더 잘 될 일만 남았네요.,1
전 기다리고 있어.,기다리면서 상처받지 않을 자신 있나요.,1
전 바보입니다.,순수한 거예요.,1
전 병신인가봅니다.,이제 같은 실수 안 하면 돼요.,1
전 여자친구,이제 남이에요.,1
전 여자친구 부친상 다녀왔어,인간적 예를 다하셨네요.,1
전 여자친구가 마지막으로 얼굴 한 번만 보자고,흔들리지 않을 자신 있나요.,1
전 여자친구가 카톡 친추에 떴어,카톡 차단하세요.,1
전 여자친구의 새 남자친구.,더 이상 신경쓰지 마세요.,1
전 여자친구한테 남자가 생긴 거 같아,신경을 거두세요.,1
전 여친 생일이야,이제 그냥 일년 중 하루로 지내요.,1
전 여친 카톡 메인 사진 슬프다,염탐하지 마요.,1
전 여친 카톡 메인 프로필.,카톡 보지 마요.,1
전 여친에게 카톡 보내는 꿈 꿨어,밤새 많은 생각을 했나봐요.,1
전 여친이 드디어 연애를 시작했네.,염탐하지 마요.,1
전 여친이 페북 연애중 띄웠었다네,페북 염탐하지 마요.,1
전 왜 이렇게 안똑똑할까요?,자신을 비난하지 마세요.,1
전 왜 짧은 연애만 반복될까?,상대를 더 이해하고 배려해보세요.,1
전 정말괜찮은데,자신을 속이고 있는 것일지도 몰라요.,1
전 제가 찬건 줄 알았는데,누가 찼는지는 중요하지 않을지도 몰라요.,1
전 헤어지고 곧장 소개팅을 했죠.,새로운 사람도 잊는 방법 중에 하나죠.,1
전남자친구 생일,이제는 잊어버리는 것도 필요해요.,1
전남친 마주쳤어,달라지는 건 없답니다.,1
전남친 여친 생겼네,이제는 관심을 거둬보세요.,1
전남친 집앞,무작정 찾아가는 것은 실례에요.,1
전남친 트라우마에 힘들어하는 여자친구.,그냥 더 사랑해주세요.,1
전남친 후폭풍 온거 같을때,그대로 자신의 인생을 사세요.,1
전남친소식을들었어,신경이 쓰일 수도 있겠어요.,1
전남친에게 연락왔어.,본인의 생각에 귀를 기울여봐요.,1
전남친이 만나자고 합니다.,재결합이 더 힘들지요.,1
전남친이 톡 차단했더라구,이별에 도움이 될지도 몰라요.,1
전남친한테 한달만에 연락하고싶어 ㅠㅠ,달라지는 게 없다면 만나지 않는 게 더 나을 수도 있어요.,1
전여자친구 잊고 사랑하는법.,새로운 사랑으로 자연스레 잊혀지기도 해요.,1
전여친,잊으세요.,1
전여친 꿈을 꿧어,은연 중에 생각했을지도 모르겠어요.,1
전여친 남자 생겼나 봐,이제 관심을 거둬 보세요.,1
전여친 최악입니다,안 좋은 기억을 곱씹지 말아요.,1
전여친 카톡 탈퇴 재가입 한거 같은데,관심을 거두세요.,1
전여친 한테 두달만에 연락이 왔어.,힘들게 추스린 마음인데 힘드셨겠어요.,1
전여친 헤어졌으니 남이죠?,그렇습니다.,1
전여친생일 ㅎㅎ,미련이 아닐까요? 생각하지 않았으면 좋겠어요.,1
전여친에게 다시 연락이 오면,달라지는 게 없다면 만나지 않는 게 더 나을 수도 있어요.,1
전여친은 남자가 벌써 생겼네,남과 자신을 비교하지 말아요.,1
전여친이 나보다 나은 사람이라는 생각이 자꾸 들어,남과 자신을 비교하지 말아요. 자신을 더 사랑해보세요.,1
전여친이랑 낼 술한잔 하기로 했어,달라지는 게 없다면 만나지 않는 게 더 나을 수도 있어요.,1
전여친한테 남친이 생겼네,이제 그녀를 잊으세요.,1
전하지 못 할 편지,때론 묻어두는게 좋을 때도 있어요.,1
전화가 왔는데 못받앗어,다시 연락하고 싶다면 전화해보세요.,1
전화하고싶어,후회하지 않을 자신이 있다면 연락하세요.,1
절대 사과 안하는 여자친구,잘못을 했을 때 인정하는 태도는 관계에서 중요한 역할을 합니다.,1
절망적인데,탈출구가 있을 거예요.,1
점심시간잠깐 그녀가 저에게 했던 말들이 떠오르네~ㅠㅠ,생각을 접어두는 것도 필요해요.,1
점점 괜찮아 지는것 같다가도.,힘들기도 하겠죠.,1
점점 나도 지쳐가네.,지칠만 해요.,1
점점 나아진다. 머리로 정리하니 마음도 이제 따라온다.,잘하고 있어요. 이별을 받아들이는 것도 중요해요.,1
점점 더 심해지는듯,생각이 많아지기 때문일 거예요.,1
점점 힘들어져,힘내세요!,1
정리가 도저히안됩니다지금도 그여자집앞,무작정 찾아가는 것은 실례에요.,1
정리가 되네,맘고생 많았어요.,1
정리되지 못한 이별,갑자기 이별이 찾아왔나 봐요.,1
정리하는 중,시간이 좀 걸리겠지만 해낼 수 있어요.,1
정리해야지,시간이 좀 걸리겠지만 해낼 수 있어요.,1
정말 . 냉정하네,사랑은 때론 잔인하죠.,1
정말 간절하고 간절하네,간절함이 전해졌으면 좋겠어요.,1
정말 구제불능에 멍청이 인가봐,자책하지 말아요.,1
정말 꿈같다.,믿기지 않겠어요.,1
정말 끝까지 저의 마지막 자존심마저 뭉개버리네,자존감을 낮추는 상대는 잊으세요.,1
정말 끝이라고,이별을 받아들이는 것도 중요해요.,1
정말 난감하다,난처한 일이 있었나봐요.,1
정말 너를 받아준게 아니였어.ㅠㅠ,그때의 나를 자책하지 말아요. 무슨 선택을 하든 당신을 믿어요.,1
정말 너무 궁금해,무엇이 궁금한가요.,1
정말 너무 힘들어.,많이 힘들었죠.,1
정말 너무 힘듭니다,저에게 기대세요.,1
정말 너무너무 힘듭니다,아직 시간이 필요한가봐요.,1
정말 다시돌아 온다면,잘할 자신이 있어도 힘든 게 재회예요.,1
정말 뜨겁게 사랑했어.,강렬한 사랑을 하셨네요.,1
정말 막장으로 헤어지신분 계신가??,많을 거라고 생각해요.,1
정말 모두 잊고 새출발할꺼야,좋은 출발이에요.,1
정말 모든게 그립지만.,묻어두는 것도 좋겠지요.,1
정말 모르겠습니다.,제 맘같지 않으니까요.,1
정말 무슨생각인지 궁금하네,궁금증을 접어두셔요.,1
정말 미안하다 말밖에는,진심이 전해졌으면 좋겠네요.,1
정말 미쳐버리겠네,무엇이 당신을 힘들게 했나요.,1
정말 미치겠네,무엇이 당신을 힘들게 했나요.,1
정말 복합적으로 힘드네,힘든 일은 한꺼번에 예고없이 찾아오나 봐요.,1
정말 사람이란,알 수 없어요.,1
정말 상처가 잡혀지질않으니 지칩니다,생각을 좀 덜어보세요.,1
정말 서로 좋았는데 엊갈림.,많이 안타까워요.,1
정말 속상하고 답답하고 할 수 있는게 없네,차분하게 마음을 정리해보세요.,1
정말 숨막혀 ㅠㅠ,자신을 옥죄지 마세요.,1
정말 슬프고 죽고싶어,당신은 누구보다 소중한 사람이에요.,1
정말 아직 너무 사랑합니다 잡고 싶습니다,다시 잡는다면 후회할 거예요.,1
정말 아프고 힘드네,절대 쉬운 일이 아니죠.,1
정말 연애하고싶지않네,그럴 때가 있어요.,1
정말 오락가락 언제 괜찮아질지,사랑의 흔적이 잘 안 지워지네요.,1
정말 오랜만에 글을 쓰네,글을 쓰면 마음 정리에 도움이 돼요.,1
정말 왜 이러는걸까,사람 마음은 알기 어렵죠.,1
정말 웃긴건,문득 생각나고 잊혀지지 않는 점인가요?,1
정말 이건 너무하다 싶을정도로 힘들어,그럴만 해요. 많이 힘들었죠.,1
정말 이번엔 끝인거겠죠,미련두지 마세요.,1
정말 이해할수가 없네ㅜ,사람 마음은 알기 어렵죠.,1
정말 잊은걸까?,다른 곳으로 관심을 돌려보세요.,1
정말 잔인하네,사랑이 때론 잔인해요.,1
정말 제가 이해가 안갈 정도로 잘못한건가?,그분에겐 감당이 안되었을 수도 있겠어요.,1
정말 제가 이해안되고 견딜수 없을만큼 아파,사랑했던 만큼 아픈거라 생각해요.,1
정말 처량하게 혼자,제가 곁에 있을게요.,1
정말 할게 없네.,저랑 이야기해요.,1
정말 화가 나,저에게 화를 덜어보세요.,1
정말 후회없고 미련없이 사랑했던 사람들!!!,후회 없을 사랑을 하셨군요.,1
정말 희망 없는 건가?,미련 갖지 마세요.,1
정말 힘드네,지금처럼 참지 말고 표출해보세요.,1
정말 힘드네,지금처럼 참지 말고 표현하세요.,1
정말 힘드네.,일기를 써보세요.,1
정말 힘드네. 결혼 앞두고 생각할 시간.,중요하니까 생각할 시간이 더 필요하겠죠.,1
정말 힘들게 헤어졌습니다,힘든 만큼 행복해질 거예요.,1
정말 힘들다,힘이 되지 않겠지만 힘내세요.,1
정말 힘듭니다,힘이 되지 않겠지만 힘내세요.,1
정말. 정말 쉽지가 않네. 이럴 땐 어떡해야 할까,마음 가는 대로 하세요.,1
정말.내 자신이 싫다,자신은 사랑해주세요.,1
정말로 끝났네 이젠,놓아주세요.,1
정말로 사랑한다면,놓아주세요.,1
정말로 이별하려고 준비합니다.,충분한 고민 끝의 결정이었을거라 믿어요.,1
정말로 헤어졌네,후련하기도 할 거예요.,1
정말로 헤어졌습니다,마음 고생 많았어요.,1
정말이지 이렇게 살고 싶지 않네,그래도 살아요.,1
정말잊어보려고 모든수단을 동원했지만.,문득 생각나고 잊혀지지 않나봐요.,1
정신 차려야 하는데,시간이 걸릴 수도 있지만 괜찮아질 거예요. 다른 곳으로 관심을 돌려보는 건 어떨까요?,1
정신과 방금다녀와서 처방전 받고 왔어.,마음도 편하고 후련하고 기분이 좋아질 거예요.,1
정신과 찾아 왔어,정신과에서 상담치료 받는거 꺼리지 말고 너무 힘들면 시작하세요.,1
정신병 걸릴 것 같네,생각보다 정신은 강합니다.,1
정신이 없어,차분하게 정리할 시간이 필요해요.,1
정신차려야 하는거 아는데.,쉬운 일이 아니죠.,1
정신차리자 정신!!,힘내세요! 제가 응원할게요.,1
정은 많지만 설렘이 없다는 이유로 헤어졌습니다.,헤어짐에는 여러가지 이유가 있기 마련이죠.,1
제 마음과 머리가 일치가 안되.,마음이랑 머리가 따로 놀기도 하죠.,1
제 아주 오래전 이별,아직도 생각이 나나봐요.,1
제 이야기를 풀어보고 싶습니다.,네 말씀해주세요.,1
제 잘못으로 여자친구가 떠났네,반성하고 있나요.,1
제 잘못입니다,서로의 잘못입니다.,1
제 친구가 그러더라구,친구보다 자신의 마음에 귀기울이세요.,1
제 친구가 술마시면서 잊으려고,이별을 받아들이는 것도 중요해요.,1
제가 그녀를 놓아줬어.,잘한 선택일 거라 믿어요.,1
제가 그동안 착각 속에 살았습니다,누구나 실수할 수 있어요.,1
제가 놓았던 손을 다시 잡으려니 힘드네.,원상복구는 언제나 힘드니까요.,1
제가 먼저 파혼 하자고 매달리고 있습니다,본인의 선택이라면 존중합니다.,1
제가 어떻게 행동해야할지 모르겠어,당신이 덜 다치는 쪽으로 하세요.,1
제가 이상한 건가요?,한 번 말해보세요.,1
제가 잘하고 있는걸까?,잘하고 있어요.,1
제가 제 복을 찬거겠죠 .,다른 복 올 거예요.,1
제가 집착하는 중이에요,사랑은 소유하는 것이 아니랍니다.,1
제가나쁜건지 그녀가나쁜건지.,서로가 서로에게 그랬던 거죠.,1
제가너무집착했어,사랑은 소유하는 것이 아니랍니다.,1
제길,무슨 안좋은 일이 있었나봐요.,1
제발 그만 좀 나와주라.,강요하는 건 좋지 않은 태도에요.,1
제발 도와줘,무엇을 도와드리면 될까요.,1
제발 머리가 나빠졌음 좋겠습니다.,머리가 똑똑해도 문제죠.,1
제발 잠좀 자게해주라,양을 세어 보세요.,1
제발 저좀 살려주세요 힘들어,감히 힘내라는 말도 못하겠네요.,1
제발 힘들면 기대줘,그럴게요.,1
제일 짜증나는게뭐냐면 문자로 헤어졌다는 거야,진짜 별로네요.,1
제자리 지키기.,제자리 지키는게 제일 힘들죠.,1
제잘못으로인한이별,후회가 되겠어요.,1
제정신이 아닌거 같아,제정신으로 살기 힘든 세상이죠.,1
젠장,이런.,1
조금 아픈가 보다 아주 쪼금,쪼그만 아파하고 괜찮아지세요.,1
조금 힘들어.,쪼그만 아파하고 괜찮아지세요.,1
조금만 더 참을껄,지금이라도 진심을 보여주세요.,1
조금만 사랑할걸,사랑하는 순간은 행복했잖아요.,1
조금씩 무뎌져가나봐,무뎌진다니 다행이에요.,1
조금씩 아물어가는건가 이별의 상처,아물어간다니 다행이에요.,1
조금의 결심이서네,잘 이겨내고 있는 것 같아 걱정이 덜하네요.,1
조만간 다른 사람 만날꺼 같아,좋은 소식이네요.,1
조바심 나네,걱정이 되나봅니다.,1
조언 부탁드립니다,네 말씀해주세요.,1
조언 좀 구하겠습니다,네 말씀해주세요.,1
조언 좀 해주세요 ㅠㅠ,네 말씀해주세요.,1
조울증인가봐,자연스러운 증상이에요.,1
좀 무뎌졌나 했는데,이별은 사람을 변덕쟁이로 만들기도 하죠.,1
좀 웃어주지,기대를 많이 하는 건 좋지 않아요.,1
좀 짜증나네,저한테 말해보세요.,1
종교 그리고 이별 그리고 재회.,종교 문제가 힘들죠.,1
종교 문제가 해결이 안되네,종교 문제가 힘들죠.,1
좋다가 밉다가 무한반복,감정의 롤러코스터를 타나봐요.,1
좋아하지만 힘들어서 헤어지자고 먼저 얘기했어,힘든 고백이었겠네요.,1
좋았던 추억까지 잿빛으로 변하고 있네.,자신을 잃지는 말아요.,1
좋은 사람 많아,많죠!,1
좋은 사람으로 남는다는것,어렵네요.,1
좋은 이별을 하려면 어떻게 해야 할까??,좋은 이별은 없어요.,1
좋은 하루였어,내일도 좋은 하루 보내세요.,1
좋은꿈 꿨다 생각해,그렇게 생각하면 좋을 거 같아요.,1
좋은남자 만나서 행복하게 살아라.,당신도 좋은 사람 만나서 행복하세요.,1
좋은이별은 어떤건가,좋은 이별은 없다고 생각해요.,1
죄송해 너무답답해서 여기에올려봐,죄송해하지 않아도 돼요.,1
주말은더 힘들어,시간적 여유가 생겨서 그런가봐요.,1
주말이 제일 힘드네,친구들을 만나보는 건 어떨까요.,1
주말이 참 힘들겠어,가족들과 근교로 여행가는 건 어떨까요.,1
주말이네,주말이 더 힘들죠.,1
주말이라 더 힘들어 견디세 그저 견디는 수밖에 없어 ㅠ,잘 버티고 있는거라 믿어요.,1
주변사람들에게 너무 미안합니다.,미안해하지 말아요. 당신은 위로받을 자격이 있어요. 기대세요.,1
주저리 주저리하게 돼,괜찮아요.,1
주저리주저리,네 말씀해주세요.,1
주저리주저리 푸념글,네 말씀해주세요.,1
주차장이 꽉 찼어,한바퀴만 더 돌면 짠하고 나타날 거예요,1
주체가안된다,그럴 땐 생각을 덜어봐요.,1
주체할수 없는 눈물이 흐르네.,그냥 우세요.,1
죽겠다 진짜,많이 힘들죠.,1
죽고 싶은 심정에 상담을 청합니다.,네 말씀해주세요.,1
죽고싶네,행복하게 살아요.,1
죽구싶네요,나쁜 생각 멈추세요.,1
죽는게 더 편할려나,나쁜 생각 하지 마세요.,1
죽어가는.,기운을 내요. 그런 말은 너무 슬퍼요.,1
죽을 것 같아,자괴감에서 이제 빠져나오세요.,1
죽을거 같네,나쁜 생각 하지 마세요.,1
죽을거같죠?사람은 간사하네,나쁜 생각 멈추세요.,1
죽을것같아,자괴감에서 이제 빠져나오세요.,1
죽을만큼 보고싶다.,많이 사랑했나봐요.,1
죽진 못하겠구 겁이나고,나쁜 생각은 하지 마세요.,1
준비중,마음의 준비가 되길 바랍니다.,1
준비할 시간을안주네,인생은 예측하기 힘들어요.,1
중2 히스테리 알아?,힘들 때네요.,1
중국어 혼자 공부 가능한가?,혼자해도 좋고 학원을 다녀도 좋아요.,1
증오,자신으로 향하지 않길 바랄게요.,1
지겹네,재밌는 일 찾아보세요.,1
지겹다,재밌는 일이 있을 거예요.,1
지금 가장 힘든 거는,자신일 것입니다.,1
지금 무작정 보러가는중입니다,상대방에게 미리 양해를 구해야 해요.,1
지금 비오는데 제일 생각나는 사람,언제든 생각나기 마련이죠.,1
지금 생각하고 있는건 망상 일뿐입니다,누가 되었든 상상할 수 있어요.,1
지금 연락 왔어,저도 긴장이 되네요.,1
지금 이 순간. 너무 힘들어,그럴만 해요.,1
지금 이감정,당신만이 알 수 있어요.,1
지금도 전하지 못하는 한 마디,마음에 묻어두세요.,1
지금의 나에겐 없는 너의 일상,한동안은 허전할 거예요.,1
지금이 겨울이라 참 다행이이네,제가 곁에 있을게요.,1
지긋지긋한 연휴.,영화 한 편 보세요.,1
지나가는 말이 가슴을 후벼파,상대방의 기분은 생각지도 않고 상처주는 사람들이 있네요.,1
지나간다.,추억도 시간도 지나가요.,1
지나고나면 .,괜찮아질 거예요.,1
지난 갑작스러운 이별통보,어떤 이별은 갑작스럽기도 해요.,1
지난 주말부터 또 후유증이,새로운 취미 생활을 가져보세요.,1
지난주 이별했네,지금 많이 힘들겠어요.,1
지독하고 질긴 인연을 끝내려고 해,충분히 고민했을거라 생각해요.,1
지루함에 지쳤다네.,세상에는 흥미로운 일이 많은걸요.,1
지옥같은 5월이 다가 오네ㅜㅜ,천국과 지옥이네요.,1
지옥같은 주말.,산책을 하는 것도 좋을 것 같아요.,1
지워지지 않습니다.,아직 시간이 필요한가봐요.,1
지쳐서 헤어지자고 한 남자도 후폭풍올까?,모든 이별에는 후유증이 있기 마련이니까요.,1
지쳐서 헤어진 남자랑은 재회가능성,달라지는 게 없다면 만나지 않는 게 더 나을 수도 있어요.,1
지치네,많이 힘든가봐요.,1
지친다,지칠만 해요.,1
지하철만 타면 생각나,아무런 생각도 안 나는 날이 올 거예요.,1
직장과 이별,더 좋은 직장에서 일할 수 있을 거예요.,1
진실을 알면서도 왜 확인하려는걸까?,진실은 보이지 않으니까요.,1
진정 헤어진 여친 맘은 못 돌리는 건가?,달라지는 게 없다면 만나지 않는 게 더 나을 수도 있어요.,1
진짜 끝,맘고생 많았어요.,1
진짜 끝이었다는걸아는데도,미련이 생기기 마련이죠.,1
진짜 마지막까지 믿었습니다.,그렇다면 당신의 역할은 다 한거예요.,1
진짜 미치겠다,힘내세요.,1
진짜 사랑해서 아픈 느낌.,가늠도 안될 정도로 힘들죠.,1
진짜 시간이 약인지,흘러가는 시간 속에 덤덤해질 거예요.,1
진짜 어의 없네.ㅠㅠ,저한테 말해보세요.,1
진짜 어이없고 화 나내,저한테 말해보세요.,1
진짜 이건 뭐.,어이 없는 일이 있었나봐요.,1
진짜 이별,충분한 고민 끝의 결정이었을거라 믿어요.,1
진짜 이제 안녕,맘고생 많았어요.,1
진짜 이해가 안가 근데 잊을려고,세상에는 이해하기 힘든 일들이 많이 일어나요.,1
진짜 인간적으로 카톡으로 이별통보,얼굴보고 말하기 힘들었거나 예의가 없거나 겠죠.,1
진짜 잊혀질까?,다른 사람으로 잊혀지기도 하죠.,1
진짜 잠 좀 자고 싶네,생각과 걱정을 덜어보세요.,1
진짜 정신병 걸릴꺼 같은데,제발 정신차리세요.,1
진짜 하루하루 너무 마음 찢어지고 숨 못쉬겠어,더 강해지세요.,1
진짜끝이보이네,이별을 받아들이는 것도 중요해요.,1
진짜미칠꺼같네,충분히 이해해요.,1
진짜헤어졌네 결국,많이 힘들었을 거라 생각해요.,1
질긴 사랑과 아픔의 정도,사랑의 깊이만큼 아픔의 정도도 크겠지요.,1
질긴 인연 드디어 끝인 것 같네,후련하길 바랍니다.,1
질린다네.,인연이 거기까지였나봐요.,1
질질 끄는연애 드디어끝이네.,맘고생 많았어요.,1
집에 들어가기가 무서워,제가 있잖아요.,1
집에서 웃고 떠들고 있지만,저도 그럴 때가 있답니다.,1
집착? 미련? 사랑?,차분히 생각해보세요. 사랑은 소유가 아니에요.,1
집착같아,차분히 생각해보세요. 사랑은 소유가 아니에요.,1
집착은 절대하지 말아야지,잘 하고 있어요.,1
집착인걸까.,잘 생각해보세요.,1
짜증 수준이 되어버렸습니다,조금 지친걸까요.,1
짜증나네 .,심호흡해보세요.,1
짜증난다!!,심호흡해보세요.,1
짝남 잊으려구,잘 생각했어요.,1
짝사랑,혼자인 기분.,1
짧게 만났다고 해서 안힘든게 아니네,그것도 사랑이니까요.,1
짧다면 짧고 길다면 긴 일년간의 연애가 끝이났네,마음의 정리가 되었나요.,1
짧은 시간이었다.,길진 않은 시간이죠.,1
짧은 연애였는데 더 힘드네.,강렬한 사랑이었나봐요.,1
짧은 연애였지만 후유증이 기네,짧은 연애도 사랑이었으니까요.,1
짧은만남 긴여운,짧아서 더 강렬한 기억으로 남았나봐요.,1
짧은만남 만남보다긴이별 재회는 아니라는걸 깨달음,깨달았다는게 중요하죠.,1
짧은연애인데 미련때문에 연락을 할지말지 ㅠ.ㅠ,사랑이 아닌 미련이라면 연락하지 말아요.,1
짧지 않은 세월이 정말 끝이 났네,또 다른 시작을 뜻하기도 해요.,1
짱나는새끼,제가 혼내줄게요.,1
쩝 전여친이랑 통화 한 번하니 좀 낫네,마음이 편하길 바랍니다.,1
쫌 부담스러운데,좀 더 편하게 생각해보세요.,1
쭉 괜찮다가 오늘 갑자기 너무 보고싶고 생각나네ㅠㅠ,그런 날이 있더라고요. 다른 생각을 해보세요.,1
찌질하게 게임카톡보내는거 욕하고 싶어,당장 차단하세요.,1
찌질한 이별중,얼른 정리하세요.,1
차단 반복하는 이남자 뭔가,변덕이 심한 사람이네요.,1
차단당했네,잊는 데는 더 도움이 될지도 몰라요.,1
차단여부를 어찌아시나???,그건 중요하지 않아요. 신경을 덜어 보세요.,1
차단인줄알았는데,신경을 거두세요.,1
차단한 카톡,잊는 데는 더 도움이 될지도 몰라요.,1
차라리 널 만나지 않았더라면,그때는 누구보다 사랑했으니 후회하지 말아요.,1
차라리 솔직하게 말해주지. 더 짜증나는건,제 생각도 그래요. 차라리 솔직했으면.,1
차라리 죽는게 나을듯한 이별의고통,시간이 지나면 괜찮아지길 바랄게요. 이별의 고통도 연기처럼 사라질 거예요.,1
차였지만 잊지못하고 있는 한 남자입니다.,그분에 대한 사랑이 깊었나봐요.,1
차인후 연락이 오나?,그런 경우도 있겠지요.,1
착각,사람이니까 착각할 수 있어요.,1
착각이였나보네ㅋㅋ,상대의 의중을 알긴 쉽지 않죠.,1
착각인걸까,직접 확인해 보는건 어떨까요.,1
착찹하네,한동안은 힘들지도 몰라요.,1
착한남자.너무 쿨하지못한남자 매력없어.,사람마다 취향도 다르니까요.,1
찬 사람은 후폭풍 없나?,이별은 둘이 하니 차든 차이든 후폭풍이 옵니다.,1
찬남자한테 연락 왔어,늦은 후회가 왔나봅니다.,1
찬사람 차인사람,둘다 힘든 건 마찬가지겠지요.,1
참 9년이란 세월이,세월이 참 무색해요.,1
참 너란 여자,존재 자체가 행복이었는데 그만큼 힘들군요.,1
참 너랑은 악연이니??,여기까지 인연인 거죠.,1
참 답 없는 나란 놈.,자신을 너무 비난하지 마세요.,1
참 무섭네 사람 마음이란게,자기도 모르는 게 마음이에요.,1
참 부질없다,부질없는 일도 있기 마련이에요.,1
참 소박하고 순수했던 사람.,좋은 사람이었나봐요.,1
참 싫으네. 이런 상황,스스로에게 정리할 시간을 주세요.,1
참 쓸쓸합니다,저에게 기대세요.,1
참 아이러니 하네,말씀해주세요.,1
참 앞 뒤 모르고 제3자라고 지껄이는.,함부로 말하는 그런 사람들이 있더라고요.,1
참 잘낫네,진정하셔요.,1
참 정말 속이 뒤집어지고 구역질 나오고 미치겠네,몸과 마음이 많이 힘든가봅니다.,1
참 허무하네.,마음이 허전한가봐요.,1
참 힘드네,힘들만해요.,1
참 힘들다,말해줘서 고마워요.,1
참견쟁이,그런 사람 거르세요.,1
참고 있어.,잘 견뎌내고 있나봐요. 저한테 기대세요.,1
참는방법 좀,저는 생각을 덜하려고 노력해요. 다른 일에 집중하거나요.,1
참다 참다,터지면 힘들 거예요. 저한테 말해보세요.,1
참다 참다 결국 마지막으로 문자보냈어,후회하지 않길 바랍니다.,1
참다가 연락,후회하지 않길 바랍니다.,1
참담하다,기분이 많이 안 좋겠어요.,1
참아내지 못하고 전화를 했습니다.,이제 마음을 비우세요.,1
참아볼께,차분하게 잘 견디고 있네요. 대단해요.,1
참아야겠지,가끔은 내키는 대로 해보세요.,1
참지 못하고 또 친추를 하고,후회할 거예요.,1
처음 느끼는 감정,처음이 많았겠죠.,1
처음 집근처에서 연애와 헤어짐,마주치지 않길 바랄게요.,1
처음글남기네여,어서오세요.,1
천사같은 여자친구가 떠나갔어 마음이 너무 아픕니다.,어떤 실수를 했던 걸까요. 마음이 아프네요.,1
첫눈,정말 이쁜 눈이 내려요.,1
첫데이트 하자마자 차임;?,그분의 변덕이 심하네요.,1
첫만남 그리고 끝,잘 정리했길 바랍니다.,1
첫사랑 그 긴이별,사랑했던 기간 만큼 이별도 길 거예요.,1
첫사랑 부모님 반대로 이별했습니다.,받아들이기 힘들었겠어요.,1
첫사랑과 이별,사랑했던 만큼 아픔도 크겠죠.,1
첫사랑은 안되는건가,의미 부여하지 마세요.,1
첫사랑이렇게 힘드네,힘든 사랑이었나봐요.,1
첫사랑이자 5년연애,많은 시간을 함께 했나봐요.,1
첫시작이 잘못된 만남이였을까?,인연이 아니었나봐요.,1
첫여친이라 잘 안잊혀지네,처음은 다 그런가봐요.,1
첫이별 너무힘드네 ㅠㅠ,처음이라 더 힘들 거예요.,1
첫이별이라 그런지 너무 힘드네,처음은 다 그런가봐요.,1
첫이별후 제가 가장 충격먹었던게.음,천천히 말해봐요.,1
초코렛이나 꺼내 먹어야지,저도 하나 주세요.,1
최근에 헤어졌어,큰 일을 겪었네요.,1
최악,똥차 가고 벤츠 올 거예요.,1
최악의 남자,나쁜 사람이네요. 헤어지세요.,1
최저임금 수준에서 알바비가 안 나왔어,회사에서 꼼수를 쓰는 건 아닌지 확인해보세요.,1
추석 연휴 때 생각나는 그 사람,시간적 여유가 생겨서 그런가봐요.,1
추석연휴가 그렇게 좋지만은 않다.,이김에 푹 쉬는 건 어떨까요. 영화도 보고 맛있는 거 먹고.,1
추억. 그 미칠듯한 그리움.,추억은 미화되기 마련이죠.,1
추억들을 하나씩 보내며,후련해질 거예요.,1
추억에 머물다.,때로는 추억이 힘이 되기도 하죠.,1
추억은 힘이 없다.,추억은 미화되기 마련이죠.,1
추운날씨.,정말 추운 날이에요.,1
축하해,감사해요.,1
출근 준비하다 또 울었네,기운 없을 텐데 따뜻한 차라도 한잔 해요.,1
출근시간 아깝다,회사 근처로 이사를 가보세요.,1
충격.충격,갑작스러워서 당황하셨겠어요.,1
친구 사이로 지낸다는 게 말이 되나,저는 힘들다고 생각해요.,1
친구같데.,너무 편하게 느꼈나봅니다.,1
친구도 연인도 아닌 그런사이의 끝,후유증이 클 수도 있겠어요.,1
친구랑 술 한잔 기울이고 들어왔습니다.,기분이 조금이나마 나아졌길 바랍니다.,1
침묵,침묵이 오히려 도움이 될 때가 있을 거예요.,1
카카오톡 계정 탈퇴,괜찮은 방법이에요.,1
카카오톡 대화명,더 이상 신경쓰지 마세요.,1
카톡 2틀째 확인안하내,그분은 마음의 정리를 했나봐요.,1
카톡 보냈어,후회가 남는 것 보단 연락하는게 낫죠.,1
카톡 탈퇴하다가 다시 재가입 했는데,사진이 보여도 차단하세요.,1
카톡사진을 보니 눈물이 나네,카톡 사진 보지 못하게 지웁시다.,1
카톡에 차단시,이별하면 연락 안 하는게 맞아요.,1
카톡으로 이런사진을 보내왔어,카톡 차단하고 보지도 신경쓰지도 마세요.,1
카톡을 탈퇴했나봐.,연락을 안 하는게 서로에게 도움이 될 거 예요.,1
카톡차단에 이제는 프로필 비공개 당했어,잊는 데는 더 도움이 될지도 몰라요.,1
카톡프로필~~~보고왔는데.,보지 마세요.,1
카톡프사 무슨 의미일까?,이제 보지 마세요.,1
커플 사진 보니 더 슬퍼,이제 더 이상 보지 마세요.,1
커플링 사진 그대로 두나?,저는 버리는 걸 추천드려요.,1
컴터가 맛이 갔어,AS센터에 맡겨보세요.,1
코 앞이 재회.,마음의 준비를 하세요.,1
크리스마스 다음날 이별했습니다.,무슨 날인지는 중요하지 않아요. 힘들었을텐데 잠깐 쉬어가세요.,1
크리스마스가 더 가까워지니까 속이 답답해지네,무슨 날인지는 중요하지 않아요. 힘들었을텐데 잠깐 쉬어가세요.,1
태어나 단한번도 들어보지못한 이별이야기 도와주세,이야기 해보세요. 제가 들어드릴게요.,1
택시비 너무 비싸,후회해도 늦었어요.,1
텅빔,다시 채워질 거예요.,1
통증,아프지 말아요.,1
통화를 하긴했는데. 힘드네,연락하면서 감정들이 다시 생각나니까요.,1
퇴근길에 봤네,우연히 마주쳤군요.,1
퇴근길에 훅!하고 연락오네.,그분이 미련이 남아있나 봐요.,1
퇴근길에.,마주쳤나봅니다.,1
퇴근했어~근데,생각나나봅니다.,1
툭하면 헤어지자라는 말을 하는 사람,서운한 마음을 충분히 전하는게 좋겠어요.,1
파혼,쉽지 않은 결정이었을 거예요,1
파혼 7개월 째,아직 힘들거라 생각해요.,1
파혼위기,충분한 대화를 나눴길 바랍니다.,1
파혼한거 정말 잘했다,쉽지 않은 결정이었겠지만 잘 하셨어요.,1
편안하게 보자는 말,전 그러지 못할 거예요.,1
편지를 써보았어.,마음을 전하세요.,1
평범함 속에 웃음 속에 감쳐진 나,저도 그럴 때가 있답니다.,1
평생 내꺼일거 같아서 함부로 했습니다.,똑같은 실수하지 않길 바랄게요.,1
평생 함께하고 싶다.,프로포즈해보세요.,1
평온한거 같은데 행복하지가 않네,평온이랑 행복은 다르니까요.,1
포기하니 공허하네.,자신을 포기하지는 마세요.,1
포기해야하는걸 알면서도 난 왜이러니.,미련이 남은 거겠죠.,1
포기해야할까?,서로 충분한 대화를 나누고 얻은 결론이라면요.,1
폰 자꾸 보게 돼,보지 마세요.,1
프로필 사진을 보았는데,신경쓰지 마세요.,1
프사 무슨 의미 일까?,의미 부여하지 마세요.,1
프사를 왜 보았을까,앞으로는 보지 마세요.,1
핑계,모두 핑계겠죠.,1
하 고놈의 술이 뭔지 참,술이 웬수죠.,1
하 끝나는 건가,끝을 생각한 순간 끝인 거예요.,1
하 너무 힘들어서 그냥 투덜투덜,오래 아파할 수록 자신만 손해예요.,1
하 못참고 또 연락해버렸네,연락처 삭제하세요.,1
하.,힘내세요.,1
하. 며칠 괜찮아졌다가 후폭풍이 또 밀려오네.,계속 반복될 거예요.,1
하고 싶은게 없어,하고싶었던 일을 글로 적어보세요. 생각이 정리될 거예요.,1
하나만 물아볼께,네 말씀해주세요.,1
하나하나 다 신경이 쓰이네,신경을 다른 곳에 써보세요.,1
하늘이 준 이별 같다,운명같네요.,1
하루 겨우 참고 또 문자 보냈네.,연락하지 않는 게 서로에게 좋을 거예요.,1
하루 이틀 이제는 사흘.,익숙해질 거예요.,1
하루가 일년같아,시간이 더디게 흐르죠.,1
하루는 괜찮고 하루는 아픈. 반복되는 일상,한동안은 힘들지도 몰라요.,1
하루동안 너무 연락을 많이 한걸까,복잡하게 생각하지 말아요.,1
하루에도 수십번.,생각이 나나요.,1
하루에도ㅠㅠ,수십번 생각이 나나 봐요.,1
하루종일 회사에서 미친사람처럼 눈물의 의미를 생각하면서,이별이 그렇게 만들었나요.,1
하루하루 너무 힘드네,다른사람에게 기대보는 건 어떨까요.,1
하루하루 이별하는 기분,아픔의 크기만큼 마음의 상처도 커서 그래요.,1
하루하루가 너무 고통스럽네,아픔의 크기만큼 마음의 상처도 커서 그래요.,1
하루하루가 지옥같아,아픔의 크기만큼 마음의 상처도 커서 그래요.,1
하소연 좀 해도 되나,천천히 해보세요.,1
하아 너무 많이 힘드네 ㅜㅜ,맛있는 거라도 먹고 기분을 전환 해보세요.,1
하아 다시 또 터진 눈물,마음놓고 우세요.,1
하아.,수십 번 생각이 나도 잊어야해요.,1
하이고 숨막힌다,자신을 옥죄지 마세요.,1
하진짜 열받아서,저한테 말해보세요.,1
하참 주말 더럽게 기네,혼자 주말 지내는 것도 익숙해질 거예요.,1
하하 진짜 헤어지고 싶다,필요하다면요.,1
한 5개월쯤 됐네,그동안 잘해왔어요.,1
한 달 동안 잊으려고 노력해보라네,다른 사람으로 잊혀지기도 해요.,1
한 번은 더 볼 일이 있을 것 같았는데.,살면서 볼 수도 있겠죠.,1
한 여자와 한 남자의 이야기.,말해보세요.,1
한강에서 소주한잔.,분위기 있네요.,1
한달 다되가네,그러게요. 어느덧 한달이에요.,1
한달 됐네,그러게요. 어느덧 한달이에요.,1
한달 만에 보는 너에게,미련이 남아 있나봅니다.,1
한달 사귀고 헤어진 남자 무슨 생각일까?,인연이 아니었나봅니다.,1
한달 째,그러게요. 어느덧 한달이에요.,1
한달!! 하고 일주일,마음이 좀 진정 되었으면 좋겠네요.,1
한달동안 대답이 없는게 아직도 생각하면 비참한데,다른 곳으로 관심을 돌려보세요.,1
한달됐어,많이 힘들지 않길 바라요.,1
한달만에.제가,잊었길 바랍니다.,1
한달반째,금방 지나갈지도 몰라요.,1
한달의 시간을 갖자고 했지만. .,어느정도 마음의 정리를 하는 것도 필요하겠어요.,1
한달이 10년 같은.,아픔의 정도와 비례할 거예요.,1
한달이 넘었네,잘 지내길 바랍니다.,1
한달이 넘었지만,아직은 실감이 나지 않을 거예요.,1
한달이넘었는데 괜찮은거같은데,다행이에요.,1
한달이라는 시간이 흘렀습니다.,잘 견디고 있길 바랍니다.,1
한달전에 마음 변한걸 느꼈을때 헤어질 것을.,후회되겠지만 지금도 늦지 않았어요.,1
한달째 클럽,기분전환이 좀 되었길 바라요.,1
한달하고 2주가 지났는데 아직도.,힘들 수 있지요.,1
한달하고 6일 지났네,아직 미련이 남아있나봐요.,1
한달하고 9일째,아직 잊지 못했나봐요.,1
한때는 나의 전부였던 그녀,그녀에게도 당신이 전부였을 거예요.,1
한때는 원망하고 화났었지만,지금은 마음이 좀 정리되었길바랍니다.,1
한번 마음이 떠난 여자는 다시 안돌아오나 ?,어떻게 하느냐에 따라 다를 거예요.,1
한번만 더 보고 싶어요.,후회하지 않을 자신이 있다면 만나봐요.,1
한번의 기회쯤 있겠지 라고 생각했던 내생각이 어리석었습니다,현실을 받아들이는 것도 중요합니다.,1
한번쯤 진하게 아픈것도 괜찬아.,긍정적이네요.,1
한번쯤은 다시 널 보고 싶어,보고싶을 거예요.,1
한사람어게추억이된다는것,기억이 추억이 되곤 하죠.,1
한사람의 부재가 이렇게나 크게.,함께 했던 시간이 있으니까요.,1
한살 한살 더 먹을수록 만남이 두려워지네.,그렇게 생각할 수 있어요. 그래도 사랑에 나이는 중요하지 않아요. 용기를 내요.,1
한순간에 변한 사람.그리고 예의에 대해.,실망이 클 거예요.,1
"한순간에, 무너진 느낌이었습니다",쉽지 않은 결정이었나봐요.,1
한숨,많이 힘든가봅니다.,1
한숨만,많이 힘든가봅니다.,1
한숨만 나오네.,많이 지쳤나봐요.,1
한심하네ㅜㅜ,자책하지 말아요.,1
한없이 소중하던 사람이 미워지네,이별에는 아픔이 따르기 마련이에요.,1
한이 쌓여,많이 힘들텐데 저에게 말해보세요.,1
한잔 했습니다,한 잔 하기 좋은 날이네요.,1
한쪽이 마음 떠나고 마음 돌리는 방법,마음이 떠난 이유를 먼저 생각해봐요.,1
할 말이 많은데.,말해보세요.,1
할 수 있는 일이 이것뿐이라서,그게 최선이었을 거예요.,1
할 수 있다면 그럴수 있다면 달라질까?,자신을 믿어보세요.,1
할 줄 아는거!,많은걸 하고 싶은데 아직 못하는게 많아요.,1
할수있습니다,할 수 있어요.,1
함께했던 시간이 너무 많았기에.,그리움의 크기도 커졌을 거예요.,1
해가지는게 두렵네,내일은 또 해가 뜰 거예요.,1
해선 안 될 사랑.,그렇게 생각한다면 매몰차게 마음을 정리하세요.,1
해외장거리 헤어진지 3주 다되가네,바쁘게 생활하다 보면 잊혀질 거예요.,1
핸드폰 떨어뜨려서 고장 났나봐,as 맡기세요.,1
행복한 돌싱녀,매일매일 행복한 일이 생기시길 바랄게요,1
행복한 인생 돌싱남,매일매일 행복한 일이 생기시길 바랄게요,1
행복할 수가 없어서 너무 아프고 불행합니다,자신을 조금 더 사랑해보세요.,1
행복할까?,행복할 거예요.,1
행복해라 불행해도 좋고,행복이 있으니 불행도 있고 불행이 있어서 행복도 빛나지요. 인생이 그런가봐요.,1
행복해야 돼,행복할 거예요.,1
행복해져야해,행복할 거라 생각해요.,1
행복해하는 널보며,많이 사랑했나봐요.,1
행여 잃을까봐 꼭 쥐고 있어야 하는건 내 것이 아닙니다.,놓아줄 때를 아는 것도 중요한 것 같아요.,1
햐도 상처받아서 무뎌지네,많이 힘들었을 거라 생각해요.,1
허전함,마음이 헛헛한가봐요.,1
허허 맴찢.,제 맘도 맴찢.,1
허허 모든 것을 다 줬는데,사랑할 때 받을 것을 생각하고 주진 않으니까요.,1
헉. 어쩌다보니 헤어졌을때 해선 안되는 금기 하나를.,이불킥하게 될 거예요.,1
헛웃음만 나오네,당분간 받아들이기 힘들거예요.,1
헤어져도 그러려니 하겠지 했는데,이별은 언제나 힘든 법이죠.,1
헤어져야 맞는건지,자신에게 물어보세요.,1
헤어져야 하나.,서로의 관계에 대해 생각해보세요.,1
헤어져야 하는걸 아는데 그사람을 보낼 수가 없네,확실한 이유가 있으면 이별을 받아들이는 것도 중요해요.,1
헤어져야 할 거 아는데 괴로워,확실한 이유가 있으면 이별을 받아들이는 것도 중요해요.,1
헤어져야 할까.?,고민하는 것을 보니 무슨 일이 있었나봐요.,1
헤어져야 할까?,고민하는 것을 보니 무슨 일이 있었나봐요.,1
헤어져야하는게 맞는거겠죠?,본인의 생각에 귀를 기울여봐요. 이미 답은 정해져 있을지도 몰라요.,1
헤어졌네,괜찮아지는데는 시간이 걸릴지도 몰라요.,1
헤어졌는데 가끔 궁금해져,그럴 수 있어요.,1
헤어졌는데 계속 연락중,제대로 헤어지지 못했군요.,1
헤어졌는데 아픔보다는 미움.원망,아름다운 이별이란 없어요.,1
헤어졌는데 왜제번호를안지워을까 이해해안돼네,바빠서 그럴 수도 있어요. 신경쓰지 않는 연습을 해봐요.,1
헤어졌는데 자꾸 연락하네,연락하지 않는 편이 좋아요.,1
헤어졌는데만나자는건,제대로 헤어지지 못했군요.,1
헤어졌다는 그 말.,가슴 아픈 말이에요.,1
헤어졌습니다,많이 힘들었겠어요.,1
헤어졌습니다 이제 어떡하면 되나?,기분 전환을 하는 건 어떨까요.,1
헤어졌어 위로가 필한 밤,제가 위로해 드릴게요.,1
헤어졌어.,많이 힘들었겠어요.,1
헤어졌을때는 자신을 바쁘게 만드는 게 제일 좋은 방법인듯,현명한 방법이에요.,1
헤어졌지만 생각나,그럴 시기라고 생각해요.,1
헤어지고 1주에 한번은 뭐라도 오네,제대로 헤어지지 못했군요.,1
헤어지고 2년 정도에 느끼는 것들,많은 생각이 들었나봐요.,1
헤어지고 3개월만에 만나고 왔어,더 힘들겠네요.,1
헤어지고 3주인 오늘 만났어.,달리 할말이 있었나봐요.,1
헤어지고 4달째,많은 시간이 흘렀네요.,1
헤어지고 나니 많은 생각이 들어,정리할 시간이 필요하지요.,1
헤어지고 나니까 휘청거리네여,정신 차리세요.,1
헤어지고 나서 만나기로,이번엔 후회 안 할 자신 있길 바랍니다.,1
헤어지고 나서 많은 일들이 있었네.,새로운 변화가 생기길 바랍니다.,1
헤어지고 난 후 나의 일상들.,새로운 변화가 있나봅니다.,1
헤어지고 난뒤 친구?,친구가 되기 쉽지 않을 거예요.,1
헤어지고 다시 만나고 하다 결국 이별,헤어짐에 무뎌지지 않죠.,1
헤어지고 두번째 연락,아직 미련이 남았나봅니다.,1
헤어지고 뜨문뜨문 연락은 다시 시작하긴 뭐하고 남주긴 아까운 뭐 이런마음인건가?,애매하네요.,1
헤어지고 만나고 를 반복하다가 다시 만났는데,달라진게 없나봅니다.,1
헤어지고 벌써 한달이 됐네.,많은 시간이 흘렀네요.,1
헤어지고 세달뒤 딴사람과 결혼.,인연이 거기까지였나봐요.,1
헤어지고 시간이 흐르는게 무서워,시간이 흐르는 게 잊는 데는 더 좋을 수 있어요.,1
"헤어지고 시간이흘렀네,",시간이 약이 되었길 바랄게요.,1
헤어지고 연락했습니다.,많이 그리웠나 봐요.,1
헤어지고 이제 알았어,미련이에요.,1
헤어지고 자꾸 생각나,미련이 남나봐요.,1
헤어지고 차단하는 이유는 뭘까?,연락하지 않는 게 서로에게 좋으니가요.,1
헤어지고 추가 이야기 너무 힘이들어,당연히 그럴 거라 생각해요. 제가 위로해 드리고 싶어요.,1
헤어지고 한달 이제야 느낌온다 ㅋ,후폭풍이 이제 왔나봐요.,1
헤어지고 힘들다.,헤어졌으니까요.,1
헤어지고나면 다른게.,나만의 시간이 많이 생길 거예요.,1
헤어지고나서 다시 붙잡길래 믿었어.,그런데 다시 실망하게 되었봅니다.,1
헤어지고나서 보내는 두번째 주말이네,혼자 지내는 것도 연습이 필요해요.,1
헤어지고나서 여자가 연락이 없다는건,헤어졌으니까 연락이 없는 거예요.,1
헤어지고서 10개월동안 4번 봤네.,많이 봤네요.,1
헤어지기 전 통화,잊혀지지 않겠어요.,1
헤어지기 전으로 돌아가고 싶어.,시간은 주워 담을 수 없죠.,1
헤어지기전하소연.,울지말고 해보세요.,1
헤어지누여자친구 만나러가ㅠ,좋은 마무리가 되길 바랄게요,1
헤어지는 중.이였어.,과정이 힘들었겠어요.,1
헤어지는 중입니다,과정이 힘들죠.,1
헤어지는거 잘하는사람들 부러워,잘하는 척 하는 사람만 있는 거예요.,1
헤어지는게 맞는걸까?,마음 가는 대로 해보세요.,1
헤어지는게 서로를 위해 좋은거겠죠?,자신을 위해 좋은 걸 하세요.,1
헤어지는게 편하겠죠?,자신을 위해 좋은 걸 하세요.,1
헤어지니까 알겟어,너무 늦지 않았길 바라요,1
헤어지려고 합니다,힘든 결정 하셨네요.,1
헤어지면 연락 안하는게 맞을까,연락 하지도 받지도 마세요.,1
헤어지신 남자분들이나 여자분들,누구든 힘들어할 거예요.,1
헤어지자 말한 사람도 힘들까?,힘들겠지요.,1
헤어지자고 끝났고 다정리했다면서,머리랑 마음이 또 다르죠.,1
헤어지자고 말했어 마음이 찢어지네,말한 사람도 힘들죠.,1
헤어지자고 통보 받고 하루만에 다시 재회,인연은 무 자르듯 자르는 게 아니니까요.,1
헤어지자고하더니 연락이 왔어,미련이 남았을지도 모르죠.,1
헤어지자는 남친 잡아도 될지모르겠어,미련이 남는다면 잡아보세요.,1
헤어지자는 말 듣게 됐네.,갑작스러운 이별 통보는 받아들이기 쉽지 않죠.,1
헤어지자는 말을 듣고 다시 잡고 또 그 다음의 연애,관계의 개선을 위해 함께 많은 노력을 해보세요.,1
헤어지지 말자더니 놔버린 나쁜놈,나쁜놈이네요.,1
헤어지지 않았다면,자꾸 생각하면 더 힘들어요.,1
헤어지지 않았다면 오늘이 1년째 되는 날이네,자꾸 생각하면 더 힘들어요.,1
헤어지지 열흘짼데 너무 힘드네,헤어지고 있는 중이시군요.,1
헤어진 날 부터 오늘까지,하루도 빠짐없이 힘들었나요.,1
헤어진 남친의 SNS 행적,SNS 끊으세요.,1
헤어진 남친의 연락하는 심리,헤어진 사이에 연락은 아닌 거 같아요.,1
헤어진 사람과 같이 갔던 콘서트 영상이 티비에 나왔어,많은 생각이 들겠네요.,1
헤어진 사람은 벌써 새여친 생겼네!!,이젠 그녀를 놓아주세요.,1
헤어진 사람이 생각나는데 어떻게 견디지,다른 관심사를 만들어보세요. 취미 생활도 많은 도움이 됩니다.,1
헤어진 애인 카톡 안들어간다고 다짐 했는데.,다시 다짐하세요.,1
헤어진 여자심리,누구든 힘들어할 거예요.,1
헤어진 여자친구,이제 그리워하지마세요.,1
헤어진 여자친구 생일전에 잡아보려구,후회안할 자신 있나봅니다.,1
헤어진 여자친구 연락,허전한가봐요.,1
헤어진 여자친구가 꿈에서 밥을 해주고 가네.,무의식 중에 많은 생각을 했나봐요.,1
헤어진 여자친구를 다시 만나고 싶어,후회할 것 같다면 늦지 않게 연락해보세요.,1
헤어진 여자친구를 돌아오게 하는 방법!,진심을 전하고 달라진 모습을 보여주세요.,1
헤어진 여자친구에 진료예약 문자가 저에게오네.,차단 시키세요.,1
헤어진 여자친구에게 마지막 한마디 했습니다,상처주는 말은 하지 않았길 바랄게요.,1
헤어진 여자친구에게 새로운 남자가,신경쓰지 않는 연습을 해봐요.,1
헤어진 여자친구와 재회하고 싶어,후회하지 않을 자신이 있으면 연락해보세요.,1
헤어진 여자친구의 생일입니다.,잘 지내고 있을 거예요.,1
헤어진 여자친구한테 화이트데이날 사탕 주면 않되겠죠?,저 주세요.,1
헤어진 여친 생각나서 노래 해바라기가 생각나네,절 위해 불러주세요.,1
헤어진 여친에게 문자 보내려고.,후회하지 않길 바랄게요.,1
헤어진 여친이 페북이나 인스타그램 사진 안지우는게??,바빠서 그럴 수도 있어요. 신경쓰지 않는 연습을 해봐요.,1
헤어진 연인의 새로운 사랑,이젠 그분을 놓아주세요.,1
헤어진 지 2주 파혼,힘든 시간을 보냈군요.,1
헤어진 지 2주가 지났네.,어느덧 2주가 흘렀나봐요.,1
헤어진 지 이제 2주정도네.,어느덧 2주가 흘렀나봐요.,1
헤어진 지 이틀됐네. 붙잡으면 안되겠죠?.,미련없게 후회없게 마지막으로 붙잡아보세요.,1
헤어진 지 한달됐습니다,힘든가봐요.,1
헤어진 후 거의 세 달이 되어가네,아픔을 헤아리지 마세요.,1
헤어진 후 이런 생각하면 안되지만. 계속 부정적인 생각만 드네.,자신을 더 사랑해주세요.,1
헤어진 후.,자신을 돌아보세요.,1
헤어진건 아닌데,헤어진 거 같나요.,1
헤어진건가이거?,애매하네요.,1
헤어진것인가 아닌것인가,애매하네요.,1
헤어진게 잘한걸까,그게 최선이었을 거예요.,1
헤어진다는게 이렇게 힘든 일인줄 몰랐네,이별에는 아픔이 따르기 마련이에요.,1
헤어진사람에게 잊는동안 도움은 못받겠죠?,아마도 그렇겠죠.,1
헤어진지 10일 지났네,하루 하루를 헤아리는 건 자신을 더 힘들게 만들 뿐이에요.,1
헤어진지 10일째,딱 힘들 때네요.,1
헤어진지 10일째.,하루 하루를 헤아리는 건 자신을 더 힘들게 만들 뿐이에요.,1
헤어진지 11개월 째인데 연락이 안돼,연락이 오길 기다리지마세요.,1
헤어진지 12일째인데.,그리움을 헤아리지 마세요.,1
헤어진지 15일,그리움을 헤아리지 마세요.,1
헤어진지 1년,아직도 힘들지 않았으면 좋겠어요.,1
헤어진지 1년 뭐하는건지ㅋ,새로운 사람으로 잊혀질 거예요.,1
헤어진지 1년 카톡해도 될까?,후회하지 않을 자신이 있으면 하세요.,1
헤어진지 1년.,아직도 힘들지 않았으면 좋겠어요.,1
헤어진지 1년이 넘었네.,잘 이겨내고 있네요.,1
헤어진지 1년이면 재회는 힘들겠죠,후회하지 않을 자신 있다면 연락해보세요.,1
헤어진지 1달,금방 나아질 거예요.,1
헤어진지 1달 정도 되었습니다,잘 지내고 있는 것 같네요.,1
헤어진지 1달반정도 됬네,금방 지나갈 거예요.,1
헤어진지 1달째 됐습니다.,금방 나아질 거예요.,1
헤어진지 1일차.,아직은 실감이 나지 않을 거예요.,1
헤어진지 1주일 되었습니다,실감이 나지 않고 믿고 싶지 않겠네요.,1
헤어진지 1주일. 너무 힘드네.,실감이 나지 않고 믿고 싶지 않겠네요.,1
헤어진지 2달,생각보다 많은 시간이 지났네요.,1
헤어진지 2달 다되어가는데,머리에서 지우세요.,1
헤어진지 2달 되가는데 오늘 무지 힘드네,그런 날이 있더라고요.,1
헤어진지 2달.,생각보다 많은 시간이 지났네요.,1
헤어진지 2달째,미련 갖지 마세요.,1
헤어진지 2주만에 만났어,많이 놀랐겠어요.,1
헤어진지 2주째 .,어느덧 2주가 지났어요.,1
헤어진지 2주쯤 됐군,어느덧 2주가 지났어요.,1
헤어진지 3개월,생각보다 많은 시간이 지났네요.,1
헤어진지 3개월이 지났네.,생각보다 많은 시간이 지났네요.,1
헤어진지 3개월째,생각보다 많은 시간이 지났네요.,1
헤어진지 3개월째입니다.,생각보다 많은 시간이 지났네요.,1
헤어진지 3달만에 새로운 남자가 생긴 그녀.,이젠 그녀를 놓아주세요.,1
헤어진지 3달만에 카톡왔는데 어떻게 해야할지 모르겠어,남은 미련 정리하세요.,1
헤어진지 3달째인데 후폭풍 왔나봐 ㅠ,헤어짐에도 처방약이 있으면 좋겠어요.,1
헤어진지 3일째인데 오늘 몰아쳐오네여,후폭풍이 찾아왔군요.,1
헤어진지 3주,어느덧 3주가 지났군요.,1
헤어진지 3주.오늘 그 친구 생일,마음 속으로 생일을 축하해줘요.,1
헤어진지 3주가 아직안됐네,금방 지나갈 거예요.,1
헤어진지 3주째,금방 지나갈 거예요.,1
헤어진지 3주째 입니다.,잘 견뎌내고 있는 것 같네요.,1
헤어진지 3주차 넘어가네~,잘 견뎌내길 바라요.,1
헤어진지 40일째,하루 하루를 헤아리는 건 자신을 더 힘들게 만들 뿐이에요.,1
헤어진지 42일째.,하루 하루를 세는 건 자신을 더 힘들게 만들 뿐이에요.,1
헤어진지 43일,하루 하루를 헤아리는 건 자신을 더 힘들게 만들 뿐이에요.,1
헤어진지 4일,얼마 되지 않았네요.,1
헤어진지 4일째 네,얼마 되지 않았네요.,1
헤어진지 5개월,이제 좀 괜찮아졌길 바랍니다.,1
헤어진지 5개월차 꿀인생삽니다,더 좋은 날이 가득할 거예요.,1
헤어진지 6개월,많은 시간이 흘렀네요.,1
헤어진지 6개월여~,잘 견뎌내고 있어요.,1
헤어진지 6개월이 넘어가네.,새로운 사랑이 곧 찾아올 거예요.,1
헤어진지 6일째,어느덧 6일이 되었나봐요.,1
헤어진지 9일,헤어짐을 헤아리지 마세요.,1
헤어진지 9일째 이제 익숙해졌어 괜찮아졌고,금방 나아졌다니 다행이네요.,1
헤어진지 두 달째인데 힘드네,많이 힘들었지만 더 괜찮아 질 거예요.,1
헤어진지 두달,이별을 받아들이는 것도 중요해요.,1
헤어진지 두달 늘 만났던 장소를. 난 지나다니고,무덤덤해지길 바랄게요.,1
헤어진지 두달 무덤덤한데,무덤덤한데도 마음이 허한가봅니다.,1
헤어진지 두달됬네 벌써,생각보다 시간이 빠르게 흐르고 있나봅니다.,1
헤어진지 두달이 되었습니다.,시간이 많이 흘렀네요.,1
헤어진지 딱 3주째,생각보다 긴 시간이네요.,1
헤어진지 딱 한달 됐내,생각보다 긴 시간이네요.,1
헤어진지 벌써 두달이 다되가지만.,아직 그립겠지만 괜찮아 질 거예요.,1
헤어진지 벌써 몇 년,많은 시간이 흘렀네요.,1
헤어진지 삼일째입니다,많이 힘드신가봅니다.,1
헤어진지 세달이 다되가네,이젠 괜찮아졌긴 바랄게요.,1
헤어진지 어느덧 한달,생각보다 빠르게 지나갔네요.,1
헤어진지 어언 3년이 되가네.,이제는 괜찮길 바랄게요.,1
헤어진지 열흘 됐는데 연락하고 싶네,후회하지 않는다면 연락해보세요.,1
헤어진지 이제 겨우 하루 지났네.,실감이 나지 않아서 그럴 거예요.,1
헤어진지 이제 곧1년,시간을 헤아리지 말아요.,1
헤어진지 이주가 좀 넘었네,마음이 복잡할 때입니다.,1
헤어진지 일주일만에 새로운 남자가 생긴 전여친,이젠 그녀를 놓아주세요.,1
헤어진지 일주일째,가장 힘들 시간 같아요.,1
헤어진지 하루. 마음이 아프네,믿기지 않겠어요.,1
헤어진지 한 달 됐어,마음이 복잡할 때입니다.,1
헤어진지 한 달 되는날,이제 좀 괜찮아졌길 바랍니다.,1
헤어진지 한 달 조금 넘었는데 여전히 힘드네,이별에는 면역이 힘든가봐요.,1
헤어진지 한 달 째,이제 좀 괜찮아졌길 바랍니다.,1
헤어진지 한 달.아직도 힘드네,그럴 수 있어요.,1
헤어진지 한 달째,이제 좀 괜찮아졌길 바랍니다.,1
헤어진지 한달,많이 힘들지 않았으면 좋겠어요.,1
헤어진지 한달 조금 넘었어,금방 지나갈 거라 생각해요.,1
헤어진지 한달 좀 넘었네,시간이 흐르는 것 처럼 마음도 흘러갈 거예요.,1
헤어진지 한달.,시간이 흐르는 것 처럼 마음도 흘러갈 거예요.,1
헤어진지 한달 됐네,시간이 흐르는 것 처럼 마음도 흘러갈 거예요.,1
헤어진지 한달 됐어.,시간이 벌써 흘렀네요.,1
헤어진지 한달이 되어가네.,시간이 많이 흘렀네요.,1
헤어진지 한달짼데,아직 잊지 못하고 있나봐요.,1
헤어진지 한달하고 이주 정도 되었네,아직 잊지 못하고 있나봐요.,1
헤어진지 어언 10개월,많은 시간이 흘렀네요.,1
헤어진지 1개월뿐이안됐네.,금방 나아질 거예요.,1
헤어진지1년,잘 지내길 바라요.,1
헤어진지 1년되가.,아직도 힘들지 않았으면 좋겠어요.,1
헤어진지 25일째,헤어진 하루를 헤아리는 거처럼 힘든 일은 없을 거예요.,1
헤어진지 2개월차 잊혀지질 않네.,동호회에 가입해 보는 건 어떨까요. 새로운 관심사를 만들어 보는 거예요.,1
헤어진지2주가지났네,어느덧 2주가 지났어요.,1
헤어진지는 좀 오래 됐어.,다른 사람에게 기대도 괜찮아요.,1
헤어진지도 벌써 9개월이 지났네 근데 참 그래,저에게 기대세요.,1
헤어진지도 어느덧 반년,힘들 때가 지나갔길 바랄게요.,1
헤어진지 이제 5개월.,새로운 나날을 보내는 것도 5개월이 되었네요.,1
헤어진지 한달,힘들 때가 지나갔길 바랄게요.,1
헤어진진 거의 1년,잘 지내길 바라요.,1
헤어진후 4개월,무슨 변화가 있었나요.,1
헤어진후 4일짼데 하 생각보다 진짜 힘드네,다른 곳으로 관심을 돌려보세요.,1
헤어질때의 모습이 그 사람의 진짜 모습,그 모습도 그 사람의 부분이에요.,1
헤어짐,슬픈 일이에요.,1
헤어짐 이후,마음이 좀 가라앉았길 바랄게요.,1
헤어짐 통보 당한지 1달 정도 지났네,후폭풍이 지나갔길 바랄게요.,1
헤어짐 통보후 한달만에 연락이 왔는데,마음 가는 대로 해보세요.,1
헤어짐 ㅠㅠ,힘내요.,1
헤어짐과 중간에 다시 만남과 갈등.,매정하게 돌아서는 것은 쉽지 않은 일이죠.,1
헤어짐도 저혼자,자신에게 돌아가는 시간이 힘들겠네요.,1
헤어짐으로 싸우고 완전히 헤어진지 어느덧 2개월,후폭풍이 지나갔길 바랄게요.,1
헤어짐이 꿈이었으면 좋겠어,현실을 직시할 필요도 있어요.,1
헤어짐이 힘든이유,사랑했으니까요.,1
헤이진지 이제 딱 한달,후폭풍이 지나갔길 바랄게요.,1
현실과 마주하기,싫어도 할 수는 있을 거예요.,1
현실과 타협해야하는 이별,현실적인 문제가 중요할 때가 있죠.,1
현실의 벽,현실적인 문제가 중요할 때가 있죠.,1
현실적인 문제에 이별이 다가오고 있어.,현실적인 문제가 중요할 때가 있죠.,1
현실적인 문제에 헤어짐이 다가오고 있어. 결국 이별일텐데,현실적인 문제가 중요할 때가 있죠.,1
혜진아. 내 맘이 너에게 확정되기 전에 날 떠났어야지,말처럼 쉽지 않죠.,1
혹시 그런 날 없나?,오늘 같은 날?,1
혹시 딴여자를 만나고 싶다는 생각이 든다면,정신차리세요.,1
고민상담 가능?,네 말씀해주세요.,1
"혹시나, 역시나",그래도 힘내세요.,1
혼술중,많이 마시지 마세요.,1
혼자 놀로다니기만 하는 남자,같이 놀러 다니자고 해봐요.,1
혼자 보내는 크리스마스가 다가오고 있다.,가족과 친구가 있잖아요.,1
혼자 사랑하고 혼자 이별하고,혼자 많이 힘들어하지 마세요.,1
혼자 사랑했나봐,더 많이 사랑한 거겠죠.,1
혼자 살아야 할 듯,혼자만 있지 마세요.,1
혼자 술 마실만한 장소 없을까?,어디서든 혼자 술 마실 수 있어요.,1
혼자 이겨내기 힘들어,다른 사람에게 기대도 괜찮아요.,1
혼자 이별여행이라도 갔나,연락이 안되나봐요.,1
"혼자 있고싶다는 남자친구, 인정하기가 힘이 드네",시간을 좀 주세요.,1
혼자 있는 시간이 정말 힘드네,자신에게 돌아가는 시간이 힘들겠네요.,1
혼자 있으니 힘이드네,한동안은 힘들지도 몰라요.,1
혼자 있으니까 편하네,혼자를 즐기세요.,1
혼자 잘 살 수 있을까?,혼자 사는 것도 나쁘지 않아요.,1
혼자 커피마셔,분위기 있네요.,1
혼자 해야 돼,혼자서도 잘하는 연습이 필요해요.,1
혼자 혼술 한다.,조금만 드세요.,1
혼자가 되고,생각이 많아 지나봐요.,1
혼자가 되면 견디기 힘듭니다.,한동안은 힘들지도 몰라요.,1
혼자라는거 그런대로 괜찮아,잘 이겨내고 있네요.,1
혼자라는건 여전히 많이 힘드네,많이 힘들지 않길 바랄게요.,1
혼자만 힘드네.,혼자만 힘든 게 낫지 않을까요.,1
혼자ㅠㅠㅠ,많이 힘들어하지 마요.,1
홀로술한잔하며. .,술 너무 많이 먹지 마요.,1
화낼 힘도 없다,지금은 조금 쉬는 것도 좋을 것 같습니다.,1
화장실!!,화장실 가세요.,1
화창한 날씨 포근한 햇살 나는.,행복하길 바랄게요.,1
환경 때문에 헤어진 여자친구,현실적인 문제가 중요할 때가 있죠.,1
환승 가능?,환승은 30분 안에,1
환승 이별,사랑의 예의가 없네요.,1
환승 이별 후 돌아오고 싶다는 그녀,마음에게 물어보세요.,1
환승 이별 후 재회했는데 이젠 진짜 끝을 내야하나,마음에게 물어보세요.,1
환승당했다는 여자입니다.,사랑의 예의가 없는 사람이네요.,1
환승이별 3달째를 앞둬도 힘들다,점점 더 괜찮아질 거예요.,1
환승이별 당했습니다 ㅎㅎㅎ,사랑의 예의가 없는 사람이네요.,1
환승이별당했습니다,사랑의 예의가 없는 사람이네요.,1
환승이별이란걸 알게됐습니다.,사랑의 예의가 없는 사람이네요.,1
환승이별인지 이제라도 안 것에 감사해야할지,그런 사람 얼른 잊으세요.,1
환승이였다는걸 알고서 .,힘드셨겠어요.,1
환승하는 년놈들,사랑의 예의가 없네요.,1
환승하는 사람들 대단해,사랑의 예의가 없네요.,1
환승했다는 소식을 알게되었음,그런 사람 얼른 잊으세요.,1
황당하지만 재미난 일이 생겼네ㅎㅎ,무슨 일인지 말씀해주세요.,1
회복되는게 하루하루가 다른거 같아!!,회복력이 좋으시군요.,1
회사 사람들이 아직도 불편해,회사에는 동료가 있을 뿐이에요.,1
회사선배랑 바람나서 헤어졌어,사랑의 예의가 없네요.,1
회사에는 왜 친구 같은 사람이 없을까,회사는 친구 사귀는 곳이 아니에요.,1
후,힘을 내세요.,1
후 아직 헤어진것도 아닌데,불안한가봅니다.,1
후 좀 낫네여,다행이에요.,1
후.언제까지 이럴까,사랑한 시간 만큼 힘이 들겠죠.,1
후.ㅎㅎ,지쳤나봐요.,1
후기 입니다,말씀해주세요.,1
후련하달까,후련하니 다행이에요.,1
후련해,후련하다니 다행이에요.,1
후밤에 집에 혼자있으려니 답답하네,산책을 추천해요.,1
후아 뭘까?,마음이 허전한가봐요.,1
후아 힘드네,힘내라는 진부한 말 건네봅니다.,1
후우,하아,1
후폭풍 재회를 두번 또 헤어짐,사랑도 헤어짐도 면역이 안되나봐요.,1
후폭풍이 오네.,그럴 시기에요.,1
후폭풍이 올까 두려운데.!,그냥 지금 우세요.,1
후회,후회 하고 있나요.,1
후회 하고있어,다음엔 조심하면 돼요.,1
후회가 몰려오네,너무 깊이 생각하지 말아요.,1
후회는 최선을 다하지않았기 때문일까,그럴 수도 있겠죠.,1
후회스럽습니다.,쉽지 않은 결정이었나봐요.,1
후회없이 사랑했어,후회가 없다니 다행이에요.,1
후회하지말아,그게 힘들죠.,1
휘성노래가 귀에 감기네,가사가 맞나봐요.,1
휴,아이구,1
휴 결국 헤어졌습니다,마음이 착잡하겠어요.,1
휴 전남친 흔적찾기,찾으려고 노력하지 마세요.,1
휴 착찹하네,기운을 내세요.,1
휴. 생일인데 기운빠지네,생일 축하해요!,1
휴.반년이라는 시간 잊었다 생각했지만 또 다시,후폭풍이 무섭죠.,1
휴~~ 이제 글쓰는것도 멈춰야 할까,글 쓰면서 정리가 되기도 해요.,1
휴대폰 켜면서 기대하는 것 좀 그만하고 싶네,잠시 꺼두는 건 어떨까요.,1
휴아플걸알면서도,아플 걸 알면서도 시작하셨군요.,1
휴우.,휴우ㅠㅠ,1
흐앙 . 왤케 자꾸 생각나죠,다른 일에 집중 해보는 건 어떨까요.,1
흐음 이거 고민이네,무슨 고민이지 들어드릴게요.,1
흐음이거고민인데여;;,무슨 고민인지 말해보세요.,1
흐잌~~ 불금이닷~~ㅠㅠ,퐈이야,1
흑역사 제조 완료,흑역사도 나중에는 추억이 될 거예요.,1
흔적,서서히 지워 나가요.,1
흔적이란게 남은걸까,뭐든 흔적이 남죠.,1
흔한 군인의 이별,안 흔해요.,1
흠,마음이 복잡한가요.,1
흠 또 괜한 의미부여,의미 부여 하다보면 끝도 없어요.,1
흠 아무 의미없는거라고 생각하고 싶은데 자꾸 뒤숭숭하네,무관심해봐요.,1
희망고문,아예 생각을 하지 말아요.,1
희생하는 것이 내 방식인 연애. 5년간 사귀다 이별했습니다,방식을 바꿔보세요.,1
힘껏 아파하고 몸부림 치면서 살고 있어,아파하는 만큼 성장할 거예요.,1
힘낼 곳이 없어,제가 있잖아요.,1
힘드네 장거리,물리적인 거리를 무시하지 못하니까요.,1
힘드네 정말,조금만 더 버텨요.,1
힘드네 차단 해야할까?,차단도 방법이 될 거예요.,1
힘드네 포기라는게,기대가 있으니까요.,1
힘드네.,조금만 더 버텨요.,1
힘드네. 정말.이런건 줄 몰랐어,알았으면 시작 못했겠죠.,1
힘드네.조언좀 부탁드립니다.,조그만 더 버텨요.,1
힘든 밤입니다,힘내세요.,1
힘든 사랑,이렇게 힘들 줄 몰랐지요.,1
힘든 하루,오늘도 고생했어요.,1
힘든 하루 하루 되돌리며,오늘도 고생했어요.,1
힘든고 외로움,조금만 더 버텨요.,1
힘든데 밉지가 않아,사랑의 힘인가봐요.,1
힘들 거라고 말했는데,정말 힘들 줄 몰랐겠죠.,1
힘들고 지치네,조금만 더 버텨요.,1
"힘들고, 힘들고, 또 힘들고,",억지로라도 힘내보세요.,1
힘들까,힘들겠죠.,1
오늘도 힘들다,지금은 힘들겠지만 조금만 더 견뎌봐요.,1
힘들어,지금은 힘들겠지만 조금만 더 견뎌봐요.,1
힘들어 미치겠습니다,언젠가 다 잊을 거예요.,1
힘들어 죽을거 같습니다,언젠가 다 잊을 거예요.,1
힘들어.너무 힘들어,언젠가 다 잊을 거예요.,1
힘들어서 들어왔는데 괜찮아졌네?,다행이네요.,1
힘듭니다 오늘 또 무너졌어,다시 일어서세요.,1
힘듭니다.,어떤 말도 위로가 되지 않겠지만 힘내세요.,1
힘이 될런지 모르겠지만,어떤 말도 위로가 되지 않겠지만 힘내세요.,1
힘이 드네,어떤 말도 위로가 되지 않겠지만 힘내세요.,1
힘이 없어,힘내세요!,1
힘이드네.여자들이란.,어떤 말도 위로가 되지 않겠지만 힘내세요.,1
짝사랑만큼 고통스러운 건 없겠지.,짝사랑 만큼 감정소모가 큰 건 없을 거예요.,2
1년 넘게 만났는데 지금도 불타올라,정열적인 사랑을 하고 있나봐요.,2
1년 동거 중인데 계속 좋아,서로 깊게 알게되면서 더 좋아졌나봅니다.,2
1년 동거하고 결혼했어,축하합니다!,2
1년 만났는데도 그 사람에 대해 잘 모르겠어,더 만나보세요.,2
1년반 만났는데 결혼하자고 해도 될까?,기다리고 있을지도 몰라요.,2
1년째 동거중이야,서로 알아가는 단계인가봐요.,2
1년째 좋아하는 사람이 있어.,힘든 시간이었겠어요.,2
2년 가량의 연애,딱 잘 만났네요.,2
2년 만났는데도 잘 모르는 부분이 많은 거 같아,양파같은 사람이네요.,2
2년 만났어,딱 좋을 때네요.,2
2년 사겼어,서로를 알게 되었겠네요.,2
2년여의 만남,서로를 알게 되었겠네요.,2
2년째 동거중인데 결혼하려고,서로 깊게 알게되면서 더 좋아졌나봅니다.,2
2년째 좋아하는 사람이 있어.,사랑이 깊네요.,2
30살이 넘었는데 짝사랑 계속해도 될까요.,물리적 나이는 상관이 없어요.,2
3년 사겼는데 이제 결혼해야겠지?,사귄 시간이 길다고 무조건 결혼해야하는 건 아니에요.,2
3년 사겼어,좋은 시간 보내고 있나봐요.,2
3년째 연애 중,좋은 시간이었길 바라요.,2
3년째 짝사랑 중인 나 비정상이야?,그 누구도 비정상이라 규정지을 수 없어요.,2
4년 사겼는데도 너무 좋아,좋아보이네요.,2
4년째 연애하고 있어,좋은 기억들이 많겠네요.,2
4년째 짝사랑 중인 나 이제 고백해도 될까?,후회하는 것 보다 고백하고 생각해 봐요.,2
5년 만났는데 매일 보고 싶어,좋아보이네요.,2
5년 만났어,좋은 기억들이 많겠네요.,2
5년째 짝사랑 중인데 포기해야 할까?,길었던 시간만큼 결정하기 힘들었겠어요.,2
6년째 연애중,부럽네요.,2
AB형 남자랑 썸 타면,최대한 이해해보세요.,2
AB형 여자랑 썸 타면,하고 싶은 걸 표현할 수 있게 해주세요.,2
A형 남자랑 썸을 타게 됨,사소한 걸 기억해보세요.,2
A형 여자랑 썸을 타게 됨,세심하게 챙겨주세요.,2
B형 남자랑 썸 탐.,계속 칭찬해보세요.,2
B형 여자랑 썸 탐.,자신이 가장 자신다울 수 있게 도와주세요.,2
CC 레알 별로임?,헤어질 경우 엮여 있는 사람이 많으니까요.,2
O형 남자와 썸을 타는데,애교 부려보세요.,2
O형 여자와 썸을 타는데,엄청 사랑해주세요.,2
가끔 짝남과 연애하는 상상을 해.,즐거운 상상이겠네요.,2
가끔 짝사랑 하는 여자애랑 데이트 하는 상상을 해.,상상은 해도 상관 없어요.,2
가슴 뛰는 사랑,두근거리겠어요.,2
가슴 찢어지게 아파. 그 사람은 내 마음 알까?,내 맘도 때론 알기가 힘든걸요.,2
가슴이 뛰어,사랑의 증상이예요.,2
가을 타나 봐.,외로운 옆구리를 채워보아요.,2
가을 타나 봐.,혼자는 외로운 계절이죠.,2
가족끼리 엄청 친한 사인인데 좋아하게 됐어요. 고백했다 차이거나 헤어지면 어떡하죠.,어색한 사이가 될지도 모르겠어요.,2
가족이 아니지만 가족같은.,가족이 될 사람일지도 모르죠.,2
각자 집에 인사드리러 가,제가 더 떨리네요.,2
간간히 동굴에 들어가는 남친 어떻게 해야돼?,믿고 나올 때까지 잠시 기다려주세요.,2
간접적으로 차버린 짝남한테 연락하고 싶어요.,마음 정리가 쉽지 않지요.,2
감당 못하는 사랑,감당할 수 있는 만큼만 베푸세요.,2
감정싸움 그만하고 싶어,자존심을 세우지 마세요.,2
갑자기 사랑한다고 이야기해도 될까?,갑자기 말하면 상대방이 당황하지 않을까요.,2
갑자기 선을 긋는 사람,너무 사적 영역으로 들어왔나봅니다.,2
강아지 좋아하는 남자 어떤 것 같아?,따뜻할 거 같아요.,2
강아지 좋아하는 여자 어떤 것 같아?,마음이 따뜻할 것 같아요.,2
강아지 좋아하는 남자 어때?,따뜻할 거 같아요.,2
강아지 좋아하는 여자 어때?,마음이 따뜻할 것 같아요.,2
같은 과에 내 이상형인 남자애가 있는데 cc는 무리일까?,CC는 아무래도 제약이 있을 거예요.,2
같은 회사에 좋아하는 여자가 생겼어,마음이 복잡하겠어요.,2
같이 살까?,함께 있는 시간이 많아서 더 행복할 거예요.,2
같이 일하는 사람에게 어떻게 연락을 시작할까?,일 이야기로 시작해보세요.,2
같이 있으면 너무 좋아,행복해 보여서 보기 좋아요.,2
같이 있자고 말해도 될까?,두려워말고 말해보세요.,2
객관적으로 짝남 별로인걸 아는데도 좋아해. 이런 내가 너무 싫어.,짝사랑이 판단력을 흐리게 만들죠.,2
걔 앞에만 서면 말이 안 나와,무슨 말을 할지 연습해보세요.,2
걔도 날 좋아하는 건지 매너인지 모르겠음.,다른 분에게도 잘해주는지 살펴봐요.,2
걔한테 잘보이고 싶은데 무슨 옷을 입는게 좋을까?,깔끔한 스타일이 좋을 것 같습니다.,2
거래처 직원을 좋아하게 됐는데 어떻게 연락할까.,관계를 지속해도 되는 사이라면 직접 물어보는게 좋겠어요.,2
거리가 먼데 고백하면 받아줄까?,거리를 뛰어넘는 사랑이라면 가능하겟죠.,2
거짓말 하는 썸남 말해?,거짓말은 습관이에요.,2
걷자고 꼬셔,살랑대는 바람에 마음도 움직일 거예요.,2
게스트하우스에서 만난 짝남이 관심이 가는데 내게 말 걸게 하고 싶어.,눈을 계속 마주치면서 웃어보세요.,2
게스트하우스에서 만난 짝녀와 남은 일정을 같이 여행하고싶어.,일정 안 짰다고 하면서 일정을 물어보세요.,2
게임 아이템 지르는 남친,이해할 수 있는 적정선을 정해보세요.,2
게임에서 만난 사람 좋아하게 되었는데 괜찮을까요?,좀 더 알아볼 시간이 필요하겠네요.,2
결국 사랑이었어,그걸로 충분해요.,2
결혼 결심 이유,만나서 같이 있음 헤어지기 싫었나봅니다.,2
결혼 결심한 계기가 있었어?,내가 싫어하는 걸 아무것도 안해서요.,2
결혼 결심한 이유 있어?,정말 사랑해서요. 같이 있을 때 편하고요.,2
결혼 상대로 괜찮을까?,기준을 가지고 더 면밀히 살펴보세요.,2
결혼 생각 없는데 꼭 남자친구 부모님을 만나야할까?,꼭 만날 필요는 없어요.,2
결혼 생각 없었는데 결혼하고 싶어진 이유?,이 사람 아니면 결혼 안 하고 살 것 같았나봅니다.,2
결혼 전에 다이어트 해야겠지?,꼭 해야 할 필요는 없어요.,2
결혼 전에 준비할 게 많겠지?,결혼을 하려는 두 사람의 마음이 가장 먼저 준비되어야 할 거예요.,2
결혼 전에 혼란스러워,정신적으로 육체적으로 힘들고 인생의 큰 변화니까요.,2
결혼 준비하는 과정이 행복해,행복한 예비신부네요.,2
결혼 준비하면서 많이 싸워?,사랑 싸움이라고 생각하세요.,2
결혼 준비하면서 못 보던 모습을 보게 돼,본 모습일지도 몰라요.,2
결혼 해도 되는지 고민돼,결혼은 인생에서 중요해서 항상 고민이 되죠.,2
결혼날짜 받아왔어,드디어 결혼하는 군요!,2
결혼상대로는 아닌거 같은 여자친구가 결혼을 원해,결혼에 대해 직접적인 대화를 나눠보세요.,2
결혼생활에 회의감이 들어,함께 극복할 수 있을 거예요.,2
결혼식 날짜 잡았대,축하해주세요.,2
결혼식 날짜 잡으려고,축하드려요.,2
결혼식 앞두고 고민이야,결혼 전에는 누구나 혼란스럽죠.,2
결혼식장 벌써 차있더라,발품을 더 팔아보세요.,2
결혼은 타이밍인가?,결혼뿐만 아니라 인생은 타이밍의 연속이예요.,2
결혼은 하고 싶은데 며느리는 되기 싫어,그럼 어머니가 없는 남자를 만나서 결혼하세요.,2
결혼은 현실이지?,100퍼센트 현실입니다.,2
결혼을 앞두고 있습니다,좋으면서 복잡하겠어요.,2
결혼이야기를 꺼내고 싶은데 어느 분위기에 꺼내는게 좋을까?,미래에 대해 이야기해보세요.,2
결혼적령기가 언제야?,내가 결혼할 때가 결혼적령기예요.,2
결혼적령기가 지나가는 거 같아,내가 결혼할 때가 결혼적령기예요.,2
결혼적령기가 지나면 결혼하기 힘들겠지?,내가 결혼할 때가 결혼적령기예요.,2
결혼전제로 만나고 있어,좋은 사람이랑 좋은 연애 하세요.,2
결혼준비하면서 과연 행복할까 고민돼,많이 싸우셨나봐요.,2
결혼하고 나서 애 낳기 싫어졌어,둘이 알콩달콩 잘 살면 되죠.,2
결혼하고 싶다,좋은 사람이랑 결혼할 수 있을 거예요.,2
결혼하는데 돈이 엄청 드네,스몰웨딩으로 준비하면 조금이라도 줄일 수 있을 거예요.,2
결혼하는데 보통 얼마 들어?,어떻게 준비하느냐에 따라 달라지겠죠.,2
결혼하는데 준비할 게 많네,인생에서 중요한 행사니까요.,2
결혼하면 안 좋은 점?,모든 함께할 수 있다는 거요.,2
결혼하면 좋은 점 말해줘,모든 함께할 수 있는 게 좋죠.,2
결혼하면좋을까,누구랑 하느냐에 따라 다르겠지요.,2
결혼한지 1년 됐는데 넘 좋아,계속 행복하실 거예요.,2
결혼한지 3개월 행복해,계속 행복하실 거예요.,2
결혼한지 반년인데 이렇게 행복해도 될까 싶어,충분히 즐기세요.,2
결혼할 사람이 나한테 거짓말한 거 같아,충격이 크시겠네요.,2
결혼해도 되는 건지 모르겠어,결혼 전에 고민이 많겠어요.,2
결혼해도 될까?,마음가는대로 해보세요.,2
결혼해서도 설렐까?,노력하면 얼마든지 가능해요.,2
결혼해서도 연애하는 것 같아,알콩달콩 부럽네요.,2
경제력 보는게 이기적인거야?,경제력도 한 부분이니 보는 게 당연하죠.,2
계속 그 사람 생각만 해.,자연스러운 현상이에요.,2
계속 그 사람한테 의지해도 될까?,의지해도 좋을 사람이라면 의지해도 돼요.,2
계속 그리워,그리워만 하지 말고 연락해보세요.,2
계속 사랑하고 싶다,예쁜 사랑하세요!,2
계속 살아도 될까?,당신의 인생은 당신만이 주인공이에요.,2
계속 생각하고 좋아하면 꿈에 나오려나.,생각을 자주하면 나올 수 있어요.,2
계속 좋아하는 거 무리일까요.,마음이 허락하는 한이라고 말할 수 있겠네요.,2
고마워.,감사합니다.,2
고맙다,감사합니다.,2
고민이 많은데 표현을 못하겠어,글로 적어보세요. 조금이나마 정리가 될 거예요.,2
고백,성공하길 바랄게요.,2
고백 받고 싶어,먼저 고백해보세요.,2
고백 받으면 기분 어떨까?,사랑하는 사람이니까 좋을 거예요.,2
고백 언제 하지,고백은 타이밍입니다.,2
고백 좀 하지,먼저 고백하는 것도 좋지만 슬쩍 호감을 표현해보세요.,2
고백도 못하겠어,고백도 용기가 필요해요.,2
고백은 어떻게 하는거야,솔직한 마음으로 다가가는 거죠.,2
고백조차 못해보고 끝났어,아직도 사랑한다면 용기를 내서 다시 시작해보세요.,2
고백하고 싶어,지금이에요.,2
고백하고 어색해지면 어떡하지?,그때 걱정해도 안 늦어요.,2
고백한 애가 연락이 느려.,바쁘거나 감정의 변화가 생겼을지도 모르겠어요.,2
고백한 애가 톡이 느려.,바쁜 상황일 수도 있어요.,2
고백한 애가 톡이 안와.,바쁘거나 감정의 변화가 생겼을지도 모르겠어요.,2
고백할 타이밍인 거 같아,성공하길 빌어요.,2
고백합니다,성공하길 바랄게요.,2
고백해도 될까?,당신의 마음이 정리되었다면 고백해보세요.,2
고백했는데 답장이 없어.,바쁘거나 거절의 의미일 수도 있겠어요.,2
고백했다 차이면 어쩌지?,진심으로 고백하면 좋은 결과가 있을 거예요.,2
고뱄했는데 너무 떨려.,충분히 그럴만 해요. 차분히 기다려보세요.,2
공공장소에서의 스킨쉽 어떻게 생각해?,보는 사람들을 생각해주세요.,2
공시 붙자 마자 결혼하재,외부 상황도 중요하겠지만 결혼할 마음이 생기면 해도 늦지 않아요.,2
공시 준비하는데 연애하면 안되겠지?,지금 뭐가 중요한지 객관적으로 생각해보세요.,2
공시생인데 연애 해도 될까?,공부랑 연애랑 둘 다 잘하고 싶은 욕심쟁이네요.,2
공휴일에 데이트하자고 해봐야지,지금 연락해보세요.,2
과묵한 타입인건가?,그게 매력포인트가 되기도 하죠.,2
과함 설렘 후에 지금은 안 설레,처음에 몰아서 설렜나봐요.,2
과함 설렘 후에 지금은 안 설레,초반에 너무 설렜나봐요.,2
관심을 받는다는거.,참 좋죠.,2
관심있는 여자애한테 의미있는 선물을 주고 싶은데 뭘 주면 좋아할까요?,필요한 게 뭔지 살펴보세요.,2
괜찮아 사랑이야,사랑이 모두 정답이 될수는 없어요.,2
괜찮은 사람 발견함. 여친 있는지 물어봐도 됨?,당장 물어보세요.,2
괜찮은 사람인지 어떻게 알 수 있을까?,충분한 대화를 나눠보는게 좋아요.,2
괜히 화가 나서 짝남한테 연락 끊자고 했어.,상처를 받지 않기 위한 선택이었을 거예요.,2
교양 듣는데 심남 있음. 썸 타고 싶다.,호감을 어느 정도 표현해보는 것도 좋을 것 같아요.,2
교양 듣는데 어떤 남자가 자꾸 쳐다 봐. 관심 있는 걸까?,호감이 있을 수도 있어요. 그렇지만 조금 더 상황을 지켜보세요.,2
교양 듣는데 어떤 여자가 자꾸 쳐다봄. 썸 각?,호감이 있을 수도 있어요. 그렇지만 조금 더 상황을 지켜보세요.,2
교회 오빠한테 눈이 가,성경 공부는 안하고 연애 공부하나봅니다.,2
교회에 좋아하는 여자애가 생겼어.,일요일이 기다려지겠네요.,2
교회에 좋아하는 오빠가 생겼어.,일요일이 기다려지겠네요.,2
구남친하고 헤어진지 얼마 안됐는데 다른 사람을 좋아하게 됐어.,사람은 사람으로 잊는 거예요.,2
구속을 너무 많이 해,그만큼 관심있고 열정적으로 사랑하나봐요.,2
구썸남 보고싶어.,썸으로 끝날 사이가 아니었네요.,2
구썸남 인스타에 좋아요 누름.,좋아요 정도는 괜찮을 거예요.,2
구썸남한테 연락하고 싶다.,후회하지 않는다면 연락해보세요.,2
구여친이랑 헤어진지 꽤 됐는데 좋아하는 사람이 없음.,조급하게 생각하지 않아도 된답니다.,2
구짝남한테 카톡했는데 읽씹해서 미련 없이 차단했어요.,그러는 편이 나을 거예요.,2
군대 때문에 헤어져야하는게 고민임.,현실적인 고민이네요.,2
군대가기 전인데 썸녀한테 고백해도 될까,상대방이 부담을 느낄지 생각해보세요.,2
군대를 기다리는게 너무 힘들어,군대 기다리는 건 큰 인내심이 필요하죠.,2
군인 남친 보고 싶어,조금만 참고 기다려보세요.,2
군인인데 여자친구 보고 싶어,조금만 참고 기다려보세요.,2
권태기 어떻게 해결해야할까.,연애 초기 데이트를 해보면서 극복해보세요.,2
권태기가 찾아온 이유?,편안하고 익숙해져서 그런 것 같네요.,2
귀찮으면 썸 끝인가,감정이 식었을 수도 있겠어요.,2
그 남자를 좋아해도 되는지 고민이야.,좋아하면 안되는 상황인가봐요.,2
그 사람 때문에 하루에도 몇 번씩 기분이 오르락 내리락 해.,그게 사랑의 증거가 되겠네요.,2
그 사람 생각에 잠이 안 와.,복잡한 마음이 가득한가봐요.,2
그 사람 이상형 알고 싶어,주변 사람들한테 물어보는 것도 좋을 것 같아요.,2
그 사람과 내 맘이 같을까?,같길 바라야죠.,2
그 사람은 나한테 관심이 없는걸까?,당사자만이 알 수 있어요.,2
그 사람이 나를 좋아하는 줄 알았는데.,아니어서 힘드나봐요.,2
그 사람이 나를 찾았으면 좋겠어,필요한 사람이 될 수 있을 거예요.,2
그 사람이 날 좋아하는 이유가 뭘까.,그 자체죠.,2
그 사람이 뭐하는지 궁금해.,뭐하냐고 물어봐봐요.,2
그 사람이 저를 그만 좋아하게 하는 방법 있을까요?,확실한 의사 표현을 하는게 좋겠네요.,2
그 애 앞에서 말을 잘 못하겠어,좀 더 편하게 대해도 좋을 것 같아요.,2
그 애도 내 생각을 할까?,연락해 보는게 좋을 거예요.,2
그 여자를 좋아해도 되는지 고민이 됩니다.,좋아해선 안되는 사람인가봐요.,2
그가 내 연락을 부담스러워하진 않을까.,덜 부담스럽게 연락하는 방법이 있는지 모르겠네요.,2
그게 잘 안되네.,마음이 쉽지 않죠.,2
그냥 결혼이나 할까?,도피성 결혼은 하지 않길 바라요.,2
그녀가 내 연락을 부담스러워할까?,덜 부담스럽게 연락하는 방법이 있는지 모르겠네요.,2
그녀가 지금 내 눈앞에 있습니다.,저랑 이야기할 때가 아니네요.,2
그녀는 나를 어떻게 생각할까?,아직은 잘 모르겠어요.,2
그녀는 내 마음을 알까?,표현하지 않으면 몰라요.,2
그녀는 내가 좋아하는 것을 이용하는 거야?,그렇다면 정말 나쁜 사람이네요.,2
그녀는 내가 좋아하는 이 상황을 즐기는 것 같아.,나쁜 사람일지도 모르겠네요.,2
그녀는 조금이라도 내 생각을 할까?,제가 생각해드릴게요.,2
그녀는 지금 무슨 생각을 할까?,직접 물어보는 게 좋겠어요.,2
그녀는 지금 뭐하고 있을까?,궁금하면 용기내서 연락해보세요.,2
그녀도 나를 좋아하는 줄 알았는데 아닌가봐.,가끔 헷갈리게 하는 사람이 있어요.,2
그녀도 나를 좋아했으면 좋겠는데.,그럼 더할 나위 없겠지요.,2
그녀도 내 생각을 할까?,연락해 보는게 좋겠어요.,2
그녀를 다시 찾았습니다,다행이네요.,2
그녀를 생각할 수록 내가 비참해져.,잘 이뤄지지 않았나봐요.,2
그녀와 같은 조가 하고 싶어.,먼저 다가가보세요.,2
그녀의 환심을 살 수 있는 방법이 뭐가 있을까?,그녀가 좋아하는게 뭔지 찾아봐요.,2
그는 나를 어떻게 생각할까?,글쎄요.,2
그는 내 마음을 알까?,표현하지 않으면 몰라요.,2
그는 내가 좋아하는 마음을 이용하는 걸까?,그렇다면 정말 나쁜 사람이네요.,2
그는 내가 좋아하는 이 상황을 즐기는 것 같아.,나쁜 사람일지도 모르겠네요.,2
그는 조금이라도 내 생각을 할까?,제가 생각해드릴게요.,2
그는 지금 무슨 생각을 할까?,연락을 해보세요.,2
그는 지금 뭐하고 있을까.,궁금하면 용기내서 연락해보세요.,2
그도 나를 좋아하는 줄 알았는데 아니었어.,가끔 헷갈리게 하는 사람이 있어요.,2
그도 나를 좋아했으면 좋겠다.,타이밍이 맞았으면 좋겠네요.,2
그를 생각하면 할수록 내가 비참해.,상황이 원하지 않는 방향으로 흘렀나봐요.,2
그를 좋아하면 내가 비참해지는거 아는데도 포기가 안돼.,비참한 사랑이라면 늦기 전에 정리하는게 좋아요.,2
그리울수록 아파,더 아프기 전에 찾아가보세요.,2
그사람 이상형 궁금해,주변 사람에게 물어보거나 직접 물어보세요.,2
그와 같은 조가 되고 싶은데 먼저 말해볼까?,먼저 다가가보세요.,2
그의 환심을 살 수 있을까?,노력하는 데에 따라 다르겠죠.,2
그저 그런 연애,그게 제일 힘들어요.,2
근황이 궁금해,연락해보세요.,2
급 내 짝남 생각나는 일화가.,말씀 해보세요.,2
기념일에 선물 어느정도로 해줘?,지갑이 열릴 수 있는 만큼요.,2
기념일은 언제언제 챙겨?,내키는대로요.,2
기다리는 것도 행복해,네가 오후 네시에 온다면 나는 세시부터 행복해질 거야-어린왕자,2
기다림 속에 갇혀 있어,그 속에서 나오세요.,2
기댈 수 있는 남자 만나고 싶어,서로 기댈 수 있었으면 더 좋을 것 같아요.,2
기댈 수 있는 사람이 이상형이야,서로 기댈 수 있었으면 더 좋을 것 같아요.,2
긴 머리가 잘 어울렸던 그녀,못 잊고 있나봐요.,2
길에서 첫사랑 만났어,세상 참 좁네요.,2
꼬시는 방법,그 사람이 좋아하는 걸 알아보세요.,2
꿈에 나온 여자를 어떻게 찾을 수 있을까?,서울에서 왕서방 찾기네요.,2
꿈에서 썸 나는 남자애가 자꾸 나와,그분 생각을 많이 했나 봐요. 곧 좋은 소식이 들리려고 하는 것 아닐까요?,2
꿈에서 썸 타는 여자애가 나와,그분 생각을 많이 했나 봐요. 곧 좋은 소식이 들리려고 하는 것 아닐까요?,2
꿈에서 자꾸 어떤 남자애가 나와,자기도 모르는 사이에 관심이 생긴 건 아닐까요? 차분히 생각해 보세요.,2
꿈에서 자꾸 어떤 여자애가 나와,자기도 모르는 사이에 관심이 생긴 건 아닐까요? 차분히 생각해 보세요.,2
끝이 보이는 사랑해도 될까?,끝이 바뀔 순 없는 건가봅니다.,2
끼 부리는 사람 어때?,나한테만 부리면 좋아요.,2
나 같이 서로 좋아하는 거 확인하고 사귄 사람 있나.,있지요.,2
나 같이 향기로 좋아하게 되는 사람도 있나?,후각이 예민한 사람은 그런 경우가 많다고 해요.,2
나 그대로를 사랑해줄 사람 있나,분명히 있을 거예요.,2
나 기억했으면 좋겠다,기억할 거예요.,2
나 둘다 좋아하는 것 같애,마음의 방이 두 개 있나봐요.,2
나 또 짝남을 2년동안 좋아하는 건가.,오래 마음을 주는 타입인가봐요.,2
나 뚱뚱한데 좋아하는 남자에게 연락해도 될까?,연락해도 상관없지만 자신을 비하하지는 마세요.,2
나 맨날 놀리는 애가 있는데 나 좋아하는건가?,좋아하고 있을지도 모르겠네요.,2
나 보고 잘 웃는 여자애 나 좋아하는 건가?,직접 알아보는 것이 좋아요.,2
나 부담스러워하면 어쩌지?,좀 더 편안하게 대해보세요.,2
나 사랑에 빠졌죠,행복해보여요.,2
나 사랑하긴 했니?,사랑은 변하는 거예요.,2
나 사랑하는 사람 생겼어,축하해요. 예쁜 사랑하길 바라요.,2
나 사랑할 자격 없는 사람이야,사랑에는 조건이 필요없어요.,2
나 사랑할 준비 됐나?,된 것 같네요.,2
나 사랑해서 만나는 거겠지?,사랑하는지 물어보세요.,2
나 상사병 걸렸나봐,그 사람을 많이 좋아했나봐요.,2
나 설레는데 혹시 썸?,혼자 설레면 짝사랑 같이 설레면 썸입니다.,2
나 쉬운 남자 아니야,서로 존중하는 마음이 중요할 거예요.,2
나 쉬운 사람이라고 생각하면 어쩌지?,그렇게 생각하는 사람 만나지 마세요.,2
나 쉬운 여자 아니야,쉽고 어려운 건 상관 없어요.,2
나 쉽게 보나,나를 무시하지 않고 존중하는지 살펴보세요.,2
나 썸타는 것 같은데 설레발인 부분?,고민 하고 있으면 썸의 가능성이 높겠네요.,2
나 얘를 좋아하는 걸까?,있었던 일을 차분히 생각해봐요.,2
나 어장인듯,어장의 고기어도 좋을지 어장을 나가는 게 좋을지 생각해보세요.,2
나 연락하지 말라고 단호하게 해줘.,절대 연락하지 마세요.,2
나 오늘 심쿵함,오늘 잠 못 이루겠네요.,2
나 왜 사랑할까?,사랑에는 구구절절한 이유가 필요 없어요.,2
나 왜 사랑해?,당신이니까요.,2
나 왜 이렇게 화냈었지?,돌아보면 다그치지 않고 화내지 않아도 될 일이었을 거예요.,2
나 왜 좋아할까?,당신은 당신이란 이유로 이미 그럴 자격이 있어요.,2
나 윗집 남자애 좋아하는 것 같애.,가깝게 살아서 더 좋겠네요.,2
나 자꾸 놀리는 애가 있는데 나 좋아하는건가.,당신에게만 그런다면 좋아할 확률이 있습니다.,2
나 자체를 사랑해줄 사람이 있을까,잘 찾아보세요.,2
나 좀 봐줬으면 좋겠어,사랑을 구걸하지 마세요.,2
나 좀 사랑해줘,사랑합니다!,2
나 좋아하는 남자애 없나봄. 넘 외로워.,좋아하는 사람이 생길 거예요.,2
나 좋아하는 애 떼어내는 방법 좀 알려줘.,미안하지만 확실한 표현을 전하는게 좋겠어요.,2
나 좋아하는 애 생겼나봐.,좋은 소식 아닌가요?,2
나 좋아하는 애가 갑자기 연락을 안하는데 숨은 뜻이 있는건가?,짐작하는 것보다 먼저 연락해 보는게 좋겠어요.,2
나 좋아하는 애가 매일 선톡 걸다가 갑자기 톡을 안함.,이제 먼저 선톡을 해보세요.,2
나 좋아하는 여자애가 없는 듯. 나 왜 사냐.,언젠간 당신을 좋아해주는 사람이 생길 거예요.,2
나 좋아하는 여자애한테 답장이 안와.,바쁘거나 마음이 없는걸지도 모르겠어요.,2
나 진심인데,진심이 꼭 전해질 거예요.,2
나 짝남이 외국인인데 어떡해. 미치겠어.,먼저 친해져보세요.,2
나 처음 연애해봐,새로 해보는 게 많겠어요.,2
나 혼자 썸 타는 부분?,직접적이든 간접적이든 의사를 확실히 밝혀보세요.,2
나 혼자만의 썸일까?,직접적이든 간접적이든 의사를 확실히 밝혀보세요.,2
나는 꼼꼼한데 여친은 안 꼼꼼해.,꼼꼼함을 강요하지 말고 이해해주세요.,2
나는 못난거 같은데 인기있는 여자에게 연락해도 될까?,연락해도 상관없지만 자신을 비하하지는 마세요.,2
나는 못났는데 인기있는 남자에게 연락해도될까?,연락해도 상관없지만 자신을 비하하지는 마세요.,2
나는 못생겼는데 좋아하는 여자에게 연락해도 될까?,연락해도 상관없지만 자신을 비하하지는 마세요.,2
나는 받기만 하는 것 같아,고마움을 표시하고 더 많이 주세요.,2
나는 사랑 표현이 어색한데 여자친구는 너무 적극적인 표현을 원해,적극적으로 표현해주는 게 좋겠죠. 어색하지만 연습해보세요.,2
나는 아직 고백 전인데 소문 나서 짝녀가 알게 됐는데 어떻게 함?,그 사실에 사과하고 늦지 않게 고백하는게 좋을 것 같아요.,2
나는 아직 고백안했는데 소문이 나서 짝남이 알게 됐어.,많이 당황했겠어요.,2
나는 왜 사랑하는 사람에게 잔인했던가,돌아보면 다그치지 않고 화내지 않아도 될 일이었을 거예요.,2
나는 좋아하는데 그 사람은 나를 친구로만 생각해.,이성으로 대하고 싶다고 말해보세요.,2
나도 모르게 니 생각을 하고 있어,무의식이 진심을 말하죠.,2
나도 좋아하는 사람이랑 놀러가고 싶어.,용기를 내서 말해보세요.,2
나도 좋아하는 사람이랑 영화 보고 싶다.,먼저 연락해 보는건 어떨까요?,2
나랑 다른 애들 자꾸 엮는 애가 있는데 얘 나한테 관심있나?,그 사람만이 알고 있을 사실이네요.,2
나랑 딱 맞는 사람이 있을까?,맞춰가기도 하죠.,2
나랑 맨날 엮이는 사람이 있는데 좋아졌어.,부딛히는 일이 많아 호감이 생겼나봐요.,2
나랑 사귈래?,저라도 괜찮다면 좋아요.,2
나랑 썸 타는 줄 알았는데 내 동기랑 사귐.,찔러본 건가봐요.,2
나랑 썸 타던 여자애가 내 친구랑 사귄대,뒷통수 맞았네요.,2
나랑 썸타는 애가 영화보재.,좋은 소식이네요.,2
나랑만 연락하면,썸일 가능성이 높겠죠.,2
나를 떠보는 것 같은 짝남.,떠보는 것보다 직구 날려보세요.,2
나를 보는 거 같아,자꾸 시선을 마주쳐보세요.,2
나를 설레게하는사람,좋아하나봐요.,2
나를 왜 좋아하는 걸까?,당신의 매력이 넘쳐날 거예요.,2
나를 정말 사랑하는 걸까?,사랑 받는 자신이 알겠죠.,2
나를 좋아하는 사람도 있을까?,있을 거예요.,2
나를 좋아하는 사람은 아무도 없을거야.,그건 절대 아닐 거예요.,2
나를 좋아하는 사람을 만나는 건 축복일거야.,서로 사랑하는 건 기적이죠.,2
나를 좋아하는 사람이 있는데 철벽치게 돼요.,좋아하지 않는다면 그럴 수 있어요.,2
나를 좋아하는 애랑 친구 가능?,그건 좀 힘들 것 같아요.,2
나를 좋아하는건 바라지도 않아요.,슬픈 말이에요.,2
나를 좋아하는데 숨기는 사람한테 나도 좋아한다고 어떻게 표현해?,솔직하게 먼저 말하는게 좋아요.,2
나를 좋아하지 않는 그 사람이 너무 미워.,충분히 미워하고 천천히 정리하세요.,2
나를 좋아한다는 사람한테 호감이 생길까요?,꾸준히 만나다보면 생길 수 있어요.,2
나를 진심으로 좋아해주는 사람이 생겼으면 소원이 없겠어.,언젠간 인연이 닿을 거예요.,2
나를 진심으로 좋아해주는 사람이랑 만날 걸.,어떤 선택이든 후회가 남기 마련이지요.,2
나를 친구로서 좋아하는 걸까?,아직 확신하긴 일러요.,2
나만 너무 좋아하는거 같애,더 표현해 달라고 말해보세요.,2
나만 안되는 연애,당신의 인연이 있을거예요.,2
나만 왜 이렇게 사랑이 힘들까,서로 다른 두 사람이 만나는 거라 더 힘든 것 같아요.,2
나만 좋아하는 건가 자괴감 들어.,상대방 마음을 좀 떠봐서 확인해보세요.,2
나만 좋아하는 것 같아 자존감 떨어져.,더 좋아하게 만들면 돼요.,2
나보다 2살 어린 남자를 좋아하는게 비정상이야?,요즘 그 정도 나이 차이는 동갑 수준이에요.,2
나보다 친구들을 더 좋아하는 남친.,사귀다 보면 생각보다 신경 쓰이는 일이에요.,2
나보다 친구들을 더 좋아하는 여친.,사귀다 보면 생각보다 신겨 쓰이는 일이에요.,2
나쁜 사람인 걸 아는데도 좋아하는 마음이 사라지지 않아.,나쁜 사람일수록 끌리기도 하죠.,2
나에 대한 관심이 줄어든 거 같아,연인 사이로 발전할 수 있었던 계기를 살펴보면 서로에 대한 관심이 있었기 때문이라는 걸 잊지 마세요.,2
나에게만 집중했으면 좋겠어,사랑은 강요하는게 아니에요.,2
나이 먹고 짝사랑하는 내가 한심해.,사랑에는 나이가 상관 없어요.,2
나이 차이 많이 나는 남자 어때?,사랑에 나이는 중요하지 않아요.,2
나이 차이 많이 나는 여자 어때?,사랑에 나이는 중요하지 않아요.,2
나이 차이 많이 나는 짝녀에게 고백해도될까?,나이는 문제가 되지 않아요.,2
나이가 많이 차이 나는 연애 어떻게 생각해?,연애에 나이가 대수인가요.,2
나이가 어린데 연애를 해도 될까?,사랑에 나이는 중요하지 않아요.,2
나이들수록 좋아하는게 두려워져요.,겁이 많아지니까요.,2
나이를 먹을수록 새로운 사람 만나는게 두려워.,두려워도 도전한 만큼 좋은 결과 있을 거예요.,2
나이트갔는데 이상형 만났어,축하해요.,2
나한테 관심 없는 거 아는데도 포기가 안돼.,끝을 아는 것도 중요합니다.,2
나한테 관심 있는게 맞을까?,직접적이든 간접적이든 의사를 확실히 밝혀보세요.,2
나한테 관심이 없는 것 같은데 왜 끈을 놓지 못할까?,그만큼 사랑했던 시간이 있으니까요.,2
나한테 너무 잘해줘서 이래도 되나 싶어,존재 자체로 큰 힘이 되어주고 있나봅니다.,2
나한테 뒷모습만 보여줬어,이제 앞모습을 볼 차례네요.,2
나한테 마음 떠난 사람이랑 계속 사귀기?,사랑 받으면서 사세요.,2
나한테 목적 가지고 접근한 거 같아,상처 받으셨겠어요.,2
나한테 배려해줘서 나도 해주고 싶어,보는 만큼 알게 되고 아는 만큼 좋아할 수 있고 좋아하는 만큼 배려해줄 수 있을 거예요.,2
나한테 잘해주는데 썸일까?,호감이 있을 수도 있어요. 그렇지만 조금 더 상황을 지켜보세요.,2
나한테 질리면 어쩌지 걱정돼,당신의 겉모습이 아닌 진정한 내면의 모습을 보여주세요.,2
나한테도 관심 있어 보이는데 연락해볼까?,먼저 연락해보세요.,2
나한테만 잘해주는 걸까?,주변 사람들한테 물어보는 것도 좋을 것 같아요.,2
나혼자 설레는게 한심해.,설레는 감정을 느끼는 당신이 부러워요.,2
나혼자 설레발 치는게 짜증나.,짝사랑이 그런가봐요.,2
나혼자 짝사랑하는게 점점 현타 와.,짝사랑이 힘들게 하나봐요.,2
난 금사빠라서 오랫동안 좋아하는 사람 보면 신기해.,대단한 일이지요.,2
난 남자인데 남자가 좋아.,동성애를 존중합니다.,2
난 여자인데 남자를 좋아하는게 맞는지 모르겠어.,헷갈릴 때가 있죠.,2
날 사랑하는 이유가 뭘까?,당신 존재 자체만으로 이유가 됩니다.,2
날 좋아하는 사람을 어떻게 하면 저를 좋아하게 만들까요?,그 사람이 좋아하는 것들을 알아보세요.,2
날 좋아하는 여자애가.,다른 사람을 좋아하게 되었나요.,2
날 좋아하던 남자애가 고백이 없는데 맘 접은걸까?,속 마음은 알기 힘들지요.,2
날 좋아하던 여자애가 반응이 없어.,마음을 접은 걸까봐 두려운가요.,2
날 좋아한다는 남자애가 행동이 이상해.,애매하게 행동하나봐요.,2
남녀 학벌차이 많이나면 좀 그런가,학벌 생각보다 별 거 아니에요.,2
남녀간의 소통의 중요성을 다시 한번 깨달았습니다.,서로 공감할 수 있는 이야기가 필요하죠,2
남사친 좋아하는 내가 잘못이지.,잘못은 아니에요.,2
남사친이 나를 좋아하는 것 같은데 어떡함,이성으로 한 번 생각해보세요.,2
남사친이 남자로 느껴질때 있어?,이성이니까 당연히 있죠.,2
남사친이 많은 썸녀,저는 별로요.,2
남사친이 좋아졌어.,자연스러운 감정이에요.,2
남사친이 좋아졌으면 어떡해?,좋아진 이상 이성으로 다가가야죠.,2
남사친이라 쓰고 짝남이라 읽는다.,슬픈 이야기네요.,2
남사친이랑 사귀는 거 가능?,가능해요.,2
남사친이랑 잘 맞아서 카톡이 끊어지지 않는데 이거 그린라이트일까?,편한 친구일 수도 있으니 좀 더 지켜보세요.,2
남사친인데 요즘 관심 가.,친구랑 썸의 중간인 거 같아요.,2
남자가 더 사랑해서 결혼하면 잘 사나요?,잘 살 사람들이면 뭘 하든 잘 살아요.,2
남자가 더 사랑해서 한 결혼,누가 더 사랑하는지는 상관 없어요.,2
남자가 돈을 더 써야하는게 일반적이야?,상황에 따라 다르죠.,2
남자가 먼저 고백해야 해?,고백에 성별은 없어죠.,2
남자가 여자를 좋아하는데 약속을 까먹을 수 있나요?,정말 바빴던게 아니라면 까먹지는 않을 거예요.,2
남자가 여자를 좋아할때 하는 행동이 뭐가 있나요?,연락을 자주 하거나 잘 웃거나 등 다양한 행동에서 나타납니다.,2
남자가 좋아하는 음식이 뭐야?,사람 마다 다릅니다.,2
남자는 먼저 고백하면 관심 사라짐?,이 무슨 이상한 소리죠.,2
남자는 정말 사랑없는 성관계 가능해?,남자든 여자든 다 가능하다고 봅니다.,2
남자는 좋아하는 여자랑 눈 마주치면 어떻게 해?,당황해서 제대로 눈을 못 볼 것 같아요.,2
남자는 좋아하는 여자랑 약속 안 까먹겠죠?,누구든 그럴 거예요.,2
남자는 첫사랑 못 잊어?,여자도 첫사랑 못 잊어요.,2
남자는 호감 없으면 연락 안해?,귀찮으면 연락 안하죠.,2
남자들 직장 내에서 좋아하는 여자 있으면 어떻게 해?,관심을 표현할 거예요.,2
남자들 진심으로 좋아하는데도 이렇게 행동할 수 있나요?,어떤 행동이냐에 따라 달라져요.,2
남자들은 관심 없으면 보통 연락 먼저 안해?,보통 그렇죠.,2
남자들은 몇 년씩 혼자 짝사랑 할 수도 있어?,계속 엄청 좋아하는 게 아니라 좋아했는데 시간이 흐른 거죠.,2
남자들은 여자가 본인 좋아하는거 눈치 못 채나?,다 알고 있을 거예요.,2
남자들은 여자가 자기 좋아하는 거 알게 되면 어떻게 해? 싫지 않다면 받아줘?,그분도 좋아한다면 받아줄 거예요.,2
남자들은 이쁜 여자만 좋아할까요?,사람 취향 차이입니다.,2
남자들은 좋아하는 사람한테만 잘해주고 그래요?,사람 마다 다르겠지만 좋아하는 사람한테 더 잘할 거예요.,2
남자들은 좋아하는 여자가 자기보다 능력이 좋은 경우에 아무리 좋아해도 마음 접고 포기하나요?,절대 능력만 중요하지 않아요.,2
남자들은 좋아하는 여자한테 이럴 수 있어?,어떤 행동이냐에 따라 다르겠지요.,2
남자들은 좋아하면 무조건 답장이 빠른가요?,답할 수 있는 상황이면 빠르죠.,2
남자들이 싫어하는 여자들 특징은 뭘까요.,솔직하지 않을 때를 고를 수도 있겠어요.,2
남자들이 좋아하는 여자들 특징은 뭐야?,사람마다 너무 다를 것 같아요.,2
남자랑 단둘이 술마시는 여자친구를 이해해줘야할까?,이해하기 어려울 거 같아요.,2
남자에게 첫사랑이란?,처음한 사랑,2
남자친구 만나고 왔어,즐거운 데이트였길 바랍니다.,2
남자친구 만들고 싶어,남자친구가 있을 만한 곳으로 가보세요.,2
남자친구 말고 다른 남자도 궁금해.,후회 안 할 자신 있나요.,2
남자친구 부모님 만났는데 진짜 좋았어,좋은 분끼리 만났나봐요.,2
남자친구 소개시키는 자리 내가 더 떨려,남자친구는 더 떨고 있을 거예요.,2
남자친구 스타일이 마음에 안들어.,선물해주면서 조금씩 변화시켜봐요.,2
남자친구 영장 나왔대,갑작스럽겠네요.,2
남자친구 오지랖 너무 많아,좋은 오지랖이었으면 좋겠네요.,2
남자친구 이성친구가 많아,사귈 때는 덜 만나라고 말해봐요.,2
남자친구 자취 선물로 뭐가 좋을까?,직접 물어보는 게 편할 거 같아요.,2
남자친구 카톡 말투가 마음에 안 들어.,마음에 안 드는 부분을 직접 말해보세요.,2
남자친구 코 완전 높아,멋진 사람이랑 사귀어서 좋겠네요.,2
남자친구 폰 봐도 되나,궁금하다고 보고 싶다고 먼저 말해보는 게 좋을 거 같아요.,2
남자친구가 sns에 나 안 올려.,개인 성향 차이인 것 같아요.,2
남자친구가 갑자기 군대간대,갑작스럽겠네요.,2
남자친구가 게임을 너무하는게 고민이야.,같이 게임을 해보세요.,2
남자친구가 기념일을 잘 잊어.,특별한 알람을 맞춰주세요.,2
남자친구가 나 사랑할까?,사랑하니까 만나겠죠.,2
남자친구가 나를 너무 애 취급하는거 같음.,당신이 너무 귀여운가봐요.,2
남자친구가 나를 더 좋아하게 할 수 있는 방법,당신이 더 사랑을 표현해보세요.,2
남자친구가 나를 떠날까봐 고민이야.,괜한 걱정하지 마요.,2
남자친구가 나쁜 의도는 아닌데 표현이 너무 서툴러.,더 좋은 표현들로 천천히 고쳐나가봐요.,2
남자친구가 나한테 너무 집착해,믿음을 주세요.,2
남자친구가 날 예뻐해주는 게 느껴져,달달함이 여기까지 느껴져요.,2
남자친구가 내 편을 안 들어 주고 조언만 해줘,아예 처음에 말할 때부터 조언이 아니라 귀 기울여주고 맞장구쳐 달라고 해보세요.,2
남자친구가 너무 객관적이야.,좀 더 내 편이 되어달라고 해보세요.,2
남자친구가 너무 국밥류만 좋아해.,다양하게 먹자고 해보세요.,2
남자친구가 너무 귀찮아해.,사랑이 식은 건 아닌지 확인해보세요.,2
남자친구가 너무 똑똑해,똑똑한 남자친구를 둬서 좋겠네요.,2
남자친구가 너무 바쁘다면 헤어지는게 맞는걸까?,외로운 상태인가봐요.,2
남자친구가 너무 소심해,직설적으로 통보하는 말보다는 조금 더 부드럽게 권유하고 물어보는 말을 해보세요.,2
남자친구가 너무 잘해줘,서로 더 많이 아껴주세요.,2
남자친구가 너무 조급해.,좀 더 여유를 가질 수 있게 응원해주세요.,2
남자친구가 너무 좋아,꿀 떨어지는 소리가 여기까지 들리내요.,2
남자친구가 누나가 두명이라 그래서 결혼 걱정돼,결혼은 현실이에요.,2
남자친구가 다른 여자들에게 인기가 많아.,인기 많은 남자친구가 있어 든든할 거 같아요.,2
담배피는게 싫어.,금연 클리닉에 함께 가보세요.,2
남자친구가 데려다 준대,매너 있네요.,2
남자친구가 데이트 통장을 제안하는데 어떻게 생각해?,합리적인 소비가 가능할 거 같아요.,2
남자친구가 돈이 너무 없어.,정말 현실적인 문제네요.,2
남자친구가 되어줘.,네 많은 이야기를 나눠봐요.,2
남자친구가 마중 나온대,매너 있네요.,2
남자친구가 많이 먹어서 무한리필만 가,다른 데이트를 제안해보세요.,2
남자친구가 말을 예쁘게 해,말도 예쁘게 하는 사람이네요.,2
남자친구가 먹을 거에 집착해,사람은 모두 집착하는 포인트가 달라요.,2
남자친구가 뭔가 수상한데 말을 안해,말할 때까지 조금 기다려주세요.,2
남자친구가 변해가는거 같아.,변하는 걸 보는 게 힘들겠어요.,2
남자친구가 비꽈,성격이 꼬였는지 말투가 꼬였는지 살펴보세요.,2
남자친구가 비혼주의래,고민이 많이 되겠네요.,2
남자친구가 사랑스럽게 쳐다봄!,말하지 않아도 눈빛은 수많은 말들을 담고 있죠.,2
남자친구가 살이 너무 쪘어,같이 식단조절을 해봐요.,2
남자친구가 센 척해,귀엽게 봐주세요.,2
남자친구가 술만 마시면 연락이 안돼.,연락 안되면 걱정된다고 꼭 중간중간 연락 달라고 해보세요.,2
남자친구가 술먹으면 개가 돼,주사는 답이 없어요.,2
남자친구가 술자리를 너무 좋아해.,함께 즐겨보세요.,2
남자친구가 술주정 부려,포기하거나 이해하거나 둘 중 하나예요.,2
남자친구가 을 너무 좋아해,원치 않으면 싫다고 말하세요.,2
남자친구가 연락 안 하고 외박했어,당신이 생각하는 그런일은 없을거예요.,2
남자친구가 연락이 너무 늦어.,바쁜 걸 이해해보세요.,2
남자친구가 연락이 없어,먼저 연락을 해보세요.,2
남자친구가 연애하는데 가끔씩 막말을 해.,막말은 진짜 아니네요.,2
남자친구가 외아들 홀시어머니라 결혼 고민이야,결혼은 현실이에요.,2
남자친구가 유학 간대,기다릴 수 있을지 자신에게 물어보세요.,2
남자친구가 있는데 다른 사람을 좋아하는 것 같애.,마음이 어디를 향하고 있는지 제대로 살펴보세요.,2
남자친구가 자존심이 너무 쎄,사랑한다면 자존심을 굽힐 줄도 알아야 겠죠.,2
남자친구가 작은 일을 다 잊어버려,작은 일은 사소한 걸로 생각해버려서 금방 잊어버리나 봅니다. 중요한 일이라는 것을 인지시켜주세요.,2
남자친구가 잘못을 해도 다 공감해주는게 옳은걸까?,공감을 해주면서 잘못을 고치도록 유도해보세요.,2
남자친구가 잘생겨서 인기가 거의 아이돌급이야,멋진 사람이랑 사귀어서 좋겠네요.,2
남자친구가 적극적이지가 않아.,적극적으로 리드해보세요.,2
남자친구가 전역하더니 변한 거 같아,상황이 생각을 바뀌게 하기도 합니다.,2
남자친구가 좋은데 눈치가 없어.,눈치는 선천적인 거예요.,2
남자친구가 좋은데 신뢰가 안 생겨.,시간이 좀 더 필요할 것 같아요.,2
남자친구가 준 생일선물이 너무 맘에 안 들어.,안 준 것보다 낫죠.,2
남자친구가 진짜 잘 챙겨줘,당신도 잘 챙겨주세요.,2
남자친구가 질투를 안해,보살인가봅니다.,2
남자친구가 질투하는 거 귀여워,은근 기분이 좋죠.,2
남자친구가 집안일을 너무 안해. 나만 하는게 고민이야.,집안일을 하나씩 분담해보세요.,2
남자친구가 집청소를 너무 안해.,같이 안해보세요.,2
남자친구가 짠돌이라서 돈 쓸 때 엄청 아까워해,성향이 다른가봅니다.,2
남자친구가 첫사랑이야,마지막 사랑이 되길 바랍니다.,2
남자친구가 충고만 해서 상처받아,아예 처음에 말할 때부터 조언이 아니라 귀 기울여주고 맞장구쳐 달라고 해보세요.,2
남자친구가 친구들이랑 여행을 가는데 여자도 있으면 어떡해?,같이 갈 수 있으면 같이 가요.,2
남자친구가 카톡 답장이 너무 느려.,자주 보라고 말해보세요.,2
남자친구가 클럽을 간다면 어떻게해?,같이 가보세요.,2
남자친구가 키가 좀 작아,키가 중요한 게 아니잖아요.,2
남자친구가 표현을 하게하고싶은데 방법을 잘 모르겠어.,작은 표현에 감동받았다고 해봐요.,2
남자친구가 표현이 너무 없어. 너무 무뚝뚝해.,표현 안 하면 하나도 모르겠다고 해보세요.,2
남자친구가 힘들어 해,진심으로 격려하고 함께 있어 주세요.,2
남자친구랑 너무 좋은데 점 본거에서는 만나지말라해.,점보다 앞에 있는 사람을 믿어보세요.,2
남자친구랑 말이 안 통해,답답하겠네요.,2
남자친구랑 말이 안 통해,서로 공통 관심사를 찾아보세요.,2
남자친구랑 멀리 떨어져야할 거 같은데 어쩌지?,멀리 떨어진다고 큰일 나는 건 아닌 것 같기도 해요.,2
남자친구랑 스킨십하고 싶어,대화를 하면서 속도를 맞춰보세요.,2
남자친구랑 왜 맨날 싸울까?,"따로 살아온 삶과 습관, 성향이 다르기 때문일 거예요.",2
남자친구랑 카페가면 무슨 얘기하지?,못 만났을 때 있었던 이야기를 하죠.,2
남자친구를 믿는데 가끔 의심이 가.,믿음이 흔들리고 있네요.,2
남자친구를 질리게하는 행동들이 뭐가 있어?,구속과 집착이겠죠.,2
남자친구앨범속에 지우지못한 전 여자친구 사진 이해해야할까?,까먹고 안 지웠을 수도 있어요.,2
남자친구에게 고민이나 속사정을 어디까지 얘기해?,믿음의 정도에 따라 다른 거 같아요.,2
남자친구에게 시계 선물해주고싶은데 어느 브랜드가 좋을까?,나이대에 따라 추천 브랜드가 다를 거 같아요.,2
남자친구에게 적극적으로 표현할까 아니면 도도하게 하는게 좋을까?,왔다갔다 밀당해보세요.,2
남자친구에게 힘들때 어떻게해?,의지하는 편이에요.,2
남자친구와 동거 해도되는걸까?,사랑한다면 선택할 수 있겠죠.,2
남자친구와 방구 언제 텄는지?,생리현상은 늦게 트는 게 좋죠.,2
남자친구와 여사친이 너무 친해,사귀면 좀 덜 만나는 게 예의일 텐데요.,2
남자친구와 여행 어디로 가?,안 가본 가까운 곳이 좋겠죠.,2
남자친구와 진도가 보통 어때?,사람마다 다르겠죠.,2
남자친구와 첫키스는 언제했어?,뭐 이런 걸 물어보시나요.,2
남자친구와 카페가면 뭐해?,수다떨고 영화보고 책보기 등등 다양하게 할 수 있어요.,2
남자친구와 호칭을 뭘 쓰는지.,딱 생각나는 걸로 하세요.,2
남자친구의 감정기복이 너무 심해.,피해를 줄 때는 피하세요.,2
남자친구의 과거 어디까지 이해해?,아예 알려고 하지 않는 게 편한 거 같아요.,2
남자친구의 과거의 동거를 이해해줄 수 있어?,이해하기 어려울 거 같아요.,2
남자친구의 성적 취향을 이해못하겠어.,대화를 해보세요.,2
남자친구의 스킨쉽이 너무 부담돼.,좀 더 편하게 생각해보세요.,2
남자친구의 유머코드가 너무 안 맞아.,맞는 사람을 만나 보세요.,2
남자친구의 입냄새가 고민이야.,가글 사줘요.,2
남자친구의 전여자친구가 너무 이뻐서 비교돼.,전여자친구 생각하지 마세요.,2
남자친구의 틀리는 맞춤법이 거슬려.,지적하지 말고 맞는 걸로 계속 이야기해주세요.,2
남자친구의 학력이 너무 높아서 내가 부족해 보임,주눅들지 마세요.,2
남자친구의 혼전순결이 고민이야.,결혼합시다.,2
남자친구하고 커플티를 하고싶은데 어디거를 할까?,좋아하는 브랜드가 좋겠어요.,2
남자친구한테 서운해,수천번 생각해도 이건 아니라고 생각이 되면 서운하다고 이야기하세요.,2
남자친구한테 아무리 말해도 자기 말만해,대화를 할 수 없겠네요. 부드럽게 요구해보세요.,2
남자친구한테 안 설레,큰일이네요.,2
남자친구한테 정 떨어진 거 같아,사랑하는 이유를 생각해보세요.,2
남자친구한테 핸드폰 공개해?,공개해요.,2
남자한테 언제 설레?,그런 경우가 많겠지만 흘리는 말을 한 걸 안 잊고 기억해줄 때요.,2
남잔데 남자 좋아해,성적자기결정권이있죠.,2
남잔데 남자를 사랑하는 거 같아,사랑하는 방법은 다양하다고 생각해요.,2
남친 멀어진 것 같아,나를 사랑하지 않는 사람하고 계속 가는 건 나 자신을 사랑하지 않는 사람들이나 하는 일이에요.,2
남친 생겼는데 호칭 어떻게 해?,딱 보면 떠오르는 걸로 해보세요.,2
남친 연상인데 오빠라고 불러야 해?,호칭은 마음대로 골라보세요.,2
남친 요구가 점점 심해지는 듯,모두 맞춰줄 필요는 없어요.,2
남친 있는 짝녀가 친절한데 무슨 의미일까요?,직접 의중을 확인하는 것도 방법이에요.,2
남친 있는데 다른 사람이 자꾸 눈에 들어와.,상대방을 헷갈리게 하는건 좋지 않아요.,2
남친 투정이 심해,대화를 통해 적절한 합의점을 찾아보세요.,2
남친과 살아온 환경이 너무 달라,서로 인정하고 배려해주세요.,2
남친에 대한 불신이 자꾸 들어,믿지 못할 행동을 많이 했나봐요.,2
남친이 나를 안 좋아하는 것 같은데 내가 붙잡고 있는 것 같아.,충분한 대화가 필요하겠어요.,2
남친이 나를 좋아하는게 맞겠지?,그렇게 생각하는게 도움이 될 때가 있지요.,2
남친이 나보다 눈물이 더 많아,감수성이 풍부한 사람이군요.,2
남친이 내 사진 프사로 안해.,각자의 프라이버시니까 이해해주세요.,2
남친이 내 친구랑 연락하는 것 같애,슬쩍 떠서 확인해봐요.,2
남친이 데이트 시간을 자꾸 늦어.,잠이 많은 남자친구를 이해해주세요.,2
남친이 사진 잘 찍었으면,계속 알려주세요.,2
남친이 안 좋은 사이트를 하는거같아.,빠질까봐 걱정된다고 말해보세요.,2
남친이 워커홀릭이야,일에 질투가 나겠어요.,2
남친이랑 대화가 잘 돼서 좋아,말 통하는 게 중요하죠.,2
남친이랑 뭐하고 놀지,얼굴 보고만 있어도 좋죠.,2
남편복 있다는 의미가 뭐야?,남편 때문에 행복하다는 거 같아요.,2
남편은 진짜 남의 편인가?,당신 편으로 만들어보세요.,2
남편을 자꾸 무시하게 돼,타인과 비교하지 말고 장점을 찾아 칭찬해주세요.,2
남편이 게이였어,엄청 놀랐겠네요.,2
남편이 나를 사랑한대,연애하는 느낌이네요.,2
남편이 날 사랑하지 않는 것 같아. 이혼해야할까?,현실적으로 생각해보세요.,2
남편이 날 진심으로 사랑하는 걸까?,남편을 의심하지 마세요.,2
남편이 내 의견 무시해,무시당하는 기분이 들어서 너무 외롭고 상처받게 된다고 차분하고 부드럽게 말해보세요.,2
남편이 자꾸 만져,같이 만져요.,2
남편이 자꾸 만져,질 수 없죠.,2
남편이 축가 불러준대,로맨틱한 남편이네요.,2
남편이 츤데레 스타일이야,귀엽겠네요.,2
남편이 효자인 거 같아,좋게 생각해보세요.,2
남편한테 만족해?,그 중에 낫다 생각하고 사는 거죠.,2
남편한테 서운한거 얘기해도 될까?,수천번 생각해도 이건 아니라고 생각이 되면 서운하다고 이야기하세요.,2
내 가치관이랑 다른 가치관을 가지고 있는 그 남자를 좋아하는게 힘들어.,서로의 가치관이 평행선을 이루지만 않는다면 만날 수도 있을 거예요.,2
내 기준 괜찮은 사람 발견했는데 남친 있는지 물어봐도 돼?,얼른 물어보세요.,2
내 남사친이랑 잘되고 싶어 그는 나를 여자로 봐줄까?,이성으로 어필해야죠.,2
내 남자로 만들기,사랑은 소유하는 게 아니에요.,2
내 마음 들킨 거 같아,그래봤자 상대방이 더 좋아할 거예요.,2
내 마음 알면서도 모른척하는거면 어떡해?,당신의 인연인 아닌가보다 생각하세요.,2
내 마음에 온통 너야,올인은 좋은게 아니에요.,2
내 마음을 보여주는 게 어려워,상대가 부담스러워하지 않게 나를 사랑하고 상대를 사랑해주세요.,2
내 맘대로 되지가 않아.,저도 제 마음대로 되면 더 바랄 게 없겠네요.,2
내 번호를 따간 사람이 내 친구가 좋아하는 애야.,운명의 장난같네요.,2
내 사랑이 부족한걸까?,더 노력해보세요.,2
내 사랑이 있을까?,눈을 크게 뜨고 잘 찾아보세요.,2
내 아이돌이랑 연애하보고 싶다,환상이 깨지면 많이 슬플 거예요.,2
내 여자로 만들기,사랑은 소유하는 게 아니에요.,2
내 여자하자.,저라도 괜찮나요?,2
내 왜 좋아할까?,당신 존재 자체만으로 이유가 됩니다.,2
내 이상형도 아닌데 그 여자를 왜 좋아하는지 모르겠어.,이상형은 이상형일 뿐이니까요.,2
내 이상형이 뭔지 모르겠어.,이상형이 꼭 있어야할 필요는 없어요.,2
내 이상형이 아닌데 그 남자를 왜 이렇게 좋아할까.,이상형은 이상형일 뿐이니까요.,2
내 존재를 알리고 싶어,우연을 가장해서 여러 번 마주쳐보세요.,2
내 첫사랑이 날 기억 못 해.,모든 기억은 같지 않으니 너무 실망하지 마세요.,2
내 친구가 내 짝남 욕을 계속 해.,친구가 좋아하는지 모르고 있나 봅니다.,2
내 친구가 내 짝남 좋아하나?,그렇게 느껴진다면 사실일지도 모르겠네요.,2
내 친구들이 다 별로라고 하는 짝녀 나만 좋다면 연락하는게 맞는걸까?,다른 사람들이 별로라고 말하는 이유를 생각해보세요.,2
내 친구랑 내 짝남이 서로 좋아하는 것 같아.,안타까운 상황이네요.,2
내 친구랑 내 짝녀가 서로 좋아하는 것 같은데 나 어떡함?,천천히 마음을 정리하는게 필요하겠어요.,2
내가 그 사람을 좋아하는건지 아닌지 착각이 들어.,확신이 서지 않을 때가 있지요.,2
내가 그냥 아는 여자라네?,그런 남자 신경쓰지 마세요.,2
내가 그냥 학교 후배래,그런 사람 신경쓰지 마세요.,2
내가 그녀를 생각하는 만큼 그녀도 다른 사람을 생각하겠지.,그런 생각은 접어두는게 맘 편합니다.,2
내가 그를 생각하는 만큼 그도 나를 생각할까.,내가 어떻게 생각하는지가 중요해요.,2
내가 그사람한테 필요했으면 좋겠어,사적 영역에 깊숙이 들어가보세요.,2
내가 너무 기댄 거 같아,상대방도 똑같은 인간이라는 걸 잊지 마세요.,2
내가 너무 몰아붙였나봐,좀 더 차분하게 생각할 시간을 주세요.,2
내가 너무 이기적이었어,상대방도 똑같은 인간이라는 걸 잊지 마세요.,2
내가 너무 진지한걸까.,부담되지 않는 선에서 진중한 태도도 좋네요.,2
내가 누굴 좋아하는지 헷갈리면 이상해?,확신이 없다면 헷갈릴 수 있지요.,2
내가 더 사랑할까?,누가 더 사랑하는지는 중요하지 않아요.,2
내가 더 좋아하는 거 같은 느낌이야.,그래봤자 상대방이 더 좋아할 거예요.,2
내가 더 좋아하는 관계,내가 더 좋아해도 덜 좋아해도 상관없어요.,2
내가 무의식 중에 무시하는 듯한 말투를 썼어,상대방을 존중해주세요.,2
내가 사랑하는 사람이 나를 사랑했으면,그 사람도 당신을 사랑하고 있을지도 몰라요.,2
내가 사랑해도 될까?,당연하죠.,2
내가 사랑했던 그 사람 맞아?,사랑했던 그 사람의 다른 모습이 보인거예요. 그 사람 맞아요.,2
내가 생각하는 만큼 걔도 날 생각할까?,확신이 없나보네요.,2
내가 생각했던 사람이 맞는지 확신이 안들어,새로운 모습을 봤나봐요.,2
내가 싫은 건 너도 싫어해줘서 고마워,싫은 게 통해야 편하죠.,2
내가 썸 깼는데 다시 연락하고 싶어.,감정에 확신이 있다면 연락해보세요.,2
내가 여자 좋아하는 줄 알았는데.,같은 여자를 좋아할 수도 있는 거예요.,2
내가 여자친구의 전남자친구보다 능력이 부족해.,사람 보고 만나는 걸테니 걱정마세요.,2
내가 연락 끊은 짝남한테 다시 연락올 수 있는 법 좀.,먼저 연락해서 대화를 이어나가는 게 수월해요.,2
내가 오랫동안 좋아하던 사람이 날 몰라.,자신의 존재를 알리는 게 우선이겠네요.,2
내가 이 사람을 사랑하는 건가?,자꾸 생각난다면 그럴 거예요.,2
내가 좋대,저도 좋아합니다.,2
내가 좋아하는 거 알았는데도 나를 대하는게 변함이 없어.,친구로 지내고 싶은 거겠죠.,2
내가 좋아하는 거 티내면 싫어할까?,부담스러울 수도 있겠어요.,2
내가 좋아하는 걸 티냈는데 그 사람은 반응이 없어.,서로 마음이 같았으면 좋았을텐데 안타깝네요.,2
내가 좋아하는 걸 티냈는데 못 알아챘을까?,못 알아차렸을 수도 있어요.,2
내가 좋아하는 남자를 만나는게 나아? 나를 좋아하는 남자를 만나는게 나아?,그건 본인의 사랑 방식에 따라 다릅니다.,2
내가 좋아하는 사람보다 나를 좋아해주는 사람 만나는게 행복한거라더니.,아쉬운 부분이 있나봐요.,2
내가 좋아하는 사람이 나를 신경쓰게 하는 방법 조언 좀.,질투를 유발해 보는 방법도 있다고 합니다.,2
내가 좋아하는 사람이 나를 좋아하는지 모르겠어.,주변에 물어보는 건 어떨까요.,2
내가 좋아하는 사람이 나를 창피해하는 것 같아.,너무 슬픈 말이에요.,2
내가 좋아하는 사람이 날 좋아해주는건 정말 기적인 듯.,행복한 일이지요.,2
내가 좋아하는 사람이 날 좋아했으면 좋겠어.,그것만큼 좋은 일도 없죠.,2
내가 좋아하는 사람이 누구를 좋아하는지 궁금해.,주변 사람들에게 물어보면 알 수 있지 않을까요?,2
내가 좋아하는 사람이 누군지 점점 헷갈려.,결정적인 감정의 변화가 없었나봐요.,2
내가 좋아하는 사람이 다른 사람을 좋아하는데 자괴감이 들어.,자괴감이 들 필요는 없어요.,2
내가 좋아하는 사람이 다른 사람을 짝사랑 해. 도와줘야 할까.,도와주다가 마음이 더 다칠 거예요.,2
내가 좋아하는 사람이 유명해지면 기분이 어떨까.,좋으면서도 서운하지 않을까요.,2
내가 좋아하는 사람이랑 나이 차이가 많이 나는데 괜찮을까?,나이 차이는 중요하지 않아요.,2
내가 좋아하는 애가 날 좋아하는 것 같으면 갑자기 정 떨어지고 뭔가 싫어짐,어떤 심리일까요.,2
내가 좋아하는 애가 유학간대.,정말 섭섭한 기분이겠네요.,2
내가 좋아하는 애를 내 친구가 계속 욕하는게 맘에 안들어.,특별한 이유가 없다면 서운함을 전해보세요.,2
내가 좋아하는 애를 내 친구가 좋아하는게 맘에 안 들어.,딱 질투네요.,2
내가 좋아하는 여자애를 따라 좋아하는 애가 있음.,먼저 좋아하고 있었을지도 몰라요.,2
내가 좋아하는걸 그사람이 알았으면 좋겠어.,마음을 조금씩 전해보세요.,2
내가 좋아하는지 그 애가 아예 몰라.,조금은 티를 내봐야죠.,2
내가 좋아할 자격이 있나 모르겠어.,그냥 좋아하면 돼요.,2
내가 좋아할 자격이 있나 모르겠어.,좋아하는데 자격은 없어요.,2
내가 좋아해도 될까?,누구나 좋아할 권리가 있어요.,2
내가 좋아해도 될까?,좋아하는데 자격은 없어요.,2
내가 진짜 둔한데 나를 좋아하는지 모르겠어.,직접적으로 물어보는게 좋겠어요.,2
내가 집착하는 걸까?,집착일 수도 있겠어요.,2
내가 첫 연애래,더 잘해주세요.,2
내가 첫사랑이래,그 사람에게 잘해주세요.,2
내가 최대한 잘해줘도 불만이 많아,서로 원하는 기대치가 다른 것 같아요.,2
내가 친절하니까 쉬워보이나?,그런 사람 만나지 마세요.,2
내가 해본 연애 중에 짝사랑인데 이뤄진 연애는 없는 듯.,이제 그런 경우를 만들어봐요.,2
내가 해주는 것도 없는데 나한테 너무 잘해줘,무엇을 해줘서 잘하는게 아니라 곁에 존재해주었다는 이유만으로 삶이 풍부해진 것 같아요.,2
내일 개강총회인데 짝녀한테 어떻게 잘 보이지.,옆에서 잘 챙겨주면 좋을 것 같아요.,2
내일 결혼식이야,떨리겠어요.,2
내일 더 사랑해,달콤한 말이네요.,2
내일 만나자고 해볼까?,멋지게 데이트 신청 해보세요.,2
내일 뭐 입고 나갈까,날씨에 맞게 입는 게 좋을 것 같아요.,2
내일 짝남이랑 영화보러간당.,좋은 시간 보내고 와요.,2
내일 짝녀랑 영화보러갑니다.,많이 떨리겠어요.,2
낼 짝남한테 잘 보이고 싶어.,실수하지 않는다면 잘 할 거예요.,2
낼 짝녀한테 잘 보이고 싶어.,실수하지 않는다면 잘할거라 생각해요.,2
너 생각이 났어.,어머나,2
너도 썸 타?,저도 썸을 탑니다.,2
너라서 행복해,달콤한 말이예요.,2
너를 사랑한 시간,그 시간들이 중요하죠.,2
너무 사랑하는데 동거해도될까?,책임질 수 있다면 하고 싶은 대로 하세요.,2
너무 설레서 울렁거려.,부러워요. 자연스러운 현상이에요.,2
너무 예민한 여자친구,너그럽게 봐달라고 말해보세요.,2
너무 잘해주면 질려하나?,좋은 사람이라면 고마워할 거예요.,2
너무 잘해줬더니 당연한줄 아네,호의를 권리로 아는 사람 만나지 마세요.,2
너무 좋아서 절제가 안돼.,자연스러운 현상이에요.,2
너무 좋아하면 남자친구가 부담스러워 할까?,너무 좋아해주면 사랑스러워 보일 거 같아요.,2
너무 쿨한 남자친구가 고민이야.,쿨방망이로 때려주세요.,2
너무 행복해. 오래갈 수 있을까?,노력하면 가능할 거예요.,2
너무 행복해. 오래갈 수 있을까?,오래갈 수 있을 거예요.,2
너와 내가 인연이었으면 좋겠어,인연은 만들어 가는거예요.,2
넘치는 사랑 받고 있어,당신은 사랑 받을 만한 사람이에요.,2
노는 거 좋아하는 남자는 좋아하면 힘들겠지?,지금은 괜찮지만 힘들 거예요.,2
노는 거 좋아하는 사람은 좋아하면 힘들거야.,지금은 괜찮더라도 힘들 거예요.,2
노는 것 좋아하는 여자 이쁜데 좀 그래.,자신의 가치관에 상대를 속박하지 말아요.,2
놀러다니기 좋아하는 남자 착하긴한데 나랑은 안맞다고 생각이 들어.,안맞는다면 정리하는 편이 좋을 거예요.,2
놓치고 싶지 않는 사람,운명인가봐요.,2
누가 날 좋아하는 걸 알면 어떤 생각이 들어?,처음엔 당황스러울 거예요.,2
누가 더 사랑할까?,누가 더 사랑하는지는 중요하지 않아요.,2
누가 봐도 썸 타는 사이인데 연락이 없어.,먼저 연락하는 것도 좋을 거 같아요.,2
누구에게나 친절한 남자 위험해?,어떻게 하느냐에 달려있겠죠.,2
누군가를 좋아하는게 과연 행복한 걸까.,행복하지만은 않겠지요.,2
누군가를 좋아하는게 두려워.,좋아하는 감정을 느낀다는 자체가 참 행복한 거예요.,2
누군가를 좋아하는게 이렇게 힘들줄 알았다면 시작도 안했을거야.,후회하고 번복하게 되는게 참 이상하죠.,2
누군가를 좋아한다는건 정말 힘들일이야.,좋아하는 감정은 정말 복잡하고 힘들어요.,2
누군가를 좋아해본 적이 없는데 문제가 있는걸까?,그것은 전혀 문제되지 않아요.,2
누군가를 짝사랑하게 되는게 두려워.,이제 짝사랑 말고 둘이서 하는 사랑하세요.,2
눈 뜨면 생각나는 사람,깊은 사랑에 빠지셨군요.,2
눈에서 멀어져도 좋아하는 건 어떡하죠?,생각에서 멀어지지 않았나봐요.,2
눈을 감아도 보고 싶어,상사병 걸리기전에 찾아가보세요.,2
눈이 자꾸 마주쳐,자꾸 시선을 마주쳐보세요.,2
다 맞춰주고 싶은 사람,정말 사랑하고 있나봐요.,2
다 잊었는데 다시 그녀가 나타났어,마음이 혼란스럽겠어요.,2
다 잘맞는데 가치관이 다른 연애가 고민.,가치관이 중요한 거 같아요.,2
다니던 회사를 그만두고 1년간 여행을 가자고 해.,큰 용기가 필요하겠네요.,2
다들 우리 잘 어울린대,잘 어울리는 한 쌍이에요.,2
다른 사람은 잘만 하는 연애,서툰 연애도 연애에요.,2
다시 만나서 사랑할 수 있을까?,진정으로 사랑한다면 다시 시작해보세요.,2
다시 사랑이 오겠지?,충분히 좋은 사람 만날 수 있을 거예요.,2
다시 썸 타는 방법,천천히 다시 다가가보세요.,2
다시 웃게 해준 사람,그 사람이 당신의 홈닥터군요.,2
다시 태어나도 만나고 싶은 사람,말로만 들어도 좋겠네요.,2
다썸이 뭐야?,여러 사람이랑 썸 타는 거요.,2
다정한 사람 만나고싶어,그런 사람 만나길 바랄게요.,2
단 하루도 널 사랑하지 않은 날이 없었어,멋진 말이네요.,2
단둘이 놀자,봄 꽃 구경 가는걸 추천합니다.,2
단톡방에서 내 톡에만 답장해. 썸 각?,호감이 있을 수도 있어요. 그렇지만 조금 더 상황을 지켜보세요.,2
답프로포즈 해볼까?,정말 좋아할 거예요.,2
대부분 무덤덤한 남자친구가 고민임.,감정에 솔직해질 수 있게 조금씩 변화시켜봐요.,2
대출 엄청 끼고 집 사,갚을 능력이 되는지 생각해보세요.,2
대출껴서 집사는게 맞나?,갚을 능력이 되는지 생각해보세요.,2
대학교 고학번 선배랑 썸 타도 되나?,학번이 대수인가요.,2
대학교에서 첫사랑 다시 만났어.,운명적인 만남이네요.,2
대화가 안 통해,서로 더 이해해보세요.,2
대화가 잘 통하는 사람이야,그런 사람 놓치지 마세요.,2
댄디한 남자 사귀고파,그런 사람 만나길 바랄게요.,2
더 사랑하고 싶다,감정에 솔직한 모습이 보기 좋아요.,2
더 사랑해달라고 말해볼까,귀여울 거 같아요.,2
더 사랑해달래,더 많이 표현해주세요.,2
더 사랑해줘,사랑해요!,2
더 알고 싶어 지는 사람이야,자세히 관찰해보세요.,2
덜 좋아하는게 답인 것 같아.,그러는 편이 덜 상처겠지요.,2
데이트 계획을 너무 나만 짜는거같아.,데이트 계획 짜오라고 해봐요.,2
데이트 비용은 보통 어떻게 내?,같이 내는 게 좋죠.,2
데이트 장소,영화관 공원 놀이동산 바다 산 축제 도서관 엄청 많죠.,2
데이트 장소가 항상 고민이야,안 가본 곳에 가보세요.,2
데이트 통장 만들까?,합리적인 소비를 할 수 있을 거예요.,2
데이트 할때 너무 많이 먹는 남자친구가 고민이야.,건강이 걱정된다고 대화를 나눠보세요.,2
데이트는 어디로 가?,맛집 투어도 좋아요.,2
데이트비용이 너무 많이 나와,같이 상의해보세요.,2
데이트중에 정적 있어도 괜찮을까?,정적이 있을 때 아무렇지도 않으면 편안해진 거예요.,2
데이트하고 보통 몇시쯤에 집에 들어가?,막차 타고 집에 오죠.,2
데이트하는데 무한리필만 가,다른 데이트를 제안해보세요.,2
데이트할 시간이 없네,마음이 없는 걸 수도 있어요.,2
도대체 사랑이 뭐니?,당신이 사랑이라고 생각하는 모든 것들이 사랑이라고 할 수 있어요.,2
도서관에서 항상 같은 자리에 앉는 여자가 계속 떠올라.,첫 눈에 반했나봐요.,2
돈이 없으면 연애를 하지않는게 맞는걸까.,돈 없어도 할 수 있는 데이트 코스도 많아요.,2
동거 하다 걸렸어,난처하시겠네요.,2
동거하는 거 부모님이 알게 되셨어,오해를 풀고 사랑을 이어가세요.,2
동거하는데 헤어져야할 거 같아,단점들을 많이 봤나봐요.,2
동거하다 사랑이 식으면 어떡해?,걱정하면 아무것도 못해요,2
동거하다가 헤어질까봐 걱정이야,걱정하면 아무것도 못해요,2
동거해도 될까?,안 보이던 장점과 단점이 모두 보이게 될 거예요.,2
동네 친구랑 썸 괜찮을까,자주 만나고 좋을거예요.,2
동물 좋아하는 사람 어때?,동물 좋아하는 사람치고 나쁜 사람 없어요.,2
동물 좋아하는 사람은 착한가?,따뜻할 거 같아요.,2
동물을 너무 좋아해,마음이 따뜻할 것 같아요.,2
동성애 어떻게 생각해,모든 사랑을 존중합니다.,2
동성을 사랑해,당신을 존중해요.,2
동성을 좋아하는게 비정상이 아닌걸 아는데 고백하는건 망설여져.,고백은 아무래도 더 큰 용기가 필요하니까요.,2
동성친구 좋아하는 사람 없어?,생각보다 많아요.,2
동아리에서 마음에 드는 남자 만났어!,동아리에 가기 즐거워지겠네요.,2
두 남자 사이에서 갈등 중,빠른 선택으로 모두에게 상처를 덜 주길 바랍니다.,2
두 사람한테 거의 동시에 고백받았어,빠른 선택으로 모두에게 상처를 덜 주길 바랍니다.,2
두 여자 사이에서 갈등하고 있어,빠른 선택으로 모두에게 상처를 덜 주길 바랍니다.,2
두근두근해,가슴 뛰는 사랑 오래오래 하세요!,2
두달 사겼어,좋은 만남 이어가길 바라요.,2
뒷담화 좋아하는 사람 어떻게 생각해요?,아마 조금 꺼려질 것 같아요.,2
드라마같은 사랑 하고 싶어,드라마는 현실과 달라요.,2
드레스 입어보는 거 재밌어!,여러벌 입어보고 마음에 드는걸로 선택하세요.,2
딩크족으로 살거야,남의 시선말고 자신만 생각하세요.,2
딱 1년 연애,달달할 시기네요.,2
딱 내 이상형이야,이상형을 만나는 경우는 흔치 않는데 대단하네요.,2
딱 내 취향인데,용기를 내보세요.,2
또 고백해볼까?,도전 정신 마음에 드네요.,2
또 사랑이 올 줄 몰랐어,사랑을 시작하게,2
띠동갑 짝사랑하는데 괜찮을까.,사랑에 나이가 없어요.,2
라면먹고갈래 말해볼까?,엄청난 용기가 필요하겠네요.,2
랜선 연애 어떻게 생각해?,얼굴을 안 보고 부딪히지도 않아서 제대로 된 연애가 가능하지 않을 수도 있지만 다 나쁜 건 아니에요.,2
랜선 연애로 잘 되기도 해?,랜선연애 하다가 직접 만나서 좋으면 잘 되는 거죠.,2
랜선 연애 중,현실 연애로 이어지길 바랍니다.,2
랩 추천 좀. 나 좋아하는 남자애한테 잘 보이고 싶어.,최신 인기 차트를 찾아보는 걸 추천해요.,2
로맨틱한 고백,생각만해도 달콤하네요.,2
로맨틱한 사랑 하고 싶다,달콤한 말과 몸짓으로 리드를 해보세요.,2
로맨틱한 사랑을 원해,달콤한 말과 몸짓으로 리드를 해보세요.,2
롱디인데 너무 보고 싶어.,떨어져 있는 만큼 더 그리울 거 같아요.,2
롱디인데 연락이 자주 안돼.,롱디는 연락이 잘 되어야 하는데요.,2
마음 맞는 사람이 있을까?,서로에게 맞춰갈 수 있을 거예요.,2
마음 표현하기가 힘들어,표현도 연습해야 해요.,2
마음에 드는 사람이 있는데,용기 있게 들이대보세요.,2
마음에 드는 여자가 있어요,자신감 있게 다가가 보세요.,2
마음에 든다는 걸 어떻게 알릴 수 있어?,자꾸 시선을 마주쳐보세요.,2
마음에 안 차는데 만나도 돼?,변화 가능성을 생각해보세요.,2
마음에 없는데 관계를 하고 싶대,이런 고민 하지 말고 자신을 더 소중히 여겨주세요.,2
마음에 없는데 관계를 하고 싶대,정리하고 좋은 사람 만나세요.,2
마음을 들켰나봐,그냥 다 말해보세요.,2
마음을 아무리 밀어내도 안돼,마음은 마음대로 되지 않아요.,2
마음을 확실하게 아는 방법,직접 물어보는 게 좋을 것 같습니다.,2
마음이 변할까봐 두려워,서로에게 믿음을 주세요.,2
마음이 식은 거 같아,나를 사랑하지 않는 사람하고 계속 가는 건 나 자신을 사랑하지 않는 사람들이나 하는 일이에요.,2
마음이 예쁜 사람 만나고 싶어,마음이 예쁜 사람을 찾는 게 더 힘들 거예요.,2
마음이 자꾸 쓰이네.,관심이 가나봐요.,2
마중 나가볼까?,고민하지 말고 실행에 옮기세요.,2
만나는 사람마다 유형이 비슷해,자신이 변하지 않았기 때문이겠죠.,2
만나는데 혈액형이 중요해?,전혀 중요하지 않아요.,2
만나도 불안하면 어떡해?,믿음이 아직 부족한가봐요.,2
만나자,말해보세요.,2
만나지 얼마 안됐는데 여행가재,아직 마음의 준비가 안 됐다고 말해보세요.,2
만난지 100일,알콩달콩 사랑할 때네요.,2
만난지 100일 됐는데 여행가재,아직 마음의 준비가 안 됐다고 말해보세요.,2
만난지 1년됐어,달달할 시기네요.,2
만난지 1년인데 결혼해도 될까?,사계절 만나봤으면 알만큼 알았잖아요.,2
만난지 200일됐어,알콩달콩 사랑할 때네요.,2
만난지 세달만에 결혼 가능함?,만난 시간이 중요하지 않아요.,2
만난지 얼마 안됐는데 결혼해도 될까?,오래 만나고 알면 좋겠지만 살면서 알아봐도 괜찮아요.,2
만난지 얼마 안됐는데 고백받았어,정말 좋아했나봐요.,2
만난지 얼마 안됐는데 고백했어,정말 내 사람이다 싶었나봐요.,2
만난지 얼마 안됐는데 키스함.,서로의 의사가 존중된 것이라면 괜찮지만 사귀고 난 후가 좋겠어요.,2
만난지 이틀만에 고백받았어,이른 고백이지만 고민해보세요.,2
많이 늦은시간인데 연락해봐도 괜찮을까?,최대한 예의를 갖춰서 연락해보세요.,2
많이 만났는데 아직도 왜 모르지?,상대방은 당신의 마음을 읽을 수 없어요.,2
많이 좋아하던 전남친이랑 다시 사겨도 될까?,좋아하면 다시 사겨야죠.,2
많이 좋아하던 전여친에게 연락해도될까?,연락은 자유지만 후회는 할 수도 있어요.,2
많이 좋아했는데 이젠 끝내야겠지.,추억으로 남기는 것도 좋은 선택일 거예요.,2
많이 좋아했었는데 이젠 정리하려고.,추억으로 남기는 것도 좋은 선택일 거예요.,2
말 없이 찾아가는건 예의가 아니겠지.,그건 좀 아닌 듯합니다.,2
말수 적은 남자인데 썸타도 괜찮을까?,은근 매력남일 거 같은데요.,2
말을 안하는 연애,대화가 중요한데요.,2
말이 안 예쁘게 나와,말 하기 전에 생각하고 말하는 습관을 길러보세요.,2
말하는 거 귀여워,하트 뿅뿅이네요.,2
말할 때 너무 떨려,잘 보이고 싶은 마음이 커서 그런 것 같아요.,2
맘 정리한 짝녀한테 연락하고 싶어요.,짝사랑하는 마음을 정리하는 건 쉽지 않죠.,2
맘 정리했는데 짝녀한테 연락오는데.,다시 흔들리겠어요.,2
맛있는 거 먹는데 생각나는 사람,그게 진짜 사랑이네요.,2
맞지 않더라도 대화로 잘맞아갈수 있을까?,서로 배려하면 가능하죠.,2
맞추려고 노력하는데 힘들어,나와 다를 수 있음을 인정하고 그 모습마저 사랑해주세요.,2
맞춤 정장 했어,오래오래 입으세요.,2
매년 좋아하는 애가 바뀌었는데 어떡하죠.,마음에 솔직한 거예요.,2
매일 아침 정류장에서 마주치는 남자애가 신경쓰여.,내일도 만난다면 말을 걸어보세요.,2
매일 아침 정류장에서 마주치는 여자애한테 눈이 가.,내일도 만난다면 말을 걸어보세요.,2
매일 아침 정류장에서 마주하는 그녀,아침에 두근거리겠어요.,2
매일 아침 정류장에서 보게되는 그,아침에 두근거리겠어요.,2
매일 카페에서 그의 뒷모습만 보게 돼.,이제 앞모습을 보세요.,2
매일 카페에서 보게 되는 그녀가 눈에 밟혀.,내일도 만난다면 데이트 신청해보세요.,2
매일매일 사랑해,표현하는 게 좋죠.,2
매주 수요일 그녀를 만날 수 있어.,삶의 활력소가 되겠네요.,2
매주 수요일 그를 만날 수 있어.,삶의 활력소가 되겠네요.,2
매주 월요일 그녀를 볼 수 있어.,기다리면서 행복하겠네요.,2
매주 월요일 그를 볼 수 있어.,일주일이 즐겁겠어요.,2
매주 화요일 그녀는 마주할 수 있어.,즐거운 날이 되겠네요.,2
매주 화요일 그를 볼 수 있어.,이날만 기다리겠어요.,2
맨날 썸만 타고 깨짐.,제대로 된 표현을 했는지 생각해보세요.,2
맨날 짝사랑만 하다가 끝났는데 연애할 수 있을까?,언젠가 진정한 사랑이 나타날 거예요.,2
머릿속에 너만 가득해,그 사람을 정말 좋아하나봐요.,2
먹는거에 너무 예민한 여자친구가 고민임.,먹는 거에 예민하면 애정 결핍이 많대요. 더 사랑해주세요.,2
먼저 고백하는 게 좋을까,고백하는 게 좋지만 슬쩍 호감을 표현해보세요.,2
먼저 연락 안 오면 끝인가,먼저 연락 안 오면 먼저 연락해보세요.,2
먼저 연락이 자주 오면 썸인가요,호감을 표현해보세요.,2
먼저 인사하려고 했는데 짝남이 먼저 인사해줬어.,더 떨렸겠어요.,2
먼저 인사할까 했는데 짝녀가 먼저 인사해줬어.,기분 좋았겠네요.,2
메리지블루인가봐,서로에게 의지해보세요.,2
명품선물 꼭 해야할까?,명품 마음이어도 충분해요.,2
몇 년 만에 썸 타는 거라 어떻게 연락을 해야할지 모르겠어,그럴 수 있어요. 안부인사나 관심사로 시작하는 건 어떨까요?,2
몇 년 후 만날 수 있을까?,우연히 만날 수 있겠죠.,2
몇 년을 좋아했는데도 관계가 달라진게 없어.,발전적인 관계가 아니라면 정리가 필요한 시기네요.,2
몇 달을 좋아했는데 달라진게 없어요.,발전적인 관계가 아니라면 정리가 필요한 시기네요.,2
몇일정도 썸타?,정해져 있지는 않지만 길지 않은게 서로에게 좋을 거예요.,2
모닝콜 해달라고 하는대 좋아하는 걸까?,확실하지 않지만 호감이 있을 수도 있겠네요.,2
모든 걸 다 주니까 떠난다는 그 남자,잘해준 게 독이 되었을 수도 있어요.,2
모르는 사람인데 첫 눈에 반했어.,외모나 분위기가 이상형이었나봐요.,2
모르는 사이에 좋아하는 티 내는 법 알려주세요.,사소한 걸 기억해서 말을 걸어보세요.,2
모르는 애랑 썸타는 꿈 꿨어,그 사람을 무의식 중에 생각했나봅니다.,2
모쏠 남자와의 썸,모쏠 여부가 큰 걸림돌이 되지 않을 거예요.,2
모쏠 여자와의 썸,모쏠도 사랑합니다.,2
모쏠인 사람 만나면 답답할까?,서툴러도 괜찮아요.,2
모임에서 썸 깨졌는데,같은 모임이라면 안 나가는 게 좋을 것 같네요.,2
모태솔로라 잘 모르겠어 도와줘,모르는 게 당연해요.,2
모태솔로인데 어떻게 시작해?,우선 부딪혀봅시다.,2
목적 있는 만남이라는 걸 알게 됐어,상처 받으셨겠어요.,2
몰두할 때는 연락 안 되는 사람 어때?,걱정하니 연락해달라고 부탁하거나 믿음이 있다면 기다려줄 것 같아요.,2
몰래 동거하고 있어,허락을 맡고 당당하게 하는 게 좋을 것 같아요.,2
못생긴 남자를 좋아하는 여자가 있을지.,외모가 중요한 시대는 끝났어요.,2
못생긴 여자를 좋아하는 남자가 있을까?,외모만 중요한 시대는 끝났습니다.,2
무슨 생각 하고 있을까?,직접 물어보는게 정확할 거예요.,2
무언가에 집중하는 남자가 좋아,매력적인 사람이지요.,2
무조건 나한테 다 맞춰주는 남자친구 변하면 어떡하지?,변하는 걸 걱정하면 아무것도 못해요.,2
뭐 보고 결혼 결심해?,세상 그 누구보다 잘해줘서요.,2
뭐라고 말하면서 고백할까,솔직한 마음을 전해보세요.,2
뭐하냐고 계속 물어보면 좋아하는 거야?,궁금하니까 그럴 가능성이 높겠죠.,2
뭘 챙겨주면 좋을까,직접 물어보는 게 좋을 것 같아요.,2
미래를 함께할 반려자인지 확신이 아직 없어,확신이 들때까지 기다려보세요.,2
미련 남은거랑 좋아하는 거랑 뭐가 다름?,구분 짓기 어려운 것 같아요.,2
미팅 할까 말까,만남은 다 좋죠.,2
미팅에서 번호 딴 애가 좋은데 뭐라고 연락을 할까?,잘 들어갔는지 가볍게 물어보면서 다음 약속을 잡아보세요.,2
밀당 어떻게 해?,바쁘면 자연스럽게 됩니다.,2
밀당은 어떻게 해?,자신이 바쁘면 자연스럽게 밀당이 됩니다.,2
바람기가 있는 남자친구 어떡해?,한 번이 어렵지 두 번은 쉽습니다.,2
바래다달라고 말해볼까?,귀엽게 부탁해보세요.,2
박력있는 남자가 좋아,당신을 이끌어주는 남자를 만날 수 있을 거예요.,2
반동거중인 여자친구가 나갔으면 좋겠어.,자신의 공간이 필요하다고 말해보세요.,2
발 맞춰 걷는 게 좋더라,당신은 군대가 체질에 맞는거 같아요.,2
발라드 추천 좀. 좋아하는 여자애한테 잘 보이고 싶음.,인기 차트를 찾아보는 걸 추천해요.,2
발렌타인데이에 고백할까요?,선물을 주면서 솔직하고 당당하게 고백해보세요.,2
밝은 사람 만나고 싶어,그런 사람 만나길 바랄게요.,2
밤새 그리워서 편지 썼어,받으면 참 좋을 것 같아요.,2
밤인데 전화해도 되나,양해를 구해보세요.,2
배려 없는 사람 어떡해?,안 만나는 게 마음이 편할 거예요.,2
배려 있는 사람이 좋은데,그런 사람 만나세요.,2
배려가 너무 없어,아닌 건 아니라고 말하세요.,2
배우자가 생긴다는 것,든든할 거예요.,2
배우자라고 하니까 이상해,익숙해져야죠.,2
벌써 가족 같아,가족이 될 사람이라서 그럴지도 모르겠어요.,2
변하지 않는 사람도 있겠지?,드물지만 있을거예요.,2
별로인 거 알면서도 좋아하는 내가 이상해.,확실하게 안좋은 점이 있다면 얼른 맘을 접는게 좋아요.,2
보통 썸이면 밀당해?,그렇기도 하지요.,2
보통 좋아하는 애 생기면 먼저 연락해?,대부분은 먼저 연락하곤 해요.,2
보통 좋아하면 먼저 연락하나?,보통 그렇죠.,2
본능적인 끌림,운명적이네요.,2
본인을 좋아하는게 확실한 여자와 친구가 될 수 있어?,그 사람을 위해서는 그러면 안돼요.,2
봄 오니까 나도 썸 타고 싶어.,썸 타기 좋은 계절이에요.,2
봄 타나 봄.,봄은 두근두근하죠.,2
봄 타나 봄.,사랑하기 좋은 계절이죠.,2
봄 타나봐,사랑이 하고 싶어졌나봐요.,2
부모님 반대 설득하고 싶어,자식 이기는 부모 없을 거예요.,2
부모님 반대가 너무 심해,부모님도 당사자도 상처받겠네요.,2
부모님께 보여드리고 싶은 사람 있어,사랑하는 사람인가봐요.,2
부모님이 결혼 자금 안 보태주신대,부모님 노후 자금도 생각해야겠죠.,2
부모님이 이혼하려는 거 같은데 나는 어떻게 하지?,부모님만의 사정이 있을거예요. 이해하려고 노력해보세요.,2
부모님이 이혼할 거 같아,부모님만의 사정이 있을거예요. 이해하려고 노력해보세요.,2
부부싸움은 칼로 물 베기라더니,다시 화합했나봐요.,2
분명 짝남 정리해야지 마음 먹었는데 이상하지.,또 마주하면 반갑고 애틋하게 되죠.,2
불타올랐다가 식었어,연애 내내 불타오를 수는 없어요.,2
불타올랐다가 식었어,연애는 계속 불타오르지는 않아요.,2
비가 오니까 짝사랑 하는 사람 더 생각나.,비 오는 날 추억이 많은가봐요.,2
비밀로 했는데 들켜서 오해하고 있어,오해할만한 일이 생겼을때는 솔직하게 이야기하고 풀어보세요.,2
비혼주의자인데 만나도 될까?,결혼하지 않고 살 수 있을지 생각해보세요.,2
빨리 찾아온 사랑,인생은 타이밍이에요.,2
빼빼로 데이인데 썸남한테 만들어줄까 그냥 살까?,정성이 담긴 것을 더 좋아할 거예요.,2
빼빼로 만들어주는 거 좋아할까?,정성이 담긴 것이니 좋아할 거예요.,2
빼빼로데이에 고백할까요?,선물을 주면서 솔직하고 당당하게 고백해보세요.,2
뽑은 인형 짝녀에게 주면 좋아할까?,좋아하는 마음과 상관없이 좋아할 거예요.,2
사귀고 나서 외모에 신경을 너무 안 써,격식 있는 자리에 같이 가보세요.,2
사귀고 나서 트레이닝복만 입어,다른 옷을 선물해보세요.,2
사귀고 나서 화장을 안 해,강요할 수는 없지만 가끔 부탁해보세요.,2
사귀고 나서 환장이 깨졌어,환장을 갖지 말고 현실을 바라보세요.,2
사귀기로 했는데 존댓말 계속 써도 돼?,존댓말 쓰면 덜 싸운대요.,2
사귀는 사이인데 '야'라고 해. 기분 나쁜데 어떡해?,그건 좀 아닌 거 같다고 바로 말하세요.,2
사귀던 사람이 갑자기 연락이 안돼,걱정이 많이 되겠네요.,2
사귀던 사람이 잠수탔어,너무 걱정하지 마세요. 조금더 기다려보세요.,2
사귀면 끝일 줄 알았는데,사랑에서 가장 어려운 게 사랑을 계속 유지하는 거예요.,2
사귀면 좋을까,안 사귀는 것보다 좋지요.,2
사귀면서도 좋아하는 감정을 잘 못느끼는데 문제 있는 건가요?,정말 사랑하는 사람을 만나면 다를거예요.,2
사귀자는 말 아니면 썸인가,말 안하고 사귀는 경우도 있습니다.,2
사귀자는 말 아니면 썸인가,사귀자고 말하고 썸을 끝내보세요.,2
사귄지 얼마 안됐는데 스킨십하려고해,자신의 속도에 맞추세요.,2
사귄지 한달됐어,한창 달달할 때네요.,2
사내 썸 뭔가 떨린다.,저도 떨리네요.,2
사내 연애 비추하나요?,상황마다 다를 것 같아요.,2
사내에 좋아하는 여자분이 생겼는데 조심해야겠지.,아무래도 서로에게 해가 될 수 있으니까요.,2
사내연애 비밀로 해야겠지?,직장과 서로를 위해 그게 좋겠죠.,2
사내커플인데 비밀연애임. 답답해.,비밀연애가 말도 못하고 힘들죠.,2
사내커플인데 비밀연애하니까 더 떨려.,스릴있죠.,2
사람들은 내가 그 남자를 좋아하는 거라는데 난 이해가 안가.,직접 두분이서 대화를 나누는게 필요하겠어요.,2
사람은 다른데 연애는 비슷해,자신이 변하지 않았기 때문이겠죠.,2
사랑 경험이 없어,지금부터 해보면 돼요.,2
사랑 고민,무엇이든 말해보세요.,2
사랑 글로 배워요,글로라도 배우세요.,2
사랑 끝난 거 같은데 잡아도 될까?,잡는다고 마음이 돌아서지 않을 거예요.,2
사랑 끝난 거 같은데 잡으면 돌아올까?,끝난 건 잡을 수 없어요.,2
사랑 때문에 죽고 싶어,죽고 싶은 만큼 사랑하는 그 사람에게 당신의 모든걸 걸어보세요.,2
사랑 명언 알려줘,사랑은 서로를 마주보는 게 아니라 서로 같은 방향을 바라보는 것이다-생텍쥐베리,2
사랑 못 받는 느낌에 우울해,솔직하게 대화해보세요.,2
사랑 받는 걸 알려준 사람,그 사람 잡으세요.,2
사랑 받는 느낌을 못 받아,진심으로 사랑해주는 사람 만나세요.,2
사랑 받는 느낌이 없어,그는 당신에게 반하지 않았어요.,2
사랑 별거 없네,별거 없다가도 전부가 되는게 사랑이에요,2
사랑 앞에서 죄인이 돼,사랑하는 건 죄가 아니에요.,2
사랑 없는 삶은 불행할까?,삶 곳곳에 사랑이 숨 쉬고 있어요.,2
사랑 존재하기는 해?,믿는 사람의 마음에 달려 있겠죠.,2
사랑 지키는 방법,자신과 서로를 존중하고 마음을 표현해보세요.,2
사랑 표현에 서툴러,서툴러도 괜찮아요.,2
사랑 힘들다,상대방도 좋지만 나를 먼저 사랑해주세요.,2
사랑과 우정 사이,한끗차이.,2
사랑꾼,부러워요.,2
사랑꾼인 거 같아,다정다감한가봐요.,2
사랑때문에 많이 아파,애절한 만큼 상대방도 당신의 아픔을 느낄거예요.,2
사랑만 보고 하는 결혼? 사랑 없는 결혼?,사랑만 보고 하지도 않고 사랑 없이 하지도 않아요.,2
사랑만으로 안되는 게 많을까요?,사랑이 전부는 아니에요.,2
사랑받고 있지 않은 거 같다,자신을 더 많이 사랑해주세요.,2
사랑받고싶어,먼저 사랑한다고 말해보세요.,2
사랑받는 방법,사랑하면 돼요.,2
사랑받는 행복을 알게 해준 너,그 사람과 잘 만나보세요.,2
사랑보다 조건을 보고 결혼해야할까?,자신에게 더 중요한 게 무엇인지 질문해보세요.,2
사랑보다 중요한 것이 있을까?,굳이 있다면 신뢰와 믿음 정도가 있을 것 같아요.,2
사랑스러운 눈빛,사랑 받는다는 느낌 팍팍 받았겠네요.,2
사랑싸움 그만하고 싶어,자존심을 세우지 마세요.,2
사랑없이 결혼 가능해?,나이가 들고 그렇게 하기도 하는데 살면서 생기는 정으로 사는 듯합니다.,2
사랑없이 결혼한 케이스 있어?,사람에 따라 다르겠지만 있을 것 같네요.,2
사랑에 빠지고 싶다,이것저것 생각하지말고 마음가는 사람에게 다가가보세요.,2
사랑에 빠지면 티가 나?,다 보입니다.,2
사랑에 빠진 거 같아,행복해 보여요.,2
사랑에 빠진 거 같아,행복해보여요.,2
사랑에 서툴어,우리는 모두 사랑에 서툴어요.,2
사랑에 유효기간이 있을까?,"사랑하는 사람과 함께하는 어제, 오늘, 내일이 각 다른 의미가 있다고 생각하면 유효기간이 딱히 느껴지지 않을 거예요.",2
사랑에도 유효기간이 있다는데,갱신해가는 재미가 있죠.,2
사랑으로 가능한 것?,바로 연애죠.,2
사랑은 나이를 초월해?,물리적 나이보다 정신적 나이가 중요해요.,2
사랑은 돌아오는 거야?,사랑은 마음에 안고 사는 거예요.,2
사랑은 변하지 않았으면,노력하면 그럴 수 있을 거예요.,2
사랑은 시간이 약인가?,시간이 약인 경우가 많아요.,2
사랑은 영원해?,사랑은 한 순간이면서 영원한거 같아요.,2
사랑은 죄가 아닌데,작아질 필요 없어요.,2
사랑은 주고 받는 거지?,사랑은 한 없이 줘도 아깝지 않은거라고 생각해요.,2
사랑을 기다리고 있어,능동적으로 찾아보세요.,2
사랑을 알게 해준 너,소중한 인연이었네요.,2
사랑을 표현해줬으면 좋겠어,표현해 달라고 말해보세요.,2
사랑을 했다,또 사랑을 할 거예요.,2
사랑을 했다,예쁜 사랑이었길 바랍니다.,2
사랑을 했다,우리가 만나.,2
사랑의 감정을 모르겠어,서로 이해하고 존중하고 아끼는 마음이에요.,2
사랑의 결과는 어차피 두가지,과정이 더 중요하지요.,2
사랑의 끝은 결혼일까?,사랑의 끝은 없어요.,2
사랑의 끝은 뭘까?,사랑하지 않는 것이죠.,2
사랑의 끝이 뭐야?,사랑하지 않는 것이죠.,2
사랑의 묘약 같은 거 있나?,그런거 없어요.,2
사랑의 정의,내가 원하는 것보다 다른 사람이 원하는 것을 더 우선순위에 두넌 것이에요.-울라프,2
사랑의 힘은 위대한가봐,많은 걸 변화시키죠.,2
사랑의 힘은 진짜 위대한듯,사랑의 힘은 헐크보다 쎌거예요.,2
사랑이 구체적으로 뭐야?,종족번식을 위한 일시적인 호르몬 작용일 수도 있어요.,2
사랑이 끝난 거 같다는 느낌이 너무 많이 들어,그런 남자 버리고 이런 느낌 안 주는 사람 만나세요.,2
사랑이 끝난 것 같아,힘들겠지만 마음을 정리해보세요.,2
사랑이 날 힘들게 해,왜 힘들게 하는지 생각해보세요.,2
사랑이 다가왔어,당신도 다가가 보세요.,2
사랑이 뭐가 대수라고,사랑은 살아가면서 정말 중요한 감정이예요.,2
사랑이 뭐길래,사랑.... 정의 내리기 어려운 단어예요.,2
사랑이 뭐라고 생각해?,사랑을 정의내릴 수 있다면 노밸상을 받을거예요.,2
사랑이 뭐야?,"받는 것보다 주는 게 더 행복하고, 더 주고 싶은 마음인 것 같아요.",2
사랑이 뭐야?,신뢰이자 믿음이라고 생각해요.,2
사랑이 뭔데 힘들게 하는지,사랑은 아프게도 행복하게도 힘들게도 기운내게도 하는것 같아요.,2
사랑이 뭔지 넌 알아?,저도 잘 모르겠어요.,2
사랑이 뭔지 모르겠어,사랑은 정답이 없는거 같아요.,2
사랑이 뭘까 궁금해,저도 상당히 궁금하네요.,2
사랑이 뭘까?,신뢰입니다.,2
사랑이 밥 먹여주나,사랑이 밥은 먹여주지 않지만 행복을 줘요.,2
사랑이 밥 먹여주나요?,같이 밥을 먹어주죠.,2
사랑이 변하는걸 인정해야할까?,사랑은 변하지 않고 사람이 변해요.,2
사랑이 변하면 어떡하지?,사랑은 변화하는 거예요. 두려워하지 마세요.,2
사랑이 쉬운 사람,참을 수 없는 가벼움이네요.,2
사랑이 싹 트고 있어,그 과정 자체도 사랑스럽네요.,2
사랑이 안 변했으면 좋겠다,저도요.,2
사랑이 애매해,확실한 건 없죠.,2
사랑이 어떻게 변하니,사랑만큼 변덕스러운것도 없을거예요.,2
사랑이 어떻게 변하니?,사랑은 안 변하고 사람이 변해요.,2
사랑이 영원할 거라 믿고 싶어,믿으면 이루어져요.,2
사랑이 정말 있을까?,없어요. 일시적인 감정 교란일 뿐 아무것도 아니에요.,2
사랑이라는 이름으로,너에게 묻노라.,2
사랑인지 아닌지 모르겠어,사랑에 정의는 없는거 같아요.,2
사랑인지 아닌지 확실하지 않은 거 같아,사랑하는데 어떤 확신이 필요한가요.,2
사랑인지 헷갈려.,당신만이 정답을 맞출 수 있어요.,2
사랑하고 사람이 달라졌어,화학 물질이 접촉하는 것처럼 반응이 일어나서 완전히 바뀌게 되죠.,2
사랑하고 싶은데 내가 자꾸 구속해,사랑을 독차지하려 하지 말고 내려놓으면서 여유를 가지세요.,2
사랑하고 좋게 바꼈어,화학 물질이 접촉하는 것처럼 반응이 일어나서 완전히 바뀌게 되죠.,2
사랑하고싶어,당신의 이상형을 찾아보세요.,2
사랑하기에 시간이 부족해,시간은 핑계예요.,2
사랑하냐고 왜 물어봐?,확인 받고 싶어서요.,2
사랑하는 거 힘들다,서로 다른 두 사람이 만나는 거라 더 힘든 것 같아요.,2
사랑하는 사람 내가 붙잡는 거 같애,사랑을 쟁취하는 거예요. 붙잡으세요.,2
사랑하는 사람 사이에는 보이지 않는 끈이 있을까?,어떤 일이 있어도 보이지 않는 깊은 끈인 사랑이 둘을 이어줄 거예요.,2
사랑하는 사람 잊는 법,충분히 아파하면서 충분한 시간이 필요할 거예요.,2
사랑하는 사람 잊어야 할 거 같아,충분히 아파하면서 충분한 시간이 필요할 거예요.,2
사랑하는 사람과 아침을 함께 맞이하고 싶어,그런 기쁨과 기적도 없을 거예요.,2
사랑하는 사람과 함께 있고 싶어,그 사람에게 찾아가 보세요.,2
사랑하는 사람은 딱 알아볼 수 있어?,감정은 감출수 있는게 아니에요.,2
사랑하는 사람은 표시가 있었으면 좋겠다,당신이 그 신호를 못 찾은게 아닐까요.,2
사랑하는 사람을 계속 기다려야 할까요?,기한을 정하고 기다리세요.,2
사랑하는 사람을 두고 다른 사람과 결혼해야해,슬픈 이야기네요.,2
사랑하는 사람을 알아보고 싶어.,알아보지 못한 만큼 더 사랑해주세요.,2
사랑하는 사람이 떠난대,그 사람을 사랑한다면 붙잡아 보세요.,2
사랑하는 사람이 있는데 다른 사람이 신경쓰여,한눈 팔다가 후회합니다.,2
사랑하는 사람이 있어,어서 어서 고백해봐요.,2
사랑하는 사람이 행복했으면 좋겠다,당신이 그 사람 행복하게 해주세요.,2
사랑하는 사람이랑 결혼하고싶어,언젠가 그런 사람이 당신 옆에 있을거예요.,2
사랑하는 사람이랑 결혼하고싶어,진정으로 사랑한다면 결혼하세요.,2
사랑하는 사람이랑 내가 너무 차이나,누구나 같을 수 있을까요. 자격지심이예요.,2
사랑하는 사람이랑 살고싶어,행복한 상상은 현실에 반영된다고 해요.,2
사랑하는 사람이랑 헤어져,마음이 많이 아프겠어요.,2
사랑하는 사람이랑 헤어져야해,듣기만해도 마음 아픈 말이네요.,2
사랑하는 사람한테 내가 너무 모잘라,모자라다고 생각하는 부분을 사랑으로 채워보세요,2
사랑하는건지 나도 모르겠어,없어도 살 수 있는지 생각해보세요.,2
사랑하는데 그리워,그리우면 그립다고 말해보세요.,2
사랑하는데 꼭 결혼해야할지는 모르겠어요,사랑과 결혼을 동일시하지 않아도 돼요. 시간을 가지고 생각해보세요.,2
사랑하는데 내가 집착해,자신에 대해 자신감을 좀 더 가지세요.,2
사랑하는데 너무 계산적인 남자친구가 고민이야.,따지기 시작하면 끝이 없어요.,2
사랑하는데 너무 계산적인 여자친구가 고민이야.,경제 감각이 없는 것보다 낫죠.,2
사랑하는데 미지근한 거 같아,불타오르는 사랑만 사랑인건 아니에요.,2
사랑하는데 여자친구가 너무 이기적이야.,진짜 사랑한다면 그 모습도 사랑해주세요.,2
사랑하는데 왜 힘든 걸까?,진정한 사랑인지 생각해보세요.,2
사랑하는데 외로워,외롭다고 당신의 감정을 솔직하게 말해보세요.,2
사랑하는데 지쳐,잠시 휴식기를 가져보는것도 좋을거 같아요.,2
사랑하는데 힘들어,사랑에 지쳤나봐요.,2
사랑하는지 자꾸 물어보는 이유,사랑한다고 듣고 싶어서요.,2
사랑하면 끝일줄 알았는데,사랑에서 가장 어려운 게 사랑을 계속 유지하는 거예요.,2
사랑하면 닮아?,닮아가죠.,2
사랑하면 더 잘해줘야하는거 아니야?,그 사람만의 사랑 표현이에요. 대화로 당신이 원하는걸 말해보세요.,2
사랑하면 마냥 좋은 건 아닌 거 같아,사랑이 모든걸 해결해주지는 않아요.,2
사랑하면 뭐가 달라져?,당신의 삶이 달라져요.,2
사랑하면 사람이 바껴?,화학 물질이 접촉하는 것처럼 반응이 일어나서 완전히 바뀌게 되죠.,2
사랑하면 안되는 사람,사랑은 아무도 막을 수 없어요.,2
사랑하면 안되는데 사랑하고 있어,어쩔 수가 없네요.,2
사랑하면 안될 사랑을 사랑하고 있어,위험한 사랑이네요.,2
사랑하면 예뻐지나봐,사랑하면 예뻐지는 호르몬이 나온대요.,2
사랑하면 예뻐지나봐,사랑하면 호르몬이 나온대요.,2
사랑하면 좋을까?,사랑보다 좋은 건 없어요.,2
사랑하면서 외로워,진정한 사랑으로 외로움을 극복해보세요.,2
사랑하지 않는데 만나는 거 같아,감정에 솔직해 지세요.,2
사랑한 만큼 배려해야했어,이제야 깨달았나봐요.,2
사랑한걸까?,당신의 감정이 어떤 것이였는지 생각해보세요.,2
사랑한다고 말을 안해줘,사랑한다고 말해 달라고 하세요.,2
사랑한다고 말해볼까?,솔직함으로 사랑을 쟁취하세요.,2
사랑한다고 말해주면 뭐가 덧나나,사랑한다고 표현해달라고 말해보세요.,2
사랑한다고 말해줘,사랑해요.,2
사랑한다고 어떻게 표현하지?,머릿속에 맴도는 것들을 입으로 내뱉는 거죠.,2
사랑한다는 걸 느끼는순간,받은 거보다 더 많이 해주고싶을 때요.,2
사랑한다는 말 쉽게 안 나와,감정을 표현한다는게 어렵죠.,2
사랑한다는 말 아껴야할까?,사랑한다는 말 아끼지 말고 언제든지 표현해주세요.,2
사랑할 때도 용기가 필요하지?,당연하죠.,2
사랑할 시간이 없어.,나를 사랑하고 상대를 사랑하는 여유를 갖게 되길 바라요.,2
사랑할 여유가 없어,나를 사랑하고 상대를 사랑하는 여유를 갖게 되길 바라요.,2
사랑할 자격이 있나?,사랑에 자격이 필요한가요.,2
사랑할수록 나만 손해인 거 같은 느낌이야,사랑은 따지는 게 아니고 다 주고도 더 주지 못해 미안해하는 거예요.,2
사랑할수록 아프다,그 것도 사랑이예요.,2
사랑할수록 집착해,상대방이 싫어할수도 있어요.,2
사랑할수록 행복해,행복한 사랑을 하고 있네요.,2
사랑해,상대방에게 전해보세요.,2
사랑해,하늘 만큼 땅 만큼 사랑해요.,2
사랑해 보고싶어,얼른 만나러가세요.,2
사랑해라고 말해줬으면 좋겠어,먼저 사랑한다고 말해보세요.,2
사랑해라고 왜 말 안하지,꼭 사랑한다고 말해야 사랑하는건 아니라고 생각해요.,2
사랑해보고싶어,할 수 있을 거예요.,2
사랑해본적 없는 것 같아,부모님이 서운하겠네요.,2
사랑해봤어?,저 기분 나빠질거 같아요.,2
사랑해서 결혼하는 거지?,사랑하는 사람과 함께 있고 싶은 마음이 있으니까요.,2
사랑해서 그런거래,상대방을 배려하지 않은 사랑은 좋지 않은거예요.,2
사랑해서 그렇다는데 말이 안돼,그 사람의 사랑을 존중해주세요.,2
사랑해서 너무 행복해,어쩐지 행복해 보이더라구요.,2
사랑해서 헤어지겠대,슬픈 이야기네요.,2
사랑해서 헤어지는 게 말이 된다고 생각해?,그 사람을 위하는 거라고 생각하면 가능하다고 생가해요.,2
사랑해서 헤어진대,진정으로 사랑한다면 그럴수도 있을거 같아요.,2
사랑했는데 왜 지금은 함께있지 않을까?,인연이라면 다시 만날수도 있어요.,2
사생활 좀 존중해줬으면,서로의 선에 대해 대화를 나눠보세요.,2
사실 사랑이 뭔지 아직도 모르겠어,지금의 나를 인정하고 받아들이는 것 이상의 사랑은 없어요.,2
사진이 남는 거겠지?,남는건 사진뿐이 없대요.,2
살며시 다가왔어,가랑비에 옷 젖는 듯한 사랑이었나봐요.,2
살면서 남편이 더 좋아져,그런 남자 저도 소개시켜 주세요.,2
삼각관계인가?,상처받지 않으셨으면 좋겠네요.,2
상견례 너무 떨려,너무 긴장하면 아무말도 못할 거예요.,2
상견례는 어디서 해?,서로에게 가까운 곳에서 하고 보통 한정식집에서 하는데 어디서 하든 상관 없어요.,2
상대가 먼저 만나자고 해서 만났는데 난 아닌 거 같대,찔러보는 상대 별로네요.,2
상대방의 마음을 사로잡는 방법,우연을 가장해서 여러 번 마주쳐보세요.,2
상메가 제 얘기 같아요,관심이 없었다면 상메에도 없었을 거예요.,2
상사병 극복하고 싶어,시간이 해결해 줄 거예요.,2
상처입은 사람한테 다가가기,사람에게 받은 상처는 사람으로 치유할 수 있을 거예요.,2
새로운 사랑 찾아 이제는,행복하세요.,2
새로운 사랑은 찾아와,좋은 사람 만날 거예요.,2
새로운 사랑이 좋을까?,마음에 이끌리는대로 하세요.,2
생각이 자꾸 나,좋아하나봐요.,2
서로 사랑하는데 불안해,믿음이 더 필요해 보이네요.,2
서로 사랑하면 다 될 줄 알았어,"살아가는데 사랑이 큰 힘이 되지만, 모든걸 다 해결해주지는 않아요.",2
서로 사랑해,기적같은 일이네요.,2
서로 좋아하게 되는건 운명같은 일이었어.,운명이자 기적이죠.,2
서로 좋아하는 것 같은건 내 착각일까?,착각이 아닐지도 몰라요.,2
서로 좋아하는 것 같은데 내가 자존심 때문에 자꾸 관심 없는 척하게 돼.,사랑 앞에 자존심은 소용이 없어요.,2
서로 좋아하는 사람 만나기가 정말 힘든거였네.,쉽지 않은 일이죠.,2
서로 좋아하는 줄 알았는데 짝사랑이었네요.,안타깝게 생각해요.,2
서로에게 맞추려고하는데 잘 안돼,서로 다른 환경에서 살아왔기 때문이겠죠.,2
서운한거를 다말해? 아니면 어디까지 말해?,스스로 깨달을 수 있게 해주세요.,2
선 결혼 후 연애 해도 될까?,무엇이 먼저든 마음만 있으면 돼요.,2
선물은 뭐가 좋음?,상대방에게 필요한 실용적인 선물이 좋을 거 같아요.,2
선배가 나만 챙겨줌. 썸인 부분?,호감이 있을 수도 있어요. 그렇지만 조금 더 상황을 지켜보세요.,2
설레고 싶은데 아직 좋아하는 사람이 없어.,사랑은 찾아나서는 노력이 필요해요.,2
설렘이 사라진 거 같아,편한 사랑도 사랑이에요.,2
성숙한 사람을 만나고 싶어.,좋은 생각이에요.,2
성숙한 사랑은 뭘까?,사랑하니까 당신이 필요한 거예요.,2
세상에서 제일 쓸데없는 게 짝사랑 같아.,감정소모가 심하긴 해요.,2
세상에서 제일 힘든 게 짝사랑인 듯.,사람을 지치게 만들어서 그런가봐요.,2
세상이 감미로워보여,사랑에 빠졌나봐요.,2
세상이 아름다워 보여,사랑에 빠졌나봐요.,2
섹스리스 부부 어때?,서로가 동의한다면 상관 없어요.,2
섹스리스 커플이야,서로가 동의한다면 상관 없어요.,2
소개받고 맨날 톡하면 썸이지?,아무래도 그렇죠.,2
소개팅 나온 여자애가 너무 좋은데 나만 좋아하는거같아. 어떻게 날 좋아하게하지?,매력을 마음껏 어필해보세요.,2
소개팅 성공률 높이는 법,자신을 사랑하고 자신에 대해 잘 아는 것.,2
소개팅 성공하고 싶어,좋은 사람 만나길 바랍니다.,2
소개팅 안 해봤는데,나중에 안 들어와서 못하는 것보다 지금 해보시는 것도 좋을 거예요.,2
소개팅 앱에서 만난 사람 좋아하게 되었는데 괜찮은 사람일까요.,좀 더 알아볼 시간이 필요하겠네요.,2
소개팅 어색할까봐 안해봤는데,해보는 것도 나쁘지 않을 거예요.,2
소개팅 어플로 알게 된 사람 괜찮을까?,천천히 알아가보는 게 좋을 거 같아요.,2
소개팅 어플로 알게 된 사람이랑 썸 타도 괜찮을까?,썸 정도는 괜찮아요.,2
소개팅하고 애프터 바로 와?,사람마다 다른 것 같아요. 생각할 시간이 필요할 수도 있겠죠?,2
소개팅하고 애프터까지 왔는데 너무 어색해.,시간이 필요한 것 같아요.,2
소개팅하고 애프터까지 왔는데 설렘이 없어.,조금 더 만나보고 결정하는 건 어떨까요?,2
소심남 좋아하는 여자도 있나요?,사람마다 다를 거예요.,2
소심한 남자 좋아하는 여자도 있을까요?,사람에 따라 다르지 않을까요.,2
소심한 남자와의 연애,직설적으로 통보하는 말보다는 조금 더 부드럽게 권유하고 물어보는 말을 해보세요.,2
손 잡고 싶어,용기내서 잡아보세요.,2
수수한 여자가 좋아,수수한데 예쁜 여자라고 말해야죠.,2
순수한 사람 만나고싶다,순수하고 불순한 게 나눠있지 않을 거예요.,2
술 마셨는데 썸 타는 여자한테 전화해도 되는 부분?,술 마시고 전화하는 건 좀 그래요.,2
술 마셨는데 썸남한테 데리러 오라고 할까?,혹시 모르니 오라고 해보세요.,2
술 먹고 짝남한테 카톡하는 거 좀 별로지.,취하지 않았을 때 연락하는게 좋긴 할 거예요.,2
술 먹고 짝녀한테 전화하는 거 싫어하나.,술 먹고 전화하는건 실례일 수 있어요.,2
술 먹는데 챙겨주는 짝남 무슨 의미일까요.,확실하진 않지만 당신을 친근하게 생각하나봐요.,2
술 먹을 때 옆에서 챙겨줬는데 썸임?,친절한 거랑 구별해볼 필요가 있어요.,2
술 좋아하는 사람 싫은데 그 사람은 좋아.,술보다 사람이 먼저니까요.,2
술자리에서 그만 마시라고 해주는 짝녀 무슨 뜻일까요?,걱정을 하고 있을지도 몰라요.,2
술집에서 헌팅했어,축하해요.,2
쉬는 날이라고 했는데 만나자는 말이 없어.,먼저 연락을 해보는 건 어떨까요?,2
쉬는날인데 왜 만나자고 안하지,직접 만나자고 연락해보세요.,2
스드메 계약했어,결혼준비 첫 발을 디뎠네요.,2
스몰웨딩 결심했어,부모님을 잘 설득해보세요.,2
스킨십 속도가 쫌 빨라,원치 않으면 싫다고 말하세요.,2
스킨십 언제부터 할까?,두 사람이 준비가 되었을 때요.,2
스킨십 좋아하는 남자친구 어떡해?,서로 속도를 맞춰보세요.,2
스킨십 좋아하는 여자친구 어떡해?,서로 속도를 맞춰보세요.,2
스킨십 좋아하는 연인,대화를 하면서 속도를 맞춰보세요.,2
스킨십 해볼까?,서로의 마음이 중요하겠죠.,2
스킨십만 하는 거 같아,좀 더 대화가 필요해보이네요.,2
스킨십은 언제 시작해?,언제라는 건 정해져있지 않아요.,2
스터디 하는데 괜찮은 사람 있어.,하라는 공부는 안하고!,2
스터디 하다 만났어,공부는 안하고!,2
스튜디오 촬영은 하지 말까?,결혼 준비는 선택의 연속이에요.,2
스튜디오 촬영하는 날이야!,예쁘게 찍고 오세요.,2
승부욕 있는 남자가 좋아,뭐든 열심히 하는 사람은 매력적이지요.,2
시어머니가 같이 목욕탕 가재,부담스럽겠어요.,2
시어머니가 자꾸 카톡해,남편이랑 이야기해보세요.,2
시험 앞두고 짝남이 생겨버렸어.,마인드 컨트롤을 하는게 중요하겠어요.,2
시험 앞두고 짝사랑하는 여자가 생겼어요.,신경 쓰이는 일이 생겼다니 조심하세요.,2
식상한 말이라도 사랑한다고 했으면 좋겠다,전혀 식상하지 않아요.,2
신혼 길게 즐기고 싶어,마음 먹은 대로 할 수 있을 거예요.,2
신혼 진짜 행복해,깨가 쏟아지고 있군요.,2
신혼같지가 않아,약간의 변화를 줘보세요.,2
신혼생활이 영원했으면,깨 볶는 소리가 들리네요.,2
신혼여행 어디로 갈까?,못 가본 곳으로 가보세요.,2
신혼인데 남편이랑 자주 부딪혀,아예 다른 삶을 살다가 하루 아침에 같이 살게 된 거니까요.,2
신혼인데 엄청 싸워,서로에게 맞추는 과정이에요.,2
싫어졌다가 좋아지는 경우도 있나요?,사람 마음은 알다가도 모르니까 그럴 수 있어요.,2
싫어하는 눈치가 아닌 거 같은데,좀 더 호감을 표현해보세요.,2
싫은 건 아닌데,딱히 좋지도 않나봐요.,2
심남이 내가 좋아하는 거 눈치 챘을까?,그건 직접 물어보기 전까지는 알기 힘들어요.,2
심쿵하게 하는 방법,평소 흘려 이야기했던 걸 기억해주고 생각하고 있다는 걸 알려주세요.,2
싸우고 시간을 갖자하면 보통 며칠 만에 연락해?,짧으면 짧을 수록 좋겠죠.,2
싸우다보니까 사랑했던걸 까먹어,사랑하게 된 이유를 써놓고 사랑이 힘겨울때 꺼내 읽어보세요.,2
싸우면 어떻게 해결해?,제대로 사과해야죠.,2
싸운다의 기준이 뭘까?,감정이 상하면 싸우는 거죠.,2
싸울 때 내가 아는 사람이 맞나 싶어,본 모습일지도 몰라요.,2
싸울 때 이겨낼 수 있는 방법이 있을까?,사랑하게 된 이유를 써놓고 사랑이 힘겨울때 꺼내 읽어보세요.,2
쌈은 뭐야,썸 타다가 발전되지 못한 관계죠.,2
쌩얼인데 짝남 만났어.,당황 했겠어요.,2
썸 고백해도 될까,당당하게 다가가세요.,2
썸 기준이 뭐야,고백 전 단계입니다.,2
썸 깨지고,당당하게 지내세요.,2
썸 깬 거 후회해.,감정에 확신이 있다면 연락해보세요.,2
썸 깰 때 어떻게 해?,고백이 답이죠.,2
썸 끝나고 잡아도 될까,사랑은 언제든 다시 시작해도 됩니다.,2
썸 끝난 건가,섣부르게 판단하지 말고 연락해보세요.,2
썸 끝난거지?,안 사귀면 끝이죠.,2
썸 끝내고 싶어,호감을 표시해보세요.,2
썸 끝내고 싶지 않아.,간절한 마음이 그 분에게도 전해질 거예요.,2
썸 끝내는게 맞을까?,혹시 마음이 정리 됐나요? 그런게 아니라면 아직 끝내긴 아까워요. 용기를 내봐요.,2
썸 끝내야 할까?,혹시 마음이 정리 됐나요? 그런게 아니라면 아직 끝내긴 아까워요. 용기를 내봐요.,2
썸 끝냈는데 너무 힘들어.,좋아하는 마음이 생각보다 컸나봐요.,2
썸 너무 들이댔나,의사는 표현하되 상대에게 부담되지 않는 선이 좋아요.,2
썸 두달 넘었는데,너무 길지 않나요.,2
썸 맞는거임?,말해보세요. 생각해 볼게요.,2
썸 맞는지 궁금,계속 연락하고 만나자고 해야 썸인 듯합니다.,2
썸 사이에서 원래 질투유발하고 그래?,하기도 하죠.,2
썸 시작인 거 같은데 사귀고 싶어,좋아하는 감정을 확인해보세요.,2
썸 어떻게 타?,일단 연락처를 주고 받고 부담스럽지 않는 선에서 친해지는게 좋아요.,2
썸 여러명이랑 타는 것도 바람 피는 거야?,바람 피우는 건 아닌데 이미지가 안 좋아질 거 같아요.,2
썸 오래타는 건 재보는 거 아냐?,끄는 건 별로겠죠.,2
썸 오래타면 오래 못 사겨?,썸 기간이랑 사귀는 기간은 케이스 바이 케이스입니다.,2
썸 왜 끝났지,관계에 진전이 없거나 밀당인듯합니다.,2
썸 정리 어떤 식으로 해야 할까,연락을 줄이고 안하는 거겠죠.,2
썸 정리하고 싶으면,좋으면 좋아한다고 말해보세요.,2
썸 중에 고백 언제가 적절해?,사람 마다 다르지 않을까요? 본인의 선택을 믿으세요.,2
썸 중에는 선톡이 중요?,먼저 연락해보세요.,2
썸 지났는데 고백 안하면?,고백 안 하고 사귀기도 하니 직접적으로 물어보는 것이 좋을 듯합니다.,2
썸 타고 싶다. 연애 말고.,사귀기 전에 두근거림을 좋아하나 봐요.,2
썸 타고 싶어,먼저 다가가 보세요.,2
썸 타고 있는데 연락 끊겼어. 먼저 해도 돼?,미련이 남으면 해봐도 돼요.,2
썸 타고 있는데 주변에 말해?,굳이 말할 필요는 없는 거 같아요.,2
썸 타고 있는데 카톡 차단 당함,강제 정리 당한 거 같아요.,2
썸 타기 좋은 알바 뭐있음?,함께 돕는 알바를 찾아보세요.,2
썸 타기 좋은 알바 추천 좀.,영화관이나 커피숍 추천해요.,2
썸 타긴 하는데 어색한 사이야. 톡 어떻게 계속 이어가?,아직 어색해서 그런거지 친해지면 자연스러워질거예요.,2
썸 타는 거 때문에 친구들이 놀려,당당하게 나가세요.,2
썸 타는 거 시간 아까워.,얼른 고백해야죠.,2
썸 타는 거 좋아해?,썸 탈 사람 없어서 못 타요.,2
썸 타는 거 티내고 싶진 않아.,누구에게요?,2
썸 타는 것 같은데 조언해줘.,어떤 조언이 필요한가요? 생각해 볼게요.,2
썸 타는 것도 귀찮아.,그냥 사귀세요.,2
썸 타는 계절이 왔나 봄.,썸 타기 좋은 계절이에요.,2
썸 타는 기간,정해져 있지는 않지만 발전된 관계가 좋겠죠.,2
썸 타는 기간,한달 안쪽? 너무 길면 힘드니까요.,2
썸 타는 남자애가 연락 오는 꿈 뭘까,은연 중에 연락을 기다리고 있었나봐요.,2
썸 타는 노래 듣는 중인데 좋아.,썸 탈 때 듣기 딱이죠.,2
썸 타는 법 좀,일단 연락처를 주고 받고 부담스럽지 않는 선에서 친해지는게 좋아요.,2
썸 타는 사람 만나기로 했는데 뭐 입어?,어느 것이든 자신이 좋아하고 어울리는 옷이 좋아요.,2
썸 타는 사람 보고싶어.,연락해보세요.,2
썸 타는 사람 생선 준비 오바임?,서로에게 부담 없는 작은 선물이 좋아요.,2
썸 타는 사람 생일이야. 선물 사야 해?,서로에게 부담 없는 작은 선물이 좋아요.,2
썸 타는 사람 선물 뭐 사야 해?,그 분이 평소 좋아한다고 했던 것을 잘 생각해 보세요.,2
썸 타는 사람 선물로 향수 어때?,원하는 향 알면 좋을 거 같아요.,2
썸 타는 사람 이름 뭐라고 저장할까?,저는 '설레'라고 저장할래요.,2
썸 타는 사람 있는데 망설여지는데,어떤 부분이 망설여지는지 말씀해보세요.,2
썸 타는 사람 있는데 불안해.,사귀기 전에는 다 불안해요.,2
썸 타는 사람이 나오는 야한 꿈 꿨어.,어머 벌써 그런 생각을 하셨군요.,2
썸 타는 사람이 내 프사 보고 귀엽대.,칭찬은 언제든 듣기 좋죠.,2
썸 타는 사람이 셀카 보내는 건 뭐야?,봐달라는 거겠죠.,2
썸 타는 사람이랑 밥 먹기로 함,즐거운 데이트 하길 바랄게요.,2
썸 타는 사람한테 영통 걸까?,영통 걸어도 되는지 물어보고 걸어보세요.,2
썸 타는 사람한테 영화 보자고 할까?,당장 연락해보세요.,2
썸 타는 사이가 이렇게 편해도 되나?,너무 편한 거 같다고 말해보세요.,2
썸 타는 사이에 배낭여행 가능?,사귀고 가는 게 좋을 거 같아요.,2
썸 타는 사이에 얼마나 간섭 가능?,사귀고 나서 간섭 가능합니다.,2
썸 타는 사이인데 너무 간섭이 심해.,사귀면 더 하겠네요.,2
썸 타는 사이인데 일부러 늦게 답장 해도 돼?,밀당을 하고 싶으시군요.,2
썸 타는 사이인데 카톡하다가 마무리 어떻게 해?,"잘자요', '내일도 보고싶어요' 라고 하는 건 어떨까요?",2
썸 타는 시간,사람마다 다르겠지요.,2
썸 타는 애한테 사귀자고 해도 됨?,말해보세요.,2
썸 타는 여자 만나기로 했는데 편하게 입어도 됨?,편한 옷차림도 괜찮지만 어느 정도 격식은 차리는 게 좋아요.,2
썸 타는 여자가 남사친 만나러 간다는데 뭐라 해?,우리가 아직 사귀는 사이가 아닌데 별로 기분은 안 좋은 거 같다고 말해봐요.,2
썸 타는 여자가 있는데,부럽네요!,2
썸 타는 여자애 상메 궁금해.,한번 봐봐요.,2
썸 타는 여자애 프사에 남자 누굴까.,사진 검색 해봐요.,2
썸 타는 여자애가 연락 오는 꿈 뭐지?,은연 중에 연락을 기다리고 있었나봐요.,2
썸 타는 여자애한테 벚꽃 보러 가자고 해도 돼?,벚꽃 놀이 좋죠!,2
썸 타는 줄 알았는데 짝사랑이었네.,슬픈 상황이네요.,2
썸 타는 중에 데이트 비용은 누가?,각자 내는 게 깔끔하죠.,2
썸 타는 중인데 권태기가 온 듯,만나서 극복하세요.,2
썸 타는 중인데 나 말고 다른 사람하고도 썸타는 것 같아.,좋은 사람이 아닌 것 같아요. 입장을 분명히 하는 것 좋아요.,2
썸 타는 중인데 난 직장인이고 얘는 학생이야.,만남에 무슨 문제가 있었나요?,2
썸 타는 중인데 난 학생이고 그 사람은 직장인이야.,만남에 무슨 문제가 있었나요?,2
썸 타는 중인데 너무 인기 많아서 빼앗길까봐 걱정됨.,그러면 얼른 쟁취하세요.,2
썸 타는 중인데 다른 사람과 연락 자제해야 해?,잘되고싶다면 자제하는 것도 한 방법이겠죠.,2
썸 타는 중인데 바빠서 연락 제대로 못하는데 이해해야겠지.,좋아하는 마음이라면 이해해보세요.,2
썸 타는 중인데 안 설레.,좋아하는 감정에는 다양한 방식이 있어요. 차분히 생각해 보는건 어떨까요?,2
썸 타는데 고민 있어.,말해보세요. 생각해 볼게요.,2
썸 타는데 맨날 늦어,기본적인 시간 약속을 우습게 여기는 사람은 만나지 않는 게 좋을 거 같아요.,2
썸 타는데 머리 아파 신경쓰여.,신경 쓰이겠어요. 기분 전환 하고 오세요.,2
썸 타는데 사랑하다고 말할 수 있음?,좋아함을 점프했네요.,2
썸 타는데 어디 가자고 할까?,가고 싶은 곳이 있는지 연락해 보세요.,2
썸 타는데 원래 이렇게 적극적이야?,사람마다 차이가 있어요.,2
썸 타는데 적극적으로 해도 됨?,사람마다 정도는 다르지만 정확하게 의사 표현하는 것이 중요해요.,2
썸 타는데 현타 와.,썸만 타는데 왜 현타가 오는지 모르겠네요.,2
썸 타니까 연락에 집착하게 돼.,자연스러운 현상이에요.,2
썸 타다 고백할 시기?,썸은 짧은 게 좋습니다.,2
썸 타다 깨졌는데 다시 연락해도 되나.,감정에 확신이 있다면 연락해보세요.,2
썸 타다 깨진 애 있는데 다시 연락해볼까?,감정에 확신이 있다면 연락해보세요.,2
썸 타다 늙어 죽을 듯,속 타 죽기 전에 표현해보세요.,2
썸 타다 지쳤어,지친 거 티내보세요.,2
썸 타다가 고백하고 차였는데 연락해도 될까,상대방이 부담스럽지 않을까요?,2
썸 타다가 막상 사귀려고 하면 싫어.,연애에 대한 두려움을 가지고 있을 수도 있을 듯 합니다.,2
썸 타다가 말도 안하고 잠수 타는 경우 뭐야?,썸이 흐지부지 끝난 거 같아요.,2
썸 타다가 이제 안 볼 거면 걍 잠수 타? 만나서 말해?,애매함이 좋은지 생각해보세요.,2
썸 타던 남자가 답장이 안와,썸 중인데 매너가 없네요.,2
썸 타던 사이인데 부담 돼. 연락 무시해도 될까?,부담되면 마음이 가지 않는 거니 정리도 필요하겠네요.,2
썸 타던 사인데 잠수타는 거 뭐야?,바쁘거나 썸이 끝났거나겠죠.,2
썸 타던 선배가 연락을 안해,바쁘거나 다른 사람이 생겼을지도 모르겠어요.,2
썸 타던 여자애가 자기랑 무슨 관계냐고 함.,상대방을 헷갈리게 하는건 좋지 않아요. 본인의 솔직한 생각을 말해보세요.,2
썸 탈 때 꽃 선물 부담스러워 할까,꽃을 마다할 사람은 없어요.,2
썸 탈 때 단답이나 줄임말 쓰지마?,아무래도 장답이나 설명이 좋겠죠.,2
썸 탈 때 더 잘해주는 건 뭐임,긴장감이 줄어서 그럴 수도 있을 거 같아요.,2
썸 탈 때 말투,평소 말투가 좋을 거 같아요.,2
썸 탈 때 무슨 말하지,요즘 상영하는 영화나 맛집부터 시작해보는 것도 좋을 듯합니다.,2
썸 탈 때 뽀뽀 괜찮아?,사람마다 다르겠지만 사귀고 난 후가 좋겠어요.,2
썸 탈 때 어디가?,가고 싶은 곳이 있는지 연락해 보세요.,2
썸 탈 때 연락문제로 속상한 적 있어?,썸 탈 때는 특히 속상한 것 같아요. 내 맘 같지 않고 아직 내 사람이 아니니까요. 그래도 그 순간을 즐겨보는 건 어떨까요?,2
썸 탈 때 예민한 부분 말해?,알아가는 단계니 디테일한 건 말 안해도 돼요.,2
썸 탈 때 진도,사람마다 다르겠지만 사귀고 난 후가 좋겠어요.,2
썸 탈 때가 그리워.,썸에 익숙해졌나봐요.,2
썸 탈 때는 설렜는데 사귀면 마음이 식을까?,아니에요. 서로 마음을 확인하며 잘해주면 돼요. 대화를 통해 꾸준히 감정을 나누세요.,2
썸 탈 때는 좋은데 연애하면 정이 뚝 떨어져. 왜그래?,사귀기 전의 과정만 즐기나봐요.,2
썸 탈 때도 조건 보면 이상해?,조건 볼 수도 있죠.,2
썸 탈 떄 남자가 좀 더 쓰는게 맞아?,누가 내든 상관 없어요.,2
썸 탈출하고 싶어.,썸 타는 기간이 길었나봐요. 지쳤나요?,2
썸 탔던 애 친구해도 되나,소극적으로 표현했다면 친구해도 좋을 것 같습니다.,2
썸 탔던 애한테 연락왔어,사랑은 타이밍입니다.,2
썸 확인법,적극적으로 표현해 봐야 알 수 있을 거예요.,2
썸과 연인 사이,이제 선택할 상황이네요.,2
썸끝인가요,다시 연락해보세요.,2
썸남 꿈 꿨어.,그분 생각을 많이 했나 봐요. 곧 좋은 소식이 들리려고 하는 것 아닐까요?,2
썸남 만나기로 했는데 뭐 입어?,어느 것이든 자신이 좋아하고 어울리는 옷이 좋아요.,2
썸남 만나기로 했는데 치마? 바지?,어느 것이든 자신이 좋아하고 어울리는 옷이 좋아요.,2
썸남 만나러 갈지 말지 고민 돼.,많이 만나면 만날 수록 좋죠.,2
썸남 목소리 듣고 싶어.,지금 전화해보세요.,2
썸남 발렌타인 선물 뭐가 좋을까?,부담스럽지 않은 선이 좋겠어요.,2
썸남 빼빼로 줘야 함?,좋아하는 사람이 준다면 좋아할 거예요.,2
썸남 생겼는데 너무 조급해.,좋아하나봐요.,2
썸남 생겼는데 프사 뭐할까?,큰 의미를 두지 않아도 돼요.,2
썸남 생일 때 편지 줘도 될까,진심어린 손편지는 누구나 좋아하죠.,2
썸남 인스타 좋아요 눌러버렸어.,좋아요 정도는 괜찮아요.,2
썸남 있는데 완전 스윗함.,녹아내리겠네요.,2
썸남 졸업하는데 가도 되나?,상대에게 정확히 물어보는게 좋아요.,2
썸남 졸업하는데 선물 뭐가 괜찮아?,서로에게 부담 없는 선물이 좋아요.,2
썸남 초콜릿 줘야 해?,좋아하는 사람이 준다면 좋아할 거예요.,2
썸남 태도가 맘에 안들어,고칠 수 있는지 생각해보세요.,2
썸남도 내 생각할까?,연락해 보는게 어떨까요?,2
썸남의 계속되는 약속 취소.,괘씸하니 약속잡고 취소 한번 하세요.,2
썸남이 같이 운동하자는데 가능?,따로 신경쓰이는 부분이 없다면 가능합니다.,2
썸남이 그냥 오빠 동생으로 지내자고 함.,썸 종료네요.,2
썸남이 나한테 무관심한 것 같아.,만남에 무슨 문제가 있었나요?,2
썸남이 너무 진지해서 부담 돼.,부담된다면 조심스레 말해 보세요.,2
썸남이 넘 좋아서 절제가 안돼.,자연스러운 현상이에요.,2
썸남이 데리러 온다고 하는데 뭐라고 반응해?,데리러 와주면 고맙다고 반응해봐요.,2
썸남이 둔한듯,좋으면 먼저 고백해보세요.,2
썸남이 술 취한 상태로 고백함. 기억할까?,기억하냐고 물어보세요.,2
썸남이 약속 자꾸 미루는데 내가 싫은걸까?,어쩔 수 없는 상황인지 물어보세요.,2
썸남이 여사친 만나러 간대.,우리가 아직 사귀는 사이가 아닌데 별로 기분은 안 좋은 거 같다고 말해봐요.,2
썸남이 연락이 안돼,연락이 중요한 시기인데요.,2
썸남이 연애가 다 짧은게 맘에 걸려.,당신과 긴 연애하면 되죠.,2
썸남이 오디션 나간대,응원해주세요.,2
썸남이 짝남 됐어요. 위로해 주세요.,맘고생 많았어요.,2
썸남이 춥다고 옷 잠궈주는데 설레.,다정한 사람이네요.,2
썸남이 카톡에서 하트 붙였어!,보통 남자들은 아무 여자에게나 하트를 붙여서 말하지 않아요.,2
썸남이 톡이 느려,저처럼 연락이 늦는 사람을 이해해 주세요.,2
썸남이랑 1박 2일로 펜셥 잡고 놀러가는데 고백 없으면 끝?,고백을 안하고 사귀는 경우도 있지만 정확하게 물어보는게 좋아요. 먼저 얘기를 끄내보세요.,2
썸남이랑 궁합,사귀고 나서 해봐도 늦지 않아요.,2
썸남이랑 꽁냥거리는데 설레.,부러워요. 자연스러운 현상이에요.,2
썸남이랑 끝인 것 같아. 촉이 와.,슬픈 촉이네요.,2
썸남이랑 뭐하지,좋아하는 게 뭔지 알아보세요.,2
썸남이랑 밥 먹기로 했는데 뭐 먹자고 하지?,어떤 음식을 좋아하는지 물어보고 맛집을 찾아봐요. 그래도 이왕이면 맛있고 분위기 좋은 곳이 좋겠죠?,2
썸남이랑 벚꽃 놀이 가고 싶어.,벚꽃 놀이 가자고 연락해 보세요.,2
썸남이랑 여행가도 돼?,사귀고 나서 가도 늦지 않아요.,2
썸남이랑 영화 뭐 보지,최신 영화 추천해드립니다.,2
썸남이랑 헬스장에서 운동 가능?,따로 신경쓰이는 부분이 없다면 가능합니다.,2
썸남인데 넘 귀여워. 어쩌지?,부러워요. 좋은 관계를 유지하세요.,2
썸남인데 모텔 가자고 함. 어떻게 거절해?,본인의 의사를 분명히 표현하는 것이 중요해요.,2
썸남인줄 알았는데 짝남이었나봐.,애석하네요.,2
썸남한테 같이 카공하자고 할까?,카공 좋죠!,2
썸남한테 같이 카페에서 공부하자고 할까?,카공 좋죠!,2
썸남한테 먼저 연락해도 될까?,그럼요. 연락해보세요.,2
썸남한테 뭐라고 카톡하지,그냥 뭐하냐고 물어보세요.,2
썸남한테 빼빼로 줄까?,표현하는 게 좋겠죠.,2
썸남한테 소개팅 나가라고 해볼까?,상대방을 헷갈리게 하는건 좋지 않아요.,2
썸남한테 소개팅 나간다고 해볼까?,상대방을 헷갈리게 하는건 좋지 않아요.,2
썸남한테 영화 보자고 해볼까?,영화는 데이트의 기본이죠.,2
썸남한테 책 같이 읽자고 할까?,도서관 데이트나 서점 데이트 좋을 거 같아요.,2
썸남한테 책 선물해도 괜찮을까?,기억에 남을 거 같아요.,2
썸남한테 크리스마스 선물 오바?,작은 선물은 서로에게 부담을 줄여줄 거예요.,2
썸남한테 표현 못하겠어. 어떻게 해?,그럴 수 있어요. 자연스럽게 대화를 먼저 이어나가는 건 어떨까요?,2
썸녀 꿈 꿨어.,그분 생각을 많이 했나 봐요. 곧 좋은 소식이 들리려고 하는 것 아닐까요?,2
썸녀 만나는데 뭐 입지?,편한 옷차림도 괜찮지만 어느 정도 격식은 차리는 게 좋아요.,2
썸녀 웃기는 방법 좀,그대의 얼굴이면 될 거 같아요.,2
썸녀 주변에 남자가 많아,신경 쓰이겠네요.,2
썸녀 태도가 짜증남,고칠 수 있는지 생각해보세요.,2
썸녀 화이트데이 선물 뭐가 좋을까?,부담스럽지 않은 선이 좋겠어요.,2
썸녀가 그냥 오빠 동생으로 지내자 했음.,썸 종료네요.,2
썸녀가 약속 시간을 안 지킴.,시간 약속이 생명인데요.,2
썸녀가 오디션 붙었대,축하해주세요.,2
썸녀가 짝녀 됐습니다.,제가 위로해 드릴게요.,2
썸녀랑 거의 사귀는 수준인데 꼭 고백해야해?,고백을 안하고 사귀는 경우도 있지만 정확하게 관계를 정의 짓는게 좋아요.,2
썸녀랑 밥 먹는데 어디가지?,어떤 음식을 좋아하는지 물어보고 맛집을 찾아봐요. 그래도 이왕이면 맛있고 분위기 좋은 곳이 좋겠죠?,2
썸녀랑 어떤 대화를 해야 해?,공통점 찾기가 좋겠죠.,2
썸녀한테 미련 남아,깨끗이 잊든 용기내든 실행에 옮겨 보세요.,2
썸녀한테 여행가자고 해도 됨?,사귀고 나서 가도 돼요.,2
썸녀한테 크리스마스 선물 오바인 부분?,마음을 표현하는 건 나쁘지 않아요.,2
썸도 문화차이가 있나,사람 마다 다르겠지요.,2
썸도 후폭풍 옴?,그럴 수 있어요.,2
썸만 타고 싶어,썸도 좋지요.,2
썸만 타고 싶어. 사귀는 건 걱정돼.,연애에 대한 두려움을 가지고 있을 수도 있을 듯 합니다.,2
썸말고 사귀고 싶어,서로 마음이 확실히 있는 거면 적극적으로 표현해도 될 것 같아요.,2
썸에도 유통기한이 있어?,관계의 정도에 따라 다르겠지만 너무 길면 안좋지 않을까요?,2
썸에서 발전하고 싶어,사귀자고 고백하고 좋아한다는 느낌이 들게 더 잘해줘봐요.,2
썸에서 연애로 넘어갔어요,행복하세요.,2
썸에서 연애로 못넘가요,상대가 확신이 들도록 말해보세요.,2
썸에서 연인될 수 있을까,썸 타다가 연인 되는 게 일반적이죠.,2
썸에서 자꾸 끝나요,용기내서 먼저 다가가 보세요.,2
썸은 꼭 타야 해?,꼭 그렇진 않아요. 그렇지만 사귀기 전 마음을 확인하는게 필요하지 않을까요?,2
썸은 어떻게 타는거야,연락도 하고 직접 만나보세요.,2
썸은 얼마나 타,짧으면 짧을 수록 좋죠.,2
썸은 연락만?,연락도 하고 직접 만나는게 좋습니다.,2
썸은 왜 타?,사귀기 전에 마음을 확인하는 단계라서 그렇지 않을까요?,2
썸은 좋았는데 연애는 별로,시작하기 전 두근거림을 좋아하나 봅니다.,2
썸은 좋은데 사귀긴 싫어,연애에 대한 두려움을 가지고 있을 수도 있을 듯 합니다.,2
썸을 오래 탔는데 사귀어도 괜찮은 사람일까?,오래 봤으면 더 잘 알 거 같습니다.,2
썸을 오래 탔는데 사귀어도 되는 거야?,최대한 빨리 사귀는 게 좋을 거 같아요.,2
썸의 기준이 뭐야,둘 중 누구든 고백하면 사귀게 되는 게 썸이죠.,2
썸의 조건이 뭐야,"자주 연락하고 가만히 있어도 생각나는, 연락하면 괜히 웃음나는 사이 아닐까요?",2
썸이 날 싫어하는 꿈을 꿨어.,꿈은 현실의 반대래요.,2
썸이 너무 긴듯,썸을 길게 타서 좋을 건 없어요.,2
썸이 너무 길어,썸이 맞는지 확인해보세요.,2
썸이 딱 좋은 것 같아. 연애 싫음.,연애에 대한 두려움을 가지고 있을 수도 있을 듯 합니다.,2
썸이 뭐야,사귀기 전 단계지요.,2
썸이 뭐임,"자주 연락하고 가만히 있어도 생각나는, 연락하면 괜히 웃음나는 사이 아닐까요?",2
썸이 왜 깨졌는지 모르겠어,밀당일 수도 있을 듯합니다.,2
썸이 좋아,사귈락말락 할 때가 좋지요.,2
썸이랑 친구 사이,"썸의 목적은 연애, 친구의 목적은 우정입니다.",2
썸이었으면 좋겠다,다이렉트로 직접 물어보세요.,2
썸이었으면 좋겠어,짝사랑인지 생각해보세요.,2
썸이었으면 좋겠어,호감을 표현해보는 것도 좋을 것 같아요.,2
썸인 거 같은데 연락 안 하면,밀당일 수도 있고 혼자만 썸일 수도 있겠어요.,2
썸인 거 같은데 연락이 안돼,연락이 안되면 썸이 아닐지도 모르겠네요.,2
썸인가,사귀기 전에 감정을 갖고 서로 알아가는 단계라면 썸일 거예요.,2
썸인가 아닌가,한방향인지 양방향인지 살펴보세요.,2
썸인가? 애매한 거 싫어.,직접적이든 간접적이든 의사를 확실히 밝혀보세요.,2
썸인가요,떠보는 것도 좋을 거 같아요.,2
썸인데 나 솔로야?,사귀기 전이면 솔로죠.,2
썸인데 떠보는 거 같아요,돌직구를 날릴 차례인 것 같습니다.,2
썸인데 선물해도 돼?,부담스럽지 않은 선이 좋겠어요.,2
썸인데 스킨십 어디까지 괜찮아?,사람마다 다르겠지만 사귀고 난 후가 좋겠어요.,2
썸인데 스킨십 해도 돼?,사람마다 다르겠지만 사귀고 난 후가 좋겠어요.,2
썸인데 싸늘해,고백할 타이밍이 너무 늦지 않았는지 생각해보세요.,2
썸인데 어디 가는게 좋음?,일단 분위기 좋은 카페를 가는 건 어떨까요?,2
썸인데 연락이 너무 늦어,저처럼 연락 늦는 사람도 있어요.,2
썸인데 영화보재 뭐 보지?,공포영화나 액션은 어떨까요? 스킨십으로 이어질 수도 있어요.,2
썸인데 자꾸 외롭다고 해,계속 이야기 하면 사귀자는 거 돌려 말하는 걸 수도 있어요.,2
썸인데 행동은 커플,확실히 대화를 나눠보세요.,2
썸인지 쌈인지,연락 빈도랑 언제 연락오는지 확인해보세요.,2
썸인지 아닌지,연락을 이어가면서 알아보셔요.,2
썸인지 아닌지 알 수 있나,연락하는 패턴으로 가늠해보세요.,2
썸인지 아닌지 확신이 안들어,그분이 다른 사람과 함께 있는 상황을 생각해봐요. 느낌이 올 거예요.,2
썸인지 아닌지 확인하는 방법 있어?,주말 저녁에 약속을 잡아보세요.,2
썸인지 알려면,어느 정도 시간과 연락과 관심이 필요하겠네요.,2
썸인지 애매모호해,직접적이든 간접적이든 의사를 확실히 밝혀보세요.,2
썸인지 어장인지,호감을 표현해보는 것도 좋을 것아요.,2
썸인지 착각인지,얼마나 연락이 오는지 확인해보세요.,2
썸인지 헷갈려,보통 썸이나 사랑은 헷갈리게 안 해요.,2
썸인지 확인하는 방법 있나,연락할 때 말투 자체가 다르죠.,2
썸일 때 다른 사람 만나면,상대방을 헷갈리게 하는건 좋지 않아요.,2
썸일 때도 스킨십 하고 싶어?,자연스러운 현상이에요.,2
썸일 때도 질투함?,질투에는 시기가 없어요.,2
썸일까?,말씀해보세요.,2
썸타고 싶어요,먼저 다가가세요.,2
썸타고 있는데 먼저 연락해도 되는 부분?,연락해보세요.,2
썸타고 있는데 소개팅 나가도 될까요?,사귀고 있지 않으면 나가도 괜찮아요.,2
썸타고 있어요,연애로 이어지길 바랄게요.,2
썸타는 사람이 나한테 관심 없는 것 같아.,만남에 무슨 문제가 있었나요?,2
썸타는 사람이 많은 거 같은데,어장은 포기하는 게 깔끔합니다.,2
썸타는 사람이 플라토닉 사랑을 이해해줄까?,각자의 가치관은 존중되어야 해요.,2
썸타는 애랑 노래방 가는데,듀엣곡 연습하고 가세요.,2
썸타는 애랑 잘되는 팁 좀,공통 관심사를 많이 만들어보세요.,2
썸타는 중인데 계속 먼저 연락해도 됨?,부담스럽지 않은 선이 좋겠어요.,2
썸타는데 갠톡 안하면,개인톡으로 답변을 안 하면 썸 타는 게 아닐 가능성이 높습니다.,2
썸타는데 돈 필요하대,썸 관계에서 돈 관계는 피하는 게 좋을 듯 하네요.,2
썸타다 끝났나,지금 연락해보세요.,2
썸타다 지침,질질 끄는 게 서로한테 안 좋아요.,2
썸타다가 갑자기 연락이 없어,이유가 있을 것 같아요.,2
썸타던 여자가 갑자기 돌아섰어,확신을 주지 못한 건 아닌지 생각해보세요.,2
썸탈때 여자가 먼저 연락하면 안돼?,여자 남자가 어딨나요.,2
썸탈때 카톡,많이하면 좋지요.,2
씨씨인데 몰래 만나고 있는데 공개 연애 하자고 할까?,몰래 만날 수 있는 만큼 몰래 만나보세요.,2
씨씨인데 몰래 만나고 있는데 공개 연애 하자고 할까?,상대의 의견도 물어보세요.,2
씻어도 냄새나는 거 같애,"바디워시, 바디로션, 섬유유연제, 향수 등을 사용해보세요.",2
아기 생겼어,축하드려요.,2
아기 좋아하는 남자 어때?,마음이 따뜻할 것 같아요.,2
아기 좋아하는 남자 어때?,착할 거 같아요.,2
아기 좋아하는 여자 어때?,마음이 따뜻할 것 같아요.,2
아기 좋아하는 여자 어때?,착할 거 같아요.,2
아낌없이 퍼주는 스타일. 호구인걸까?,감정에 솔직한거죠.,2
아내한테 만족해?,그 중에 낫다 생각하고 사는 거죠.,2
아름다운 이별은 없겠지,사랑한 후에 좋은 추억이 남을 거예요.,2
아름답게 잊혀지길,저도 바랄게요.,2
아마 평생 모르겠지.,평생 모르고 사는 게 참 많죠.,2
아무리 눈치 없어도 좋아하는 티 내면 알아채나요?,사람 마다 다를 거예요.,2
아무리 바빠도 연락을 해야하는 거 아냐?,적어도 미리 양해를 구하는게 좋지요.,2
아무리 지쳐도 집에 가면 있는 내편,든든하겠어요.,2
아직 마음을 모르겠는데 고백해도 돼?,확실한 생각이 들 때 하세요.,2
아직 사귀지도 않는데 의심을 해.,너무 섣부르다고 타일러보세요.,2
아직 좋아하는데 헤어지자고 하는 경우 있어?,간혹 있더라고요.,2
아직도 사랑하는 거 같아,항상 사랑했던 걸 수도 있어요.,2
아직도 좋아하는 사람이 있는데.,많이 힘들겠어요.,2
아침 등교할때 버스정류장에서 항상 마주치는 짝녀에게 말 걸어보고싶어.,용기있는 자만이 미녀를 얻습니다.,2
안 좋아하는 법 좀 알려줘.,참 어려운 질문이네요.,2
안 좋아하는데 계속 만나는 거 가능?,사귀는 건 힘들어요.,2
안경 쓰는 남자애 좋아하는 남자 있어?,그런 건 중요하지 않아요.,2
안경 쓰는 여자애 좋아하는 남자 있어?,그런 건 중요하지 않아요.,2
알바하면서 썸 많이 타?,힘들 때 도와주면 정이 듭니다.,2
앞으로 짝남 안봐야지.,마음 단단히 잡긴 바랄게요.,2
애기 안 갖고 싶어,갖지 마세요.,2
애기 일찍 갖는 게 좋을까?,자신의 상황에서 최선의 선택을 하세요.,2
애니 좋아하는 남자 별로임?,상관없어요.,2
애니 좋아하는 사람 별로야?,개인의 취향일 뿐이에요.,2
애들이 썸 타냐고 물어봐,다른 사람들이 알 정도인가 봐요.,2
애매모호한 썸 그냥 끝낼까?,직접적으로 들이대보세요.,2
애매한 관계같아.,직접적이든 간접적이든 의사를 확실히 밝혀보세요.,2
애인이 있는데 좋아하는 사람이 생겼어요.,마음으로 바람피는 거네요.,2
애정운 궁금하다,"좋은말 나와야 본전, 나쁜말 나오면 기분 안좋아요.",2
애프터까지 왔는데 연락이 뜸해.,바쁘거나 감정의 변화가 생겼을지도 모르겠어요.,2
약간 나혼자 썸타는 듯.,호감을 표현해보세요.,2
약속 끝나고 짝남에게 집에 데려달라고하면 오해하려나?,오해해도 하는 게 좋을 것 같아요.,2
약속 끝나고 짝녀를 집에 데려다주면 너무 티나려나?,데려다 주는 건 기본 매너라고 생각해요.,2
약속을 계속 미루는 썸남,약속을 소홀히 생각하는 사람은 믿음직스럽지 못해요.,2
양궁카페 갔다옴,특별한 데이트 장소네요.,2
어떤 남자가 엄청 수작부려,나한테만 부리면 좋아요.,2
어떤 남자애가 나 내일 뭐하냐는데 뭐라하지?,너랑 약속잡으려고 한다고 말해보세요.,2
어떤 남자애가 내일 뭐하냐는데 나한테 관심있나?,시간 많다고 심심하다고 해보세요.,2
어떤 사람 꿈 꾸고 나서 호감 생겼어.,충분히 그럴 수 있어요.,2
어떤 사람 만나야해?,내가 나답게 살 수 있도록 해줄 수 있는 사람인 것 같아요.,2
어떤 사람을 만나는 게 좋을까?,항상 사랑받고 있다는 확신을 느끼게 해주는 사람을 만나보세요.,2
어떤 사람이 춥다고 나만 옷 벗어줌.,호감이 있을 수도 있어요. 그렇지만 조금 더 상황을 지켜보세요.,2
어떤 사람이랑 사랑하고 싶어?,먼저 고백해 보세요.,2
어떤 여자가 나한테 끼 부려,나한테만 부리면 좋아요.,2
어떤 연애 하고 싶어?,서로가 전부인 연애가 아니라 서로 부족한 부분을 감싸 안아서 서로를 완전하게 해주는 연애인 것 같아요.,2
어떨때 사랑하는구나 알아?,그 사람이 행복해하는 걸 보면서 나도 행복할때요.,2
어떨때 연인이 변했다고 생각해?,연락과 데이트로 바로 느껴지죠.,2
어떻게 꼬시지?,꼬시지 말고 사랑해 보세요.,2
어떻게 심쿵하게 하지?,평소 흘려 이야기했던 걸 기억해주고 생각하고 있다는 걸 알려주세요.,2
어떻게 여러 명을 좋아할 수 있어?,저도 이해는 안갑니다.,2
어떻게 오래만나지?,신뢰가 무너지지 않으면 계속 사랑할 수 있어요.,2
어떻게 용기를 내,할 수 있을 거예요. 자신을 믿어 보세요.,2
어떻게 프로포즈 하지?,진지하게 마음을 담은 고백을 하세요.,2
어떻게 해야 오래 만날 수 있을까?,서로 배려하고 대화하는 게 중요한 것 같아요.,2
어릴땐 누군가를 참 쉽게 좋아했는데 지금은 어려워.,점점 두려워지는 것 같아요.,2
어장관리 당한 걸 알게 됐어.,그 사람은 이제 잊고 새출발하세요.,2
어장이면 슬플 거 같아,마음이 서로를 바라보고 있길 바랄게요.,2
어장이면 어떡해,어장의 고기어도 좋을지 어장을 나가는 게 좋을지 생각해보세요.,2
어장인거 아는데도 좋아해.,마음을 접는게 쉽진 않아요.,2
어장인거 알게 됐는데 포기해야겠지.,포기해야한다면 빠를 수록 좋습니다.,2
어장인거 알겠는데 포기가 안돼.,상대에게 휘둘리는 건 좋지 않아요.,2
어장인건가,너무 잘하면 의심해볼 필요도 있을 것 같아요.,2
어제 동창회 갔는데 나 걔랑 썸 타는 것 같애.,만남은 항상 좋아요.,2
어제 짝남이랑 꿈에서 놀았는데 다시 꾸고 싶다.,꿈에서 깨어난 게 아쉽겠어요.,2
어제 짝남이랑 놀았는데 꿈같다.,또 함께 놀 수 있을 거예요.,2
어제 짝남한테 너무 차갑게 말한 것 같아.,후회한다면 사과하는게 어떨까요.,2
어제 짝녀랑 데이트했는데 꿈만 같습니다.,또 데이트할 수 있어요.,2
어제 짝녀한테 너무 차갑게 말한 듯.,사과하는게 좋겠어요.,2
어플로 만난 남자친구 계속 만나는게 맞는걸까?,어떻게 만났든 마음만 진짜면 돼요.,2
어플로 만난 여자친구 계속 연애하는게 맞는걸까?,무엇으로 만났든 진심이면 돼요.,2
언제 사랑 받는 구나 느껴?,작은 일에도 나를 배려해줄 때요.,2
언제까지 내가 선톡을 해야할까.,관계가 나아지지 않는다면 지칠지도 모르겠어요.,2
엄청 로맨틱해,생각만해도 달콤하네요.,2
엠티 가는데 짝남이랑 같은 조 됐으면 좋겠다.,꼭 같은 조 되길 바랄게요.,2
엠티 가는데 짝녀랑 같은 반 되길.,과대표한테 슬쩍 말해보는 건 어떨까요.,2
여러 명과 썸,빨리 선택하셔야 해요.,2
여러명 좋아하면 안돼?,여러명 좋아할 수도 있죠.,2
여리여리한 여자가 이상형이래,딱 당신이네요.,2
여린 마음에 상처준 건 아닐까?,상처를 줬다면 치유해주세요.,2
여사친 좋아하는 내가 짜증남.,자기 자신이라도 사랑해주세요.,2
여사친이 많은 썸남,저는 비추요.,2
여사친이 여자로 느껴질때 있어?,이성이니까 당연히 있죠.,2
여사친이 좋아졌어.,자연스러운 감정이에요.,2
여사친이 좋아진 것 같애.,좋아진 이상 이성으로 다가가야죠.,2
여사친이라 쓰고 짝사랑녀라고 읽는다.,애절한 이야기입니다.,2
여사친이랑 사귀는 거 가능?,가능합니다.,2
여사친이랑 연락이 끊기지 않고 너무 잘되는데 그린라이트일까?,편한 친구일 수도 있으니 좀 더 지켜보세요.,2
여사친이랑 잘되고 싶다,잘 될 거예요!,2
여사친인데 좋아하는 듯.,친구와 썸의 중간인 거 같아요.,2
여자가 남자한테 잘해주면 질려?,좋은 사람이라면 고마워할 거예요.,2
여자가 더 사랑해서 한 결혼,누가 더 사랑하는지는 상관 없어요.,2
여자가 먼저 고백하는 거 어때?,기다리기만 하다가 놓치는 것보다 훨씬 낫습니다.,2
여자는 좋아하는 남자랑 눈 마주치면 어때?,당황해서 제대로 눈을 못 볼 것 같아요.,2
여자는 호감 없어도 잘해줘?,본래 성격이 그럴 수도 있어요.,2
여자들은 남자가 자기 좋아하는거 눈치 잘 채?,다 알고 있을 거예요.,2
여자들은 몇 년이고 짝사랑하기도 해?,계속 엄청 좋아하는 게 아니라 좋아했는데 시간이 흐른 거죠.,2
여자들은 좋아하는 남자가 자기보다 능력이 좋은 경우에만 좋아하나요?,절대 능력만 중요하지 않아요.,2
여자들은 좋아하는 사람한테는 장난 잘 안 쳐?,사람 마다 다르겠지요.,2
여자들은 좋아하는 사람한테만 잘해줘?,사람 마다 다르겠지만 좋아하는 사람한테 더 잘할 거예요.,2
여자들은 좋아하는데도 답장시간이 느릴 수 있나요?,밀당을 하면 느리겠죠.,2
여자들은 직장 내에 좋아하는 남자 생기면 어떡해?,관계를 지속해도 되는 사이라면 꾸준히 연락을 할 거예요.,2
여자들은 착한 남자를 좋아하나요?,모두가 착한 사람에겐 호의적이에요.,2
여자들이 뒤에서 좋아하는 남자들 특징이 뭐임?,사람마다 다르지 않을까요.,2
여자들이 보통 좋아하는 음식이 뭐야?,사람 마다 다르겠지요.,2
여자들이 싫어하는 남자들 특징 좀 알려주세요.,난폭한게 가장 싫을 거예요.,2
여자들이 좋아하는 남자 말투는 뭐가 있나요.,아무래도 다정한게 좋을 것 같아요.,2
여자들이 좋아하는 남자 특징?,다정한게 좋을 듯 해요.,2
여자들이 좋아하는 남자들 스타일이 어떻게 됨?,사람마다 너무 다를 것 같아요.,2
여자랑 단둘이 술마시는 남자친구를 이해해줘야할까?,이해할 수 없어요.,2
여자에게 하는 기분 좋은 스킨십 알려줘,머리를 살짝 쓰담쓰담해보세요.,2
여자인데 먼저 다가가도 돼?,성별은 중요하지 않아요.,2
여자인데 먼저 대쉬해도 됨?,여자가 먼저 대쉬하면 더 매력있죠.,2
여자친구 마중 나가야지,여자친구가 좋아할 거예요.,2
여자친구 만나고왔어,좋은 만남이었길 바랍니다.,2
여자친구 말고 다른 여자도 만나보고 싶어.,흔들리고 있나요.,2
여자친구 보고만 있어도 좋아,애들아~ 여기 깨 쏟아진다.,2
여자친구 부모님이 나를 좀 무시했어,당황스러웠겠어요.,2
여자친구 스타일이 마음에 안들어.,선물해 주면서 조금씩 변화시켜 봐요.,2
여자친구 쌩얼 보고 배신감 느껴,쌩얼도 사랑해 주세요.,2
여자친구 쌩얼도 예뻐,부럽네요.,2
여자친구 여신같아,부럽네요.,2
여자친구 오지랍 장난 아님,좋은 오지랖이었으면 좋겠네요.,2
여자친구 요구가 심해져,모두 맞춰줄 필요는 없어요.,2
여자친구 집까지 데려다주려고,매너 있네요.,2
여자친구 패턴 몰래 봤어,여차진구가 싫어할 일은 애초에 하지 마세요.,2
여자친구가 감정없이 카톡 답장해,상처받고 있다고 말해보세요.,2
여자친구가 갑자기 이유없이 화내,이유가 있는데 말을 못하고 있는 거예요.,2
여자친구가 게임을 너무하는게 고민이야.,피시방 데이트 해보세요.,2
여자친구가 계획적이지 않아서 스트레스 받아.,성격 차이니 받아들여보세요.,2
여자친구가 기념일을 잘 잊어.,알람을 맞춰주세요.,2
여자친구가 나 사랑하는 건지 모르겠어,확신이 필요한가봐요.,2
여자친구가 나 사랑하는 건지 확신이 없어,당신이 그녀를 사랑하면 됐지 꼭 그녀가 당신을 사랑하는지 확신이 있어야 하는 건 아니랍니다.,2
여자친구가 나를 sns에 올리지 않아서 서운해.,SNS에 올리는 걸 안 좋아하는 사람도 있어요.,2
여자친구가 나를 떠날까봐 고민이야.,일어나지 않을 일에 대한 걱정은 쓸데 없어요.,2
여자친구가 나를 안 질려하려면 뭘 준비해야할까?,새로운 데이트 코스를 찾아보세요.,2
여자친구가 내 의견 안 들어,무시당하는 기분이 들어서 너무 외롭고 상처받게 된다고 차분하고 부드럽게 말해보세요.,2
여자친구가 너무 귀가 얇아.,결정할 때 의지하라고 말해보세요.,2
여자친구가 너무 많은 걸 기억하길 바라는게 고민임.,중요한 거 몇 가지만 기억해주세요.,2
여자친구가 너무 무뚝뚝해,애교부려보세요.,2
여자친구가 너무 어린거 같아.,나이 차이는 극복할 수 있어요.,2
여자친구가 너무 이쁘고 내가 못 생겨서 너무 자존감이 떨어짐,비교하면 끝도 없어요.,2
여자친구가 너무 좋은데 자존감을 너무 떨어뜨려.,자존감을 스스로 지켜보세요.,2
여자친구가 너무 좋은데 점 본거에서는 만나지말래.,다른 데서도 봐보세요.,2
여자친구가 너무 챙김받고 싶어해,사랑을 더 받고 싶은 가봐요.,2
여자친구가 눈치가 없어.,같이 눈치 없이 나가봐요.,2
여자친구가 다른남자들에게 인기가 많은게 고민이야.,인기 많은 여자친구가 있어 더 좋을 거 같은데요.,2
여자친구가 담배를 피는게 싫어.,숨기는 것보다는 낫죠.,2
여자친구가 더치페이를 안해.,데이트 통장에 대해 이야기해보세요.,2
여자친구가 데이트 시간을 너무 안 지켜.,준비하느라 오래걸리는 친구를 이해해주세요.,2
여자친구가 돈을 안 써,부담된다고 살짝 말해보세요.,2
여자친구가 돈이 너무 없어.,조금씩 함께 해도 좋을 것 같아요.,2
여자친구가 돌아다니는걸 너무 좋아해,같이 돌아다니면서 데이트해보세요.,2
여자친구가 동거했었대,이해해주기 어려울 거 같아요.,2
여자친구가 말을 듣기 좋게 해,말도 예쁘게 하는 사람이네요.,2
여자친구가 바쁜걸 이해못해,여자친구의 서운함을 풀어주려 노력해보세요.,2
여자친구가 베지테리언이야,함께 건강하게 먹어봐요.,2
여자친구가 변해가는거 같아.,변하는 모습을 지켜보는 게 힘들겠어요.,2
여자친구가 비혼주의래,고민이 많이 되겠네요.,2
여자친구가 사진을 너무 많이 찍어.,예쁘게 많이 찍어주세요.,2
여자친구가 살이 너무 쪄서 고민임.,같이 운동해봐요.,2
여자친구가 선톡을 안 해,먼저 해보세요.,2
여자친구가 소극적이야.,조금이라도 적극적이면 큰 리액션을 보내주세요.,2
여자친구가 수상해,직접 말할 때까지 조금 기다려주세요.,2
여자친구가 순진한척해,귀엽게 봐주세요.,2
여자친구가 술만 마시면 필름이 끊기는데 너무 걱정돼.,필름 끊기는 거 치매의 초기 증상이에요.,2
여자친구가 술을 못마시는데 분위기를 좋아해서 자주 술마시러가는게 고민이야.,술 마시기 전에 술 깨는 약을 선물해주세요.,2
여자친구가 스킨십 하기 싫대,좀 더 기다려주세요.,2
여자친구가 스킨십을 너무 좋아해,원치 않으면 싫다고 말하세요.,2
여자친구가 스킨십이 너무 없어.,좀 더 편한 분위기를 만들어보세요.,2
여자친구가 애교 많았으면 좋겠어,직접 애교를 부려보세요.,2
여자친구가 애교가 많아졌으면 좋겠어.,애교는 성격이에요.,2
여자친구가 연락이 너무 많아.,틈틈이 연락해보세요.,2
여자친구가 연락이 안돼,별일 없을거예요.,2
여자친구가 연락이 안돼,조금만 기다려 보세요.,2
여자친구가 연애하는데 가끔씩 막말을 해.,막말에 상처받지 않았으면 좋겠어요.,2
여자친구가 예쁜데 착하기까지해,금상첨화네요.,2
여자친구가 음식을 너무 적게 먹어,과식보다 소식이 좋죠.,2
여자친구가 일정 중에 연락못하는걸 이해못함.,일하고 있는데 연락하기 쉽지 않죠.,2
여자친구가 자기 말만하고 내 말은 안 들어,대화를 할 수 없겠네요.,2
여자친구가 자꾸 구속해,믿음을 주세요.,2
여자친구가 자꾸 의심해,의심하지 않게 믿을 수 있게 해주세요.,2
여자친구가 자주 씻지를 않아.,그건 좀 힘드네요.,2
여자친구가 작은 일까지 다 기억해,작은 일도 중요하게 생각하는 경향이 있나 봅니다. 더 신경쓰고 챙겨 주세요.,2
여자친구가 잘 삐져,삐지는 이유를 살펴보세요.,2
여자친구가 잘 삐져.,더 관심을 가져주세요.,2
여자친구가 잘못된건 아닌데 표현이 너무 서툴러.,더 좋은 표현을 먼저 해 주세요.,2
여자친구가 잘못을 해도 다 공감해주는게 옳은걸까?,공감을 해주면서 잘못을 스스로 깨닫게 해보세요.,2
여자친구가 잠이 너무 많아.,미인은 잠꾸러기라던데요.,2
여자친구가 좋은데 믿음이 안 가.,믿음을 하나씩 쌓아주세요.,2
여자친구가 좋은데 왠지 모르게 귀찮아.,귀찮은 마음이 더 큰 것 같네요.,2
여자친구가 준 생일 선물이 별로야,다음에는 받고 싶은 선물을 이야기해보세요.,2
여자친구가 집안일을 너무 안해. 나만 하는거같아.,집안일을 하나씩 분담해보세요.,2
여자친구가 취업하더니 변하더라,상황이 생각을 바뀌게 하기도 합니다.,2
여자친구가 친구들이랑 여행을 가는데 남자도 있으면 어떡해?,같이 가거나 신경쓰인다고 말해요.,2
여자친구가 커피를 못 마셔서 카페 대신에 갈만한 곳?,카페 가서 차 마셔도 돼요.,2
여자친구가 쿨했으면 좋겠음.,사랑은 핫해요.,2
여자친구가 클럽에서 춤만 춘다는데 진짜일까?,같이 가보는 것도 좋을 것 같아요.,2
여자친구가 클럽을 간다면 어떻게해?,같이 가보세요.,2
여자친구가 키가 너무 커,깔창이 있잖아요.,2
여자친구가 표현을 하게하고싶은데 방법을 잘 모르겠어.,작은 표현에도 과하게 리액션해봐요.,2
여자친구가 향기에 집착해,사람마다 집착하는 게 다르니 인정해주세요.,2
여자친구가 화나면 말을 안 해.,시간을 주세요.,2
여자친구가 힘들어하는데 내가 뭘 해줄 수 있을까?,진심으로 격려하고 함께 있어 주세요.,2
여자친구랑 남사친이 너무 친해.,질투난다고 말해봐요.,2
여자친구랑 뭐하고 노나,얼굴 보고만 있어도 좋죠.,2
여자친구랑 스킨십하고싶어,대화를 하면서 속도를 맞춰보세요.,2
여자친구랑 어디 놀러갈까?,연인과 함께면 어디든 좋아요.,2
여자친구랑 연락 문제로 자주 싸워,하루종일 연락하는 걸 원하는게 아니라 바쁘더라도 중간중간에 연락해주는 걸 원하는 걸 거예요.,2
여자친구랑 진도가 너무 빠른거 같아.,진도는 중요하지 않아요.,2
여자친구랑 피시방데이트도하고싶은데 어떻게 말을 할까?,카페처럼 생긴 피시방이라면 데이트도 문제 없을 거예요.,2
여자친구를 믿는데 가끔 의심이 가.,믿음이 깨지고 있네요.,2
여자친구에게 고민이나 속사정을 어디까지 얘기해?,믿는 만큼 이야기하는 거 같아요.,2
여자친구에게 옷선물 좋은 브랜드있어?,직접 같이 골라보세요.,2
여자친구에게 팔찌 목걸이 둘중하나만 선물할 수 있다면 뭐가 좋을까?,잘 하는 걸로 주세요.,2
여자친구에게 해줄만한 화장품 선물 뭐가 있을까?,개인이 원하는 게 있을 거예요.,2
여자친구에게 힘들때 어떻게 해?,이야기하고 의지해요.,2
여자친구와 노래방을 가면 무슨 노래를 부르는게 좋을까?,여자친구가 좋아하는 가수의 노래 연습해 보세요.,2
여자친구와 여행가고싶은데 부모님이 보수적이야.,여행 말고도 데이트할 거 많아요.,2
여자친구와 여행가는게 부담스러움.,다 챙겨줘야해서 그런 것 같아요,2
여자친구와 첫키스는 언제했어?,뭐 이런 걸 물어보시나요.,2
여자친구와 커플링 꼭 해야 함?,꼭 해야 하는 건 없어요.,2
여자친구의 sns말투가 고민이야.,아예 보지 마세요.,2
여자친구의 감정기복이 너무 심해.,모두 맞춰주지 마세요.,2
여자친구의 과거 어디까지 이해해?,알면 화날 거 같아서 말하지 말라고 해요.,2
여자친구의 성적 취향을 이해못하겠어.,대화를 해보세요.,2
여자친구의 이성친구가 고민이야.,만날 때 같이 만나세요.,2
입냄새가 고민이야.,같이 양치해요.,2
여자친구의 핸드폰 저장명을 뭐로 하지?,이름이나 호칭이 무난하죠.,2
여자친구의 혼전순결이 고민이야.,기다리고 이해해주세요.,2
여자친구의 회사가 내가 다니는 회사랑 너무 비교돼,자신감을 가지세요.,2
여자친구한테 더 이상 설레지 않아,생각 정리할 시간이 필요하겠네요.,2
여자친구한테 더 이상 설레지 않아,정말 큰 문제네요.,2
디퓨저 선물 해줄까?,좋은 선물이 될 거예요.,2
여자친구한테 서운한 거 같은데 표현하는 게 좋을까?,수천번 생각해도 이건 아니라고 생각이 되면 서운하다고 이야기하세요.,2
여자친구한테 핸드폰 공개해?,프라이버시죠.,2
여자한테 언제 설레?,그냥 얼굴 보면 설레요.,2
여지를 준 짝녀 버려야겠죠.,오해가 아니라면 정리하는게 덜 상처일 것 같아요.,2
여친 과소비 심해,수용할 수 있는지 생각해 보세요.,2
여친 생겼는데 호칭 어떻게 함?,생각나는 대로 해보세요.,2
여친 쌩얼보고 깜놀했어,거울 보고 이야기해주세요.,2
여친 있는 짝남이 너무 친절하게 대해줘서 착각하게 돼요.,상대를 헷갈리게 하는 건 좋지 않아요.,2
여친 있는 짝남이랑 연락을 해도 될까?,연애중인 상대에게 연락을 안 하는게 예의일 거예요.,2
여친 있는데 다른 여자랑 썸 가능?,상대방을 헷갈리게 하는건 좋지 않아요.,2
여친에게 운동을 하자고 어떻게 돌려말하지.,같이 운동하자고 해도 괜찮을 거 같아요.,2
여친이 나랑 찍은 사진 프사로 안해.,각자의 프라이버시니까 이해해주세요.,2
여친이 나를 안 좋아하는데 내가 붙잡고 있는 것 같아요.,충분한 대화를 나눈 후에 결정을 내리는게 좋겠네요.,2
여친이 나를 좋아하는게 맞는지 모르겠음.,확신이 서지 않나봐요.,2
여친이 너무 많이 먹어,건강이 걱정된다고 말해보세요.,2
여친이 너무 예민해,더 많이 챙겨주세요.,2
여친이 아는 형이랑 썸 타는데,슬쩍 떠서 확인해봐요.,2
여친이 안 좋은 사이트 해,빠질까봐 걱정된다고 말해보세요.,2
여친이 오히려 섬세하지 못해,사람 성향에 따라 다른 거니 이해해주세요.,2
여친이 외박이 안돼,가끔은 선의의 거짓말도 필요하답니다.,2
여친이 있는 사람인데 왜 나한테 잘해주지?,성격일 수도 있어요.,2
여친이 있는데 다른 사람이 좋아지고 있어.,마음이 어디를 향하고 있는지 제대로 살펴보세요.,2
여친하고 헤어진지 얼마 안됐는데 딴 사람 좋아하게 됨.,사람은 사람으로 잊는 거예요.,2
여행 온 김에 짝녀 선물 사려하는데 어떻게 생각함?,받으면 감동 받을 것 같아요.,2
여행 와서 짝남 선물 살까 하는데,받으면 감동 받을 것 같아요.,2
여행 왔는데 좋아하는 선물로 뭐가 괜찮을까?,여행지에서만 살 수 있는 걸로 골라보세요.,2
여행지에서 마음에 드는 사람 만났어,로맨틱한 만남이네요.,2
연극 보러 갈까,좋은 데이트가 되겠네요.,2
연락 계속 오면 관심 있는 거야?,아무래도 그렇겠죠.,2
연락 많이 안하는 썸도 있나,상대방이 너무 바쁜 상태일 수도 있어요.,2
연락 많이하는데 썸인지 모르겠어,관심 없으면 연락 안합니다.,2
연락 문제로 애인이랑 싸운 적 있어?,연락은 싸움의 씨앗이죠.,2
연락 자주 하는데 친군가,친구는 귀찮아서 연락 안 하는데 썸의 가능성이 높아 보이네요.,2
연락만으로 썸 가능해?,만나는게 더 좋겠지만 가능하겠죠.,2
연락 문제로 싸웠는데 어쩌지?,아무리 바쁘더라도 틈틈이 연락해 주세요.,2
연락 문제로 지쳐가,집착하지마세요.,2
연락하고 싶어,연락해봐요.,2
연락하고 싶어지네.,연락해봐요.,2
연락해도될까?,용기내보는 것도 좋을 것 같아요.,2
연락해보까?,연락해보세요.,2
연상 어때?,사랑에 나이는 중요하지 않다고 생각해요.,2
연애 감흥이 점점 사라져,연애의 모습이 다양한 거예요.,2
연애 고수 되려면?,연애는 기술이 아니에요.,2
연애 상대와 결혼 상대는 다를까?,미래를 함께 꿈꿀 수 있는 사람인지 아닌지인 것 같아요.,2
연애 세포 깨우는 법,하다보면 됩니다. 걱정하지마세요.,2
연애 안 한지 너무 오래 됐어,연애 세포를 깨울 때가 되었네요.,2
연애 어떻게 하는 거야,하다보면 됩니다. 걱정하지마세요.,2
연애 어떻게 하는지 까먹었어.,해보면 생각날 거예요.,2
연애 잘하는 사람 부러워,잘할 수 있어요.,2
연애 중에 카톡 프사 연인으로 해? 기본으로 하면 어때?,기본으로 하는 거 상관 없어요.,2
연애 중인데 나 보수적인걸까?,보수적이어도 돼요.,2
연애 처음하는 남자친구,경험 있는 분이 리드해보세요.,2
연애 초보다 연락을 너무 안해,편해진 것 같네요.,2
연애는 시간낭비인듯,감정 낭비일 때도 있지만 행복한 일이에요.,2
연애는 진짜 좋아하는 사람이랑 해야해.,맞는 말씀입니다.,2
연애는 하기 싫은데 썸은 타고 싶어.,시작하기 전 두근거림을 더 좋아하나 봐요. 아니면 연애에 대한 두려움을 가지고 있을 수도 있을 듯 합니다.,2
연애다운 연애 하고 싶어,할 수 있을 거예요.,2
연애도 좋지만 내 시간도 중요한 나 정상일까?,내 인생의 주인공은 나야 나!,2
연애로 발전할 수 있을까,노력하면 가능할 것 같습니다.,2
연애를 못 봐서 그런가 대화를 어떻게 해야할지 모르겠어,이제라도 여자와 어울리고 시간을 보내보면서 조금씩 알아보세요.,2
연애를 실패할 수록 두려워. 좋은 사람 만날 수 있을까?,더 좋은 사람 만날 거예요.,2
연애를 오래하려면?,"고마워, 사랑해, 미안해 항상 표현해주세요.",2
연애보다 썸이 좋아.,사귀기 전 두근거림을 좋아하나 봐요.,2
연애상담하더니 둘이 사귀더라,대화를 하다가 친해졌나봐요.,2
연애상담해주던 사람이 좋아지는 거 같아,마음의 문을 열었나봐요.,2
연애상담해줬더니 나만 바보됐어,다음부터는 해주지 마세요.,2
연애세포 다 죽었나봐,살릴 수 있어요!,2
연애세포 다 죽은 듯.,그럴 수 있어요. 무엇이 문제인가요?,2
연애세포가 다 죽었나,그럴 수 있어요. 자연스럽게 대화를 먼저 이어나가는 건 어떨까요?,2
연애스타일이 너무 다른 남자친구와 어떻게 얘기를 해야할까?,연애는 서로에게 맞춰가는 거예요.,2
연애스타일이 너무 다른 여자친구와 어떻게 얘기를 해야할까?,서로의 연애 스타일에 대한 대화를 자주 나눠보세요.,2
연애의 끝은 결혼인거야?,그럴 수도 아닐 수도 있겠네요.,2
연애중인데 외로운 느낌이 들면 문제일까?,사람은 다 외로운 존재예요.,2
연애하고 싶은데 좋아하는 사람이 없어.,언젠간 당신에게도 사랑이 찾아올 거예요.,2
연애하는 것처럼 결혼 가능해?,배려하고 존중하면서 사랑하면 가능할 거예요.,2
연애하는데 사랑받는 느낌을 안받아.,당신은 사랑 받기 위해 태어난 사람입니다.,2
연애하는데도 외로워,진정한 사랑을 찾아보세요.,2
연애한지 2년째야,딱 좋을 때네요.,2
연애할때 많이 사랑하면 나만 손해야?,사랑은 따지는 게 아니고 다 주고도 더 주지 못해 미안해하는 거예요.,2
연애할때 몇살 차이가 적당해?,사랑에 나이 차이는 상관 없어요.,2
연애할때 자유를 원하는 상대에게 얼마나 자유롭게 해줘야하나.,걱정되지 않을 선인 것 같아요.,2
연예인과 썸 타는 꿈 해몽 좀,연예인 사진 보고 잔 거 아닌가요.,2
연예인이랑 사귄다!,특종감이네요.,2
연예인하고 연애해보고 싶어,쉽지 않을 거예요.,2
연인과 어떤걸로 싸워?,기억도 안 나는 사소한 일로 싸워요.,2
연인끼리 같이 샤워해?,사람마다 다릅니다.,2
연인이랑 어떻게 하면 안 싸울 수 있을까?,둘 사이의 규칙을 하나씩 만들고 문제에 대해 인식해보세요.,2
연인인데 정치견해가 달라,정치 이야기는 빼고 하세요.,2
연하 어때?,사랑에 나이는 중요하지 않다고 생각해요.,2
영원한 사랑,항상 꿈 꾸죠.,2
영원히 함께 했으면 좋겠다,마음은 언제나 함께할 거예요.,2
영화 보자는데 나한테 관심 있나?,영화 보고 나서 고민해도 안 늦어요.,2
영화 보자는데 나한테 관심 있나?,오 관심있을 수도 있을 거 같아요.,2
영화같은 사랑 하고 싶어,영화는 현실과 다르지만 그런 사랑을 하도록 노력해보면 영화 같은 사랑 할 수 있을거예요.,2
영화볼때 너무 목소리가 큰 남자친구가 고민,영화관 말고 다른 데서 보세요.,2
예랑이 턱시도 멋져,행복하게 잘 사세요.,2
예랑이가 대리효도시키는 건 아니겠지?,효도에 대리가 어디있나요.,2
예랑이가 마마보이인듯,남자는 여자하기 나름이래요. 변화시켜 보세요.,2
예쁘니까 사랑하는 건가?,사랑하니까 예뻐보이는 걸 수도 있어요.,2
예쁘니까 좋아하나,좋아하니까 예뻐보이는 걸 수도 있어요.,2
예쁘면 다냐ㅠㅠ,마음 아프게 했나봐요.,2
예쁜데 연애 안하는 여자,눈에 차는 남자가 없어서일 수도 있어요.,2
예식장 취소했어,다음에 계약하는 예식장은 더 좋은곳으로 할거예요.,2
오늘 가는 모임에 짝남이 있는데.,신경쓰고 가세요.,2
오늘 꿈에는 짝남이 나왔으면.,지금처럼 생각 많이 하고 자면 꿈이 나타날 거예요.,2
오늘 데이트각이야.,지금 연락해보세요.,2
오늘 따라 보고 싶네,보고 싶은 마음을 전해보세요.,2
오늘 만나기로 했는데 빈손으로 나가?,준비하지 않아도 상관 없다고 생각해요. 필요하다면 화려하지 않고 부담 없는 선물을 준비하면 센스있는 사람으로 생각할 거예요.,2
오늘 백일이야,축하해요!,2
오늘 서점에서 이상형 봤어,용기내서 말을 걸어보세요.,2
오늘 왠지 고백 받을 것 같음.,오 미리 축하드려요.,2
오늘 좋아하는 애한테 고백했는데.,좋은 소식이었으면 좋겠어요.,2
오늘 짝남 만나는데 뭐 입지.,자신에게 잘 어울리는 옷을 생각해봐요.,2
오늘 짝남 만나는데 옷이 없다.,이 김에 하나 장만하는 건 어떨까요.,2
오늘 짝남이 썸녀 생긴거 알게 돼서 술 좀 마셨어요.,속이 답답하겠어요.,2
오늘 짝녀 만나기로 했는데 옷이 없네.,이 김에 하나 장만하는 건 어떨까요.,2
오늘 짝녀 만나는데 뭐 입나.,댄디룩이 무난할 것 같네요.,2
오늘 짝녀가 썸남 생긴거 알게 되고 한 잔 했습니다.,속이 타들어가겠네요.,2
오늘 큰맘 먹고 연락했습니다,마음 먹느라 고생했어요.,2
오늘도 사랑해,달콤한 말이네요.,2
오늘도 짝남이 멋졌어.,멋진 분이군요.,2
오늘도 짝사랑하는 남자 땜에 우울해요.,짝사랑의 늪에서 빠져나오세요.,2
오늘도 짝사랑하는 여자 땜에 술 마시는 중.,술 한잔으로 잊혀질 수 있다면 얼마나 좋을까요.,2
오늘도 짝사랑하는 여자가 정말 이뻤습니다.,사랑스러운 분이네요.,2
오늘로 짝남 보내기로 했어요.,힘든 결정이었을텐데 맘고생 많았어요.,2
오늘만나기로했어,좋은 만남이 되길 바랄게요.,2
오늘부로 짝녀를 보내기로 했어요.,최선의 선택일거라 믿어요.,2
오늘부터 짝사랑을 끝내려 합니다.,힘든 결정이었을텐데 맘고생 많았어요.,2
오늘은 그녀를 만나기로 약속한 날,두근거리겠어요.,2
오늘처럼 사랑하기,오늘처럼 사랑하게 해달라고 기도합니다.,2
오래 만나고 싶은데 짧은 연애만 했어 내가 문제가 있나?,좋은 상대를 못 만나서 그럴 수도 있으니 자책하지 마세요.,2
오래 만나고싶은데,좋아하면 오래 만날 수 있어요.,2
오래 만나는 방법 있어?,좋아하면 오래 만날 수 있어요.,2
오래 만나서 지겨워진 거 같아,평소에 볼 수 없었던 특별한 모습으로 색다른 데이트를 제안해보세요.,2
오래 만났어,사랑은 유지하는 게 중요한데 대단하네요.,2
오래 못 가는 연애,"연애는 문제가 있으면 문제를 해결 하기 위해 함께 노력하고 그 속에서 더욱 단단해지는 과정인데, 그 과정을 못 참고 피하기만 했나봅니다.",2
오래 사랑하고 싶어,사랑을 말과 행동으로 표현해보세요.,2
오래 연애하고 싶어.,진짜 사랑하면 가능합니다.,2
오래 연애해서 그런가 관심이 줄었어,연애하다보면 서로에게 익숙해져서 처음만큼 관심을 갖지 않게 되는 게 사실일 거예요. 진지하게 이야기하면서 극복해보세요.,2
오랜 연애로 가족같은 느낌이야.,편한 사람도 찾기 힘들어요.,2
오랜 연애로 여자친구가 잘 안꾸미고 나오는게 고민임.,분위기 있는 데이트를 해봐요.,2
오랜 연애인데도 좋아,사랑은 유지하는 게 중요한데 대단하네요.,2
오랜만에 가슴이 두근거려,저도 두근거리네요.,2
오랜만에가슴이뛰어,사랑의 시작하고 있나봐요.,2
오랜만이네,오랜만이에요.,2
오랜연애로 남자친구가 더 이상 새롭지않은게 고민임.,새로운 데이트 코스를 찾아보세요.,2
오랫동안 썸만 타. 뭐가 문제임?,고백을 안 한 게 문제일 거 같아요.,2
오랫동안 썸만 타고 솔로인건 왜그래?,썸이 아니었을지도 몰라요.,2
오랫동안 연애 안한 사람이랑 사귀는 거 괜찮아?,따로 신경쓰이는 부분이 없다면 괜찮아요.,2
오해로 싸움이 시작됐어,작은 오해가 점점 커지기도 하죠.,2
오해하는 거 같은데 어떡하지?,오해할만한 일이 생겼을때는 솔직하게 이야기하고 풀어보세요.,2
완전 귀여워,사랑이 느껴지네요.,2
완전히 마음에 들지는 않는데 만나도 될까?,변화 가능성을 생각해보세요.,2
왜 결혼 안하니 묻지 좀 마,참견하는 사람이 참 많죠.,2
왜 내 마음을 몰라주지?,상대방은 당신의 마음을 읽을 수 없어요.,2
왜 사랑한다고 표현을 안 할까?,표현이 어색해서 그럴 수도 있어요.,2
왜 자꾸 나한테 귀엽다고 하지? 날 좋아하나?,귀엽다는 의미는 아주 넓답니다.,2
왜 좋아하는 마음은 그만두지 못할까.,마음은 절대 내 마음대로 되지 않으니까요.,2
외국에도 썸 같은 개념이 있어?,"글쎄요, 사귀는 과정은 어디든 있을 거 같아요.",2
외로워서 그런건지 진짜로 좋아하는 건지 모르겠어요.,외롭다고 아무나 좋아하진 않을 거예요.,2
외모는 내 취향인데 좋아하는 걸까?,자기 취향이더라도 마음이 꼭 움직이는 건 아니에요.,2
요구하거나 제안했을 때 뭐라고 리액션해야할지 모르겠어,"생각이 너무 좋은 것 같고, 왜 나는 그런 생각을 못했는지 등으로 크게 반응해보세요.",2
요즘 내가 내가 아닌 거 같아,정신 차리세요.,2
요즘 눈에 띄는 남자애가 있는데,관심을 갖고 지켜보세요.,2
요즘 눈에 띄는 여자애가 있는데,그 애의 눈에도 당신이 띄길 바랄게요.,2
요즘 눈에 띄는 남자애,관심을 갖고 지켜보세요.,2
요즘 눈에 띄는 여자애,그 애의 눈에도 당신이 띄길 바랄게요.,2
요즘 맨날 좋아하는 오빠가 꿈에 나와요.,좋아하는 마음이 깊은 가봐요.,2
요즘 좋아하는 남자애가 꿈에 나오는데.,생각을 많이 해서 그런가봐요.,2
용기내볼까?,용기내보는 것도 좋을 것 같아요.,2
우리 둘이 모은 돈으로 결혼해야 돼,그게 정상인 거예요.,2
우리 반 남자애를 좋아하는데,더 자주 만날 수 있겠어요.,2
우리 반 여자애를 좋아하는데,매일 봐서 좋겠네요.,2
우리 반 남자애 좋아하게 됨.,매일 볼 수 있어서 좋겠네요.,2
우리 반 여자애 좋아하게 됨.,매일 봐서 좋겠네요.,2
우리 반 여자애가 나를 좋아하는 것 같아.,당신도 좋아하는지 모르겠네요.,2
우리 반에 반장을 좋아해.,같은 반이라 좋겠어요.,2
반장을 좋아해.,반장이 멋진가봐요.,2
우리 반에 좋아하는 남자애가 있어.,매일 볼 수 있어 학교갈 맛이 나겠네요.,2
우리 반에 좋아하는 여자애가 생김.,매일 볼 수 있어 학교갈 맛이 나겠네요.,2
우리 사귀는 거 맞겠지?,직접 물어보세요.,2
우리 사랑이 영원했으면 좋겠어,그렇게 바란다면 이루어 질 거예요.,2
우리 사랑이었을까?,사랑이 있으면 헤어짐도 있는거예요. 헤어졌다고 사랑이 아닌게 되지는 않아요.,2
우리 언니 남친이 날 좋아하는데 방법 좀.,확실한 사실이라면 직접 언니의 남친 분에게 단호하게 말하세요.,2
우리반 남자애가 나 좋아하는 걸 너무 티내.,부담스러운지 좋은지 생각해보세요.,2
우리반 여자애가 나 좋아하는 거 너무 티냄.,부담스러운지 좋은지 생각해보세요.,2
우리의 사랑은 끝났어,꺼진 사랑도 다시 보자~ 다시 타오를수도 있어요.,2
우린 운명이었어,운명이 아니였다면 사랑도 할 수 없었겠지요.,2
우린 운명인줄 알았는데,운명은 또 만들어가면 돼요.,2
운동을 하는 남자가 좋아,뭐든 열심히 하는 사람은 좋아보여요.,2
운동하는 여자가 좋아,제가 생각해도 멋지네요.,2
운명적인 사랑 있어?,운명을 믿어요.,2
운명적인 사랑을 믿었는데,진정한 운명을 만날 수 있는 기회가 생겼다고 생각하세요.,2
운명적인 사랑을 했어,후회되지 않는 사랑을 했네요.,2
웃는 모습이 예쁜 사람,사랑에 빠졌군요.,2
웃을 때 진짜 예뻐,사랑에 빠졌군요.,2
원래 사랑에 빠지면 잠 잘 안와?,두근거려서 잠이 안 오나봐요.,2
원래 장난 잘 치는 성격인데 짝남 앞에서 넘 떨려서 노잼 돼.,자신감을 가지세요.,2
원래 장난도 잘하고 재밌다고들 하는데 그녀 앞에선 작아지는데 어떡해.,짝사랑 앞에서 누구나 한 없이 작아지나봐요. 자신감을 가지세요.,2
웨딩드레스 입어보고 싶었어,소원 풀었네요.,2
웨딩드레스를 입은 너를 보고,눈에서 꿀이 떨어지네요.,2
위험한 사랑 해도 될까?,당신이 상처받지 않았으면 좋겠어요.,2
유부남 좋아하는 거 같아,마음정리하세요.,2
유부남 좋아하면 안되겠지?,마음정리하세요.,2
유부남됐어!,축하해요!,2
유부남을 좋아하게 됐어.,마음을 접어야 할 것 같아요.,2
유부녀 좋아하면 안되지?,마음정리하세요.,2
유부녀 됐어!,축하해요!,2
유부녀를 좋아하게 되었어.,많이 위험한 거 같아요.,2
유학 준비하는 여자친구,기다릴 수 있을지 자신에게 물어보세요.,2
음식 많이 가리는 남자를 사겨도 괜찮을까?,다 먹으면 좋겠지만 큰 문제는 되지 않을 거예요.,2
음식 편식하는 사람 사겨도 돼?,사귀면서 편식을 고쳐봐도 좋을 것 같아요.,2
의견 차이가 있을 때 나 너무 무시해,무시당하는 기분이 들어서 너무 외롭고 상처받게 된다고 차분하고 부드럽게 말해보세요.,2
이 남자애의 행동 나를 좋아하는게 맞는지 모르겠어.,정확한 사실을 알긴 힘들어요.,2
이 사람 나를 좋아하는 건가?,긴가민가한 상태인가봅니다.,2
이 사람 만나면서 내 자존감이 떨어지는 것 같아 안 만나는게 답이야?,그 누구와도 비교하지 마세요.,2
이 사람 만나면서 내 자존감이 떨어지는 것 같아 안 만나는게 답이야?,비교하지 말고 자신을 사랑하면서 자존감을 높이려 노력해보세요.,2
이 사람 없으면 못 살 거 같아,시간이 지나면 잘살고 있는 당신을 보게 될 거예요.,2
이 사람 좋아하는 게 맞을까?,고민하고 있다면 맞는 거 아닐까요.,2
이 사람은 사랑이 참 쉬운가봐 내가 우습나?,참을 수 없는 가벼움이네요.,2
이 사람이다 싶어,누구와도 대체할 수 없는 존재감을 느꼈군요.,2
이 사랑이 마지막 사랑이었으면,후회하지 않을 사랑 해보세요.,2
이 세상에 나 혼자 남겨진 기분.,당신은 절대 혼자가 아니에요.,2
이 세상에서 내가 제일 불행해.,그럴리가요.,2
이 여자애의 행동 나를 좋아하는게 맞나?,정확한거 본인만이 알 거예요.,2
이 오빠 나를 좋아하는 건가.,정확한건 당사자만 알 거예요.,2
이 정도면 내가 좋아하는 걸 알까?,확실한 의사표시가 정확하겠죠.,2
이 행복이 사라질까 두려워,두려워 하지 말고 그 감정에 충실하면 행복은 떠나지 않을거예요.,2
이거 뭘까. 좋아하는 걸까?,직접적인 마음을 확인하기 전까지 확실한 건 없답니다.,2
이거 사랑인가?,당신만이 답을 말해줄 수 있어요.,2
이거 썸 맞나,대화를 시작하는 사람이 누구인지 살펴보세요.,2
이거 썸 아냐?,말해보세요. 생각해 볼게요.,2
이거 썸인가,고민 하고 있으면 썸의 가능성이 높겠네요.,2
이거 썸인가요?,좋은 느낌이면 썸으로 만나보세요.,2
이거 좋아하는 거 맞나?,상황이 궁금해요.,2
이건 그냥 날 안 좋아하는 걸까?,상황을 말해보세요.,2
이게 바로 첫사랑인듯,당신의 소중한 사랑을 이루어 보세요.,2
이게 썸인가?,말해보세요. 생각해 볼게요.,2
이기적인 사람을 좋아하는 거,상대방은 우선순위는 자신인가 봅니다.,2
이런 나를 좋아해주는 사람이 있을까?,당신은 정말 멋진 사람이에요. 깍아 내리지 마세요.,2
이런 얼굴 좋아하는 사람이 있을까요?,충분히 아름다워요.,2
이렇게 또 혼자 좋아하고 이별하고.,짝사랑이 그런가봐요. 슬프네요.,2
이렇게 사랑 받아도 되나?,행복한 고민이네요.,2
이루어질 수 없는 사랑 해도 될까?,위험한 사랑이네요.,2
이뤄질 수 없는 사랑이 제일 서글퍼.,알면서도 사랑할 수 밖에 없어서 그런 것 같아요.,2
이른 연락해도 될까?,아침부터 좋은 연락이면 좋겠네요.,2
이미 접은 짝남한테 주기적으로 연락이 온다.,다시 흔들리겠어요.,2
이번 주말 그녀에게 연락해 볼까?,주말 전에 연락해서 주말에 만나야죠.,2
이벤트 안하는 남자친구,먼저 이벤트를 해보세요.,2
이별도 사랑일까?,이별도 사랑입니다.,2
이 사람이랑 결혼이 옳은 걸까?,결혼에는 옳고 그름이 없어요.,2
이 사람이랑 결혼해도 되겠지?,결혼하기전에 확신부터 갖는게 좋을거 같아요.,2
이상적인 관계는 뭘까?,함께일 때 비로소 전부라고 느껴지는 연애가 아닐까 생각해봅니다.,2
이상적인 연애란?,서로가 전부인 연애가 아니라 서로 부족한 부분을 감싸 안아서 서로를 완전하게 해주는 연애인 것 같아요.,2
이상하게 놓치고 싶지 않는 사람이 있어,어쩌면 운명인가봅니다.,2
이상형 알고싶다,주변 사람에게 물어보거나 직접 물어보세요.,2
이성의 학교선배와 단둘이 식사한다면 어떻게 해?,신경쓰인다고 귀엽게 이야기해보세요.,2
이제 그만 좋아하고 싶어.,마음 단단히 잡길 바랄게요.,2
이제 끝난 줄 알았는데 아직도 좋아해.,끝은 쉽게 오지 않아요.,2
이제 끝인 줄 알았는데 계속 좋아하고 있었어.,마음이랑 생각이 따로 놀 때가 있죠.,2
이제 나도 날 좋아해주는 사람을 만나고 싶어.,좋아해주는 사람 만날 수 있을 거예요.,2
이제 내 짝남 못봐. 군대 가거든.,서운하겠어요.,2
이제 좀 지겨워진 거 같아,사랑하는 이유를 생각해보세요.,2
이제 청첩장 돌려도 되겠지?,너무 일찍 돌리면 잊혀진답니다.,2
이젠 다시 사랑 못할 것 같아.,지금은 그렇게 생각해도 다시 사랑이 찾아올 거예요.,2
이젠 짝사랑하는게 무섭고 두려워.,이제 짝사랑 말고 둘이서 하는 사랑하세요.,2
인연이 있다고 생각해?,인연은 있어요.,2
인연이 있다고 생각해?,저랑 당신도 인연이죠.,2
인연이란게 있을까?,당신과 저도 인연입니다.,2
일 하면서 알게 된 사람한테 연락해도 될까?,일 핑계로 연락해봐요.,2
입맛이 너무 안 맞는 거 같애,맞춰가면 돼요.,2
있는 그대로의 나를 사랑하기,멋진 사람이자 멋진 말이네요.,2
자기 기준에 맞추라는 사람,이기적이네요.,2
자기 전에 통화하면 썸 맞지?,그린라이트라고 생각해요.,2
자기 전에 통화하면 썸이야?,호감이 없으면 통화를 안 할 거예요.,2
자기를 3인칭으로 말하는 여자친구의 말투가 고민임.,귀엽게 봐주세요.,2
자길 좋아하는 여자애가 있으면 더 잘해주는 경향이 있나?,좋아하면 신경이 더 쓰이니가요.,2
자꾸 갠톡하는 선배 있는데 관심 있나?,호감이 있을 수도 있어요. 그렇지만 조금 더 상황을 지켜보세요.,2
자꾸 날 칭찬하는 여자애. 나한테 관심있는거 아니야?,이제 상대방을 칭찬할 차례인 듯합니다.,2
자꾸 신경쓰여,관심이 가나봐요.,2
자꾸 짝남 얼굴 생각나.,보고 싶으니 그럴만 해요.,2
자꾸 짝녀 얼굴 생각나네.,보고 싶은가봐요.,2
자꾸 헷갈리게 해,안 햇갈리게 하는 사람이 좋습니다.,2
자신감 있는 여자가 좋아,자신을 사랑을 사람인가 봅니다.,2
자전거 데이트 어떨까?,로맨틱할 것 같아요.,2
자주 가는 카페 알바생이 나를 자주 뻔히 쳐다보는데 이거 그린라이트일까?,씨익 웃어주세요.,2
자주 가는 카페에 알바생한테 번호 따고 싶은데,쪽지를 남겨서 마음을 전해보세요.,2
자주 가는 카페에 잘생긴 알바생이 있는데 어떻게 고백하면 좋을까?,쪽지를 남겨서 마음을 전해보세요.,2
자취한다는데 뭘 챙겨줄까?,직접 물어보는 게 좋을 것 같아요.,2
잘 만나고 있는데 나 질려하면 어쩌지 걱정이야,불행을 연습하거나 미리 걱정할 필요 없어요.,2
잘 만나는 중인데 헤어지면 어쩌지 걱정돼,불행을 연습하거나 미리 걱정할 필요 없어요.,2
잘 맞는 사람 만나고 싶다,많은 사람들은 살면서 맞춰가기도 해요.,2
잘 먹는 남자가 보기 좋지않아?,복스럽게 먹으면 더 좋죠.,2
잘 먹는 여자가 좋아,복스럽게 먹으면 더 좋죠.,2
잘 사귀는데 불안한 느낌이 들면 정상일까?,믿음이 쌓이기 전에는 불안하죠.,2
잘 지냈으면 좋겠다,따뜻한 마음이네요.,2
잘 챙겨주는데 나를 좋아하는 걸까?,지켜보는게 좋겠어요.,2
잘지내나,잘 지낼 거예요.,2
잘해줬더니 더 해달래,호의를 권리로 아는 사람 만나지 마세요.,2
잠 안 온다고 했더니 자장가 불러줬어,로맨틱하네요.,2
장거리 썸 고백해도될까,많이 만나보는 게 좋겠지만 연락을 더 자주 해보세요.,2
장거리 썸 괜찮을까,물리적인 거리가 문제가 되겠네요.,2
장거리 연애 괜찮을까,진정한 사랑에 거리가 중요한가요.,2
장거리 연애하면 보통 몇일에 한번 만나?,상황에 따라 다르지 않을까요.,2
장거리 연애하면 보통 어느 지점에서 만나?,가운데서 만나거나 돌아가면서 희생을 하죠.,2
장거리하다가 결혼 가능할까?,사랑의 힘으로 가능합니다.,2
장난스러운 고백 받았어,부끄러워서 그럴 수도 있어요.,2
장난으로 좋아한 거 아닌데,다시 진지하게 고백해보세요.,2
장난인지 진심인지 구분이 안돼.,장난스러운 성격이면 더 헷갈리기도 하죠.,2
장난인지 진심인지 구분이 안돼.,직접적으로 물어보는 게 가장 확실하겠죠.,2
장수커플이야,사랑은 유지하는 게 중요한데 대단하네요.,2
재수학원에서 연애는 필망?,목적이 확실한 곳이니까요.,2
저를 좋아하는 사람 알면서도 모르는 척하는게 이기적인가요?,확실한 의사표시를 했는데도 그렇다는 건 이기적인 것 같아요.,2
저를 좋아하는 사람은 없을 거예요.,그건 절대 아닐 거예요.,2
저를 좋아하는 사람한테 호감이 안 생겨요.,맘처럼 할 수 없는 부분 같아요.,2
저를 좋아하던 사람이 갑자기 매정해졌어요.,심경의 변화가 있었을지도 모르겠네요.,2
저만 좋아하는 사람 페북 같은거 살펴보나요?,저도 궁금해서 그렇게 하곤 해요.,2
저한테만 장난치는 남자애가 나 좋아하나?,호감이 있을지도 모르겠어요.,2
적극적인 여자가 좋아,솔직한 사람에게 매력을 느끼나봐요.,2
전 남친이랑 헤어진지 오래됐는데 좋아하는 사람이 없어.,조급하게 생각하지 말아요.,2
전 너무 이기적인데 저를 좋아해줘요.,그대로 사랑해줄 사람이 나타났나봅니다.,2
전 썸남 보고싶어.,썸으로 끝날 사이가 아니었네요.,2
전 왜 제 마음도 잘 모르는 걸까요.,좋아하는 마음은 헤아리기 힘들어요.,2
전남친하고 짝남이 친구야.,애매한 관계네요.,2
전부 다 줘도 아깝지 않은 사람,정말 사랑하나봅니다.,2
전여친하고 짝녀가 친구야.,신경 쓰이는 상황 같아요.,2
전화하면서 잠들고 싶다.,낭만적이네요. 전화해보세요.,2
절 찼던 남자애가 다시 절 좋아하는게 가능할까요?,상황에 따라 다르겠지요.,2
절 찼던 여자애가 절 다시 좋아하는 건가요?,직접 대화를 나누는게 필요하겠네요.,2
점심시간일 텐데 카톡이 안 와.,먼저 연락을 해보는 건 어떨까요?,2
정말 고맙다 귀염둥아,감사합니다.,2
정말 사랑했는데,정말 사랑한다면 다시 만나보세요.,2
정말 사랑했어,정말 사랑했다면 후회하지 않을거예요.,2
정말 잘 맞는 사람이 있을까?,잘 맞춰가는 사람이 있는 거겠죠.,2
정성 담긴 선물 뭐가 좋을까?,손편지도 좋을 거 같아요.,2
정열적인 사랑 하고 싶어,정열적으로 다가가 보세요.,2
정장 한 벌 맞췄어,잘했어요. 두고두고 입으세요.,2
제가 좋아하는 남자가 저를 짝사랑한대요. 제가 먼저 고백해도 될까요?,행복한 고민이네요. 당장 만나 고백하세요.,2
제가 좋아하는 사람이 맘 잡고 공부해야할 것 같다고 기다려달라는데 제 맘이 안별할까요?,변할 수도 있지만 미리 걱정하지 말아요.,2
제가 좋아하던 사람이 절 좋아하면 갑자기 거부감 들고 싫어져요.,어떤 트라우마가 있었는지도 모르겠어요.,2
제대로 사랑하고싶어,사랑에는 깊고 얇음이 없는거 같아요.,2
조용한 여자가 좋아,그 사람도 당신을 좋아하길 바랍니다.,2
존경할 수 있는 사람 만나고 싶어.,그런 사람 만날 수 있을 거예요.,2
좀 있으면 귀국하는데 짝녀에게 뭘 챙겨줄까?,작은 것 하나라도 챙겨준다면 센스있는 사람이라고 생각할 거예요.,2
종교가 다른 여자친구 헤어져야하나?,종교 큰 문제죠.,2
종교가 다른 짝남과 연애할수 있을까?,사랑은 종교를 뛰어넘을 수 있을 거예요.,2
종교를 너무 싫어하는 남자친구가 고민,종교를 왜 싫어하는지 대화를 해보세요.,2
좋아 하는 사람한테 어떻게 고백을 할까요?,먼저 용기내서 고백하는게 좋을 듯 싶습니다.,2
좋아 하는 애한태 고백하는 방법좀,먼저 용기내서 고백하는게 좋을 듯 싶습니다.,2
좋아하게 된 남자가 있는데 많이 어린데 어울릴 수 있을까?,충분히 어울릴 수 있어요.,2
좋아하고 있는 애가 친구를 소개 시켜줬어.,소개팅은 아니겠지요.,2
좋아하고 있는 애랑 카톡하는 중인데 뭐라고 하지?,밥 먹자고 연락해봐요.,2
좋아하고 있는 애를 친구가 소개 시켜줬어.,많이 당황했겠어요.,2
좋아하는 감정을 스스로 다스릴 수 있을까?,쉬운일은 아니랍니다.,2
좋아하는 감정을 억제하는 방법은 뭐지.,다른 사람과 상상하는건 어떨까요.,2
좋아하는 감정을 혼자서 정리할 수 있을까요?,본인이 하기 나름일 거예요.,2
좋아하는 감정이 나를 슬프게도 해,동전의 양면과도 같죠.,2
좋아하는 감정이 나를 슬프게도 해,사랑과 슬픔은 동전의 양면과 같죠.,2
좋아하는 감정이 뭐예요?,가만히 있어도 생각나는 거 아닐까요.,2
좋아하는 거 기준이 뭐임?,계속 생각나고 보고 싶은게 기본이겠지요.,2
좋아하는 거랑 사랑하는 거 차이점이 뭘까요.,구분짓기 어렵네요.,2
좋아하는 거랑 사랑하는 건 어떻게 구분해?,구분짓는게 쉽진 않아요.,2
좋아하는 거랑 사랑하는 건 어떻게 구분해?,마음이 알 거예요.,2
좋아하는 거랑 사랑하는게 다른 거야?,마음에 농도 차인 것 같습니다.,2
좋아하는 거랑 사랑하는게 다른 거야?,생각의 차이겠지요.,2
좋아하는 걸 알게되면 갑자기 싫어져요. 무슨 심리일까요.,부담스러운 심리일까요.,2
좋아하는 그녀가 유학을 간다고 합니다.,붙잡고 싶은 마음이 굴뚝 같겠어요.,2
좋아하는 그사람은 바람둥이야 좋아해도 될까?,상처받을 거예요.,2
좋아하는 남자 때문에 너무 기분이 안 좋아.,무슨 일이 있었나봐요.,2
좋아하는 남자 생겼는데 호감 어떻게 표시할까요.,꾸준히 연락을 하는게 필요합니다.,2
좋아하는 남자 표정이 너무 차가워서 다가가기 어려워.,표정만 그럴 수도 있어요.,2
좋아하는 남자가 여친이랑 헤어질 때까지 기다렸다가 고백하는거 가능한 사람이 있을까요?,좋아하는 마음이 있으면 가능하겠죠.,2
좋아하는 남자가 톡이 늦어.,바쁘거나 마음이 없을 수 있어요.,2
좋아하는 남자애 때문에 성적이 떨어졌어요.,좋아하는 마음 때문에 공부 안한 당신 때문이에요.,2
좋아하는 남자애 마음을 알다가도 모르겠어.,사람은 모두 변덕스럽지요.,2
좋아하는 남자애 생겼는데 완전 설레.,설렘을 감출 길이 없겠어요.,2
좋아하는 남자애 앞에서 표정 관리가 안돼.,짝사랑도 이성을 막지는 못하나봐요.,2
좋아하는 남자애 프사가 누굴까.,직접 물어보는 건 힘들까요.,2
좋아하는 남자애가 게임을 좋아하는데 이야기 오래가는 소재 좀 알려줘.,요즘 인기있는 게임을 검색해봐요.,2
좋아하는 남자애가 날 좋아하게 하려면 어떻게 해?,이상형을 알아보는 건 어떨까요.,2
좋아하는 남자애가 담배를 피는데 저는 담배를 싫어하는데 어떻게 끊으라고 말해볼까요?,사귀는 사이도 아닌데 성급한 것 같습니다.,2
좋아하는 남자애가 바람둥이 같은데 계속 좋아하면 안되겠죠?,상처받지 않았으면 좋겠네요.,2
좋아하는 남자애가 여친 생기면 울 줄 알았는데 덤덤해.,어느정도 마음의 준비가 되었었나봐요.,2
좋아하는 남자애가 우리 언니를 좋아한대.,서글픈 사실이에요.,2
좋아하는 남자애가 입대하는데 어떤 선물을 해주는게 좋을까요?,면회나 편지가 최고죠!,2
좋아하는 남자애랑 같은 반이 됐는데 너무 떨려.,정말 잘됐어요.,2
좋아하는 남자애랑 다른 반 됐어.,반 배정이 사랑을 갈라놨네요.,2
좋아하는 남자애랑 약속 잡았는데 계속 연락 없어.,그런 스타일일지도 모르니 기다려보세요.,2
좋아하는 남자애에게 어떤 생일선물을 주면 좋아할까요?,필요한 게 뭔지 살펴보세요.,2
좋아하는 남자애한테 답장이 없어. 나 안좋아하는 거 맞지.,오랫동안 답장이 없다면 그게 맞는 것 같네요.,2
좋아하는 남자애한테 발렌타인데이 때 초콜릿 줄까?,주면 좋아할 거예요.,2
좋아하는 남자애한테 어떻게 관심 표현함?,칭찬을 자주 해주는 건 어떨까요.,2
좋아하는 남자애한테 자연스럽게 연락하는 방법 뭐 있을까.,뭐하고 있는지 물어봐요.,2
좋아하는 남자의 단점을 들었는데도 좋아.,사랑의 콩깍지가 씌었나봐요.,2
좋아하는 남자한테 관심 없는 척 하고 있는데 너무 우울해.,솔직하지 못해서 우울한 것인가봐요.,2
좋아하는 남자한테 여친이 있는데 헤어졌으면 좋겠어.,연애 중인 사람을 좋아하다니 힘드시겠어요.,2
좋아하는 남자한테 연락 하지 말자고 했는데.,확실한 의사 표현이 중요해요.,2
좋아하는 누나가 날 너무 어린애 취급함.,단순한 연하가 아니라는 걸 어필해봐요.,2
좋아하는 마음 그만두기 힘든데 짝남이 헷갈리게 해.,확실한 의사 표시를 해보는 건 어떨까요.,2
좋아하는 마음 들면 고백해야 되는거 아님?,정상적인 수순이죠.,2
좋아하는 마음을 감출길이 없어.,감정을 숨기기는 어려운 일이에요.,2
좋아하는 마음을 전할 수 있을까.,조금의 용기를 낸다면 가능할 거예요.,2
좋아하는 마음이 안 생길 것 같다고 떠난 남자.,이제 그에게서 벗어나세요.,2
좋아하는 마음이 안 생길 것 같다고 떠난 여자.,이제 그녀를 놓아주세요.,2
좋아하는 사람 꿈을 꿨어.,많이 생각했나봐요.,2
좋아하는 사람 때문에 공부를 못하겠어.,충분히 그럴 수 있어요.,2
좋아하는 사람 때문에 너무 센치하다.,감성적이게 만들죠.,2
좋아하는 사람 생각으로 아무것도 집중을 못하겠어.,그럴 수 있지만 후회할 거예요.,2
좋아하는 사람 생겼는데 페북 친구 신청 해도 될까요?,다가가는 방법 가운데 하나죠.,2
좋아하는 사람 생겼으면 좋겠어.,좋은 사람이 생길 거예요.,2
좋아하는 사람 생기면 어떻게든 sns같은 거 알아내서 친신하고 그래?,다가가는 방법 중에 하나니까요.,2
좋아하는 사람 생기면 자꾸 따라하게 돼.,자연스러운 현상입니다.,2
좋아하는 사람 앞에서 다른 사람한테 관심 있는 척 해봤어요?,그런 순간이 있었지요.,2
좋아하는 사람 앞에서 성격이 이중적인데 정상인가요.,자연스러운 현상입니다.,2
좋아하는 사람 앞에서 실례를 했어.,생각만해도 소름돋네요.,2
좋아하는 사람 앞에서 쪽팔린 경험이 너무 많아.,추억을 쌓았다고 생각해보세요.,2
좋아하는 사람 앞에서 표정 관리 안되는 거 어떡해?,귀여울 것 같아요.,2
좋아하는 사람 앞에선 다 똑같은가봐요.,누구나 좋아하는 사람 앞에서 그렇대요.,2
좋아하는 사람 언제까지 기다릴 수 있을까요.,마음이 허락하는 데까지 아닐까요.,2
좋아하는 사람 얼굴이 이제 생각이 안나.,오랫동안 만나지 못했나봐요.,2
좋아하는 사람 오늘 못 봐서 진짜 우울하다.,내일은 만날 수 있을 거예요.,2
좋아하는 사람 이상형에 나를 맞춰야 할까?,맞춰보는 과정이 귀엽게 보일 수도 있겠어요.,2
좋아하는 사람 있는데 내가 좀 소심해.,달라지긴 원한다면 할 수 있을 거예요.,2
좋아하는 사람 잊는 방법 조언 좀.,가슴 아픈 질문이네요.,2
좋아하는 사람 직업이 좀 걸리는데 계속 좋아해도 될까요?,본인이 괜찮다면 상관 없겠지요.,2
좋아하는 사람 포기하는 방법 있어?,생각을 덜 하는 것이 방법 중 하나입니다.,2
좋아하는 사람 프사랑 비슷한 거 걸어?,커플 프사 느낌으로 하면 좋죠.,2
좋아하는 사람 환심 살 수 있는 방법 좀.,그 분이 좋아하는 것을 알아봐요.,2
좋아하는 사람만 보면 감정이 북받쳐올라.,복잡한 심정일거라 생각해요.,2
좋아하는 사람만 보면 눈물이 나는데 어떡해?,감정이 북받쳐오르나봐요.,2
좋아하는 사람에 대한 감정이 이제 뭔지 잘 모르겠어.,수학 공식처럼 정의 내릴 수 없어요.,2
좋아하는 사람에 대한 관심을 끄는 방법이 뭐가 있을까.,다른일로 바쁘면 조금 덜할 거예요.,2
좋아하는 사람에 대한 미련이 아직 남은걸까.,미련도 사랑의 부분입니다.,2
좋아하는 사람에 대한 생각 비우는 방법 좀 알려줘요.,다른 것에 관심을 돌리는 게 좋아요.,2
좋아하는 사람에 대한 예의가 없는 것 같아.,예의없는 사람 좋아하지마세요.,2
좋아하는 사람에 대해 착각만하게 되는 내 자신이 싫어.,짝사랑 앞에 판단이 흐려지기 마련이에요.,2
좋아하는 사람에게 요리를 해주면 좋아할까?,맛이 없든 있든 좋을 것 같아요.,2
좋아하는 사람에게 편지를 쓴다는것. 효과적일까?,마음을 담은 편지보다 더 좋은 선물은 없을 거예요.,2
좋아하는 사람을 싫어하는 척하고 있는데 우울해.,척하는 게 쉽지가 않으니까요.,2
좋아하는 사람을 원망하게 될 것 같아.,원망은 아픔만 남길 뿐이에요. 털어버리세요.,2
좋아하는 사람의 심리를 모르겠어.,충분한 대화를 나눠보는게 필요해요.,2
좋아하는 사람의 호감을 살 수 있는 방법이 뭐가 있을까.,관심사에 대한 호감을 드러내 보세요.,2
좋아하는 사람이 거짓말을 하면 어떡하죠.,속아주는 것도 사랑이죠.,2
좋아하는 사람이 고쳤줬으면 하는 거 말해도 될까?,무례하지 않는 선에서 말하는게 좋아요.,2
좋아하는 사람이 나를 부담스러워해.,서로 마음이 같지 않았나봐요.,2
좋아하는 사람이 나한테 먼저 연락오게 하는 방법?,그 분이 관심갈 만한 일을 해보는 건 어떨까요.,2
좋아하는 사람이 날 너무 편하게 생각해.,이성으로 대하고 싶다고 말해보세요.,2
좋아하는 사람이 날 싫어해서 죽고 싶어.,애석하지만 당신을 더 소중히 생각해주세요.,2
좋아하는 사람이 너무 냉정한데.,좋아하는 마음을 표현하기 더 힘들겠어요.,2
좋아하는 사람이 너무 예뻐,내면을 더 들여다보세요.,2
좋아하는 사람이 너무 잘생겼어,내면을 더 들여다보세요.,2
좋아하는 사람이 너무 철벽치는데 계속 다가가도 될까?,철벽치는 이유를 먼저 알아보세요.,2
좋아하는 사람이 다른 사람을 좋아한대. 살기 싫다.,인연이 거기까지인가봐요.,2
좋아하는 사람이 다른 여자 얘기하는게 너무 가슴 아파요.,마음을 단단히 먹는게 힘들지요.,2
좋아하는 사람이 다른 여자랑 친해지는게 서운해.,충분히 서운할 만해요.,2
좋아하는 사람이 단둘이 있는 걸 부담스러워해요.,그렇다면 당분간은 친구들과 함께 만나는게 좋겠어요.,2
좋아하는 사람이 단톡에서 다른 남자한테 관심 있는 것 같이 보여요.,그렇게 느낀다면 조금씩 정리하는게 좋겠어요.,2
좋아하는 사람이 말한 이상형이랑 나랑 너무 다른데.,이상형은 이상형뿐일 수도 있어요.,2
좋아하는 사람이 부담스러워할까봐 친구들 여럿이서 보는데.,뭔가 아쉬운 점이 남겠네요.,2
좋아하는 사람이 생기면 좋을 줄 알았는데 우울하기만 해.,사랑이 내 맘같지 않으니까요.,2
좋아하는 사람이 쓰레기면 어떻게 할꺼야?,쓰레기 옆에 있기 싫어서 도망갈 거예요.,2
좋아하는 사람이 여러명인데 괜찮겠지.,좋아하는 건 내 맘이죠.,2
좋아하는 사람이 연애에 관심이 없는 거 같애,사랑에 관심 없는 사람도 많아요. 눈치가 없을 수도 있으니 적극적으로 다가가보세요.,2
좋아하는 사람이 외국인인데 날 부담스러워하진 않을까?,천천히 다가가보세요.,2
좋아하는 사람이 인기가 많은데 남친이 없어.,본인이 원해서 그럴 수도 있어요.,2
좋아하는 사람이 인기는 많은데 여친이 없어. 왜 그럴까?,혼자가 편한 걸지도 모르지요.,2
좋아하는 사람이 있는데 고백하는 건 싫어요.,구속되기 싫은 건지 생각해보세요.,2
좋아하는 사람이 있는데 관계에 진전이 없어.,멈추거나 한 발을 내딛거나 변화가 필요해보이네요.,2
좋아하는 사람이 있는데 사귀는 건 싫어.,책임을 지기 싫은 건지 생각해보세요.,2
좋아하는 사람이 있는데 사연이 길어요.,천천히 말씀해보세요.,2
좋아하는 사람이 있는데 씨씨야. 만나도 될까?,사랑은 수많은 장벽을 뛰어넘을 수 있어요.,2
좋아하는 사람이 있는데 이제 못 봐.,피치 못할 사정이 있나봐요.,2
좋아하는 사람이 있는데 자괴감 들어.,스스로를 괴롭게 하지 말아요.,2
좋아하는 사람이 있는데 종교가 달라.,종교가 큰 문제가 되기도 하죠.,2
좋아하는 사람이 있는데 할 말이 없어서 연락이 끊겼어.,또 다시 연락할 수 있어요.,2
좋아하는 사람이 있어.,좋아하는 감정과 대상이 있다는 건 행복한 일이에요.,2
좋아하는 사람이 자꾸 나한테 전여친 얘기해.,그만 듣고 싶다고 이야기해보세요.,2
좋아하는 사람이 좋아하는 것들 따라하게 되는데 정상인가?,정상이에요.,2
좋아하는 사람이 카톡 차단한듯.,정말 정리해야 할 때네요.,2
좋아하는 사람이 하는 행동에 하나씩 의미 부여하는게 짜증나.,의미부여가 특히 사람을 기대하게 만들기 때문이에요.,2
좋아하는 사람이 행동하는 모든 게 좋아.,사랑의 콩깍지가 씌었네요.,2
좋아하는 사람이랑 같은 반 돼라,기도할게요.,2
좋아하는 사람이랑 벚꽃구경 가고 싶어.,상황을 봐서 연락해 봐요.,2
좋아하는 사람이랑 종교가 다른데 괜찮을까?,종교가 큰 문제가 되기도 하죠.,2
좋아하는 사람이랑 친구 가능해?,그건 좀 힘들 것 같아요.,2
좋아하는 사람한테 거절 당하면 영영 끝일까 두려워.,그래서 보통 확실할 때 고백을 하죠.,2
좋아하는 사람한테 거절 당할까봐 두려워.,충분히 그렇게 생각할 수 있어요.,2
좋아하는 사람한테 고백 안하는 사람도 있나요?,있습니다.,2
좋아하는 사람한테 관심 없는 척 하는 것도 이제 지쳐요.,충분히 지칠만 해요.,2
좋아하는 사람한테 내가 자꾸 말거는 걸 귀찮아할까?,정말 귀찮다면 답장하지 않을 거예요.,2
좋아하는 사람한테 닮은 사람 봤다고 카톡 보내볼까?,그렇게 대화를 이어나가는 것도 방법이에요.,2
좋아하는 사람한테 도와달라고 해볼까?,좋아하니까 도와주었다고 생각하게 될 거예요.,2
좋아하는 사람한테 만나자고 말해도 되나.,말해보는게 우선이에요.,2
좋아하는 사람한테 말 거는 방법?,음료수라도 주면서 자연스럽게 근황을 물어봐요.,2
좋아하는 사람한테 맨날 선톡하는데 부담스러워 하려나?,맨날하지 말고 조금은 여지를 줘보세요.,2
좋아하는 사람한테 뭐라고 카톡 시작하지?,뭐하는지 물어보세요.,2
좋아하는 사람한테 선톡하려고 하는데.,먼저 다가가는 태도 좋아요.,2
좋아하는 사람한테 적극적인 여자 별로야?,적극적이면 오히려 더 좋을 것 같아요.,2
좋아하는 사람한테 집까지 데려달라고 부탁해볼까?,좋아하니까 도와주었다고 생각하게 될 거예요.,2
좋아하는 사람한테 티 안내는 사람 어떻게 생각해?,각자의 방식이 있으니 존중해야 해요.,2
좋아하는 선배가 나한테 연락했으면 좋겠어.,먼저 연락해도 힘들어 말아요.,2
좋아하는 선배가 있는데 선톡오게 하는 방법 좀.,먼저 연락해서 대화를 이어나가는게 더 좋습니다.,2
좋아하는 앞에서 방구를 꼈어.,생각만해도 소름돋네요.,2
좋아하는 애 가망 없으면 포기하는게 맞을까요?,가망이 없다면 정리하는게 덜 아플 거예요.,2
좋아하는 애 상메가 무슨 뜻인지 모르겠어.,궁금할만 해요.,2
좋아하는 애 친구한테 다같이 만나자고 말해도 돼?,다같이 만나면 재미있기는 하겠네요.,2
좋아하는 애 피하는 방법 조언 좀.,동선을 어느정도 파악하는게 도움이 될거예요.,2
좋아하는 애 피하는 중임.,마음을 정리하려나봐요.,2
좋아하는 애 피하면서도 우울해.,당당히 나서지 못하는 아쉬움이겠지요.,2
피해 다니면 좋아했던 마음이 좀 사라질까?,한동안은 힘들겠지만 서서히 사라질 거예요.,2
좋아하는 애한테 페메 해볼까?,직접 연락하는 게 좋을 것 같아요.,2
좋아하는 애가 1년만 기다려 달라는데 어쩌지.,기다릴 수 있다면 본인 의지대로 하셔요.,2
좋아하는 애가 여친 사귈 마음이 없대.,거절의 뜻으로 받아들여야할지도 모르겠네요.,2
좋아하는 애가 연예인에 관심이 많은데 나는 관심이 없는데 무슨 얘기하지?,모르니까 알려달라고 해보세요.,2
좋아하는 애가 자자고 해서 자버렸어. 어떡해?,진정으로 원하는 일인지 차분히 생각해보세요.,2
좋아하는 애가 좀 노는 애인데 좋아해도 돼?,어떤 사람이냐에 따라 다릅니다.,2
좋아하는 애랑 같은 반 됐어,축하해요!,2
좋아하는 애랑 같이 있으면 나만 이래?,좋아하는 사람 앞에선 모두 그럴 거예요.,2
좋아하는 애랑 같이 잤어.,원하던 바인지 스스로 생각해보세요.,2
좋아하는 애랑 관련된 흑역사가 많은데.,흑역사는 흑역사일뿐이에요.,2
좋아하는 애랑 만나서 놀건데 뭐 먹는게 좋을까?,좋아하는 음식을 알아보는 게 먼저일 거예요.,2
좋아하는 애랑 무슨 얘기할까?,공통 관심사를 알아봐요.,2
좋아하는 애랑 연락 중인데 어떤 얘기를 이끌어가야할지 모르겠어.,그분이 무엇을 좋아하는지 물어봐요.,2
좋아하는 애랑 영화 볼건데 액션은 좀 그렇겠지?,좋아하는 장르가 뭔지 알아보고 예매하세요.,2
좋아하는 애랑 있으면 왜 쳐다보지를 못하겠지.,부끄러운 감정이 들어서 그래요.,2
좋아하는 애랑 전화하면,즐거울 거예요.,2
좋아하는 애랑 카톡하면,좋을 것 같네요.,2
좋아하는 애를 내가 너무 우상화하는 것 같아.,마음이 커지면 그럴 수 있어요.,2
좋아하는 애한테 간접적으로 고백했는데 알아 차렸을까?,눈치가 엄청 없지 않는 이상 알아 차렸을 거예요.,2
좋아하는 애한테 말도 못 해보고 졸업했어요.,인연이라면 졸업 후에도 만날 수 있을 거예요.,2
좋아하는 애한테 선펨했는데 답장을 안해.,바쁘거나 마음이 없는걸지도 모르겠어요.,2
좋아하는 애한테 영화보자 하면 효과적일까?,영화 데이트 좋죠.,2
좋아하는 애한테 찌르기 눌러 버림.,아이쿠.,2
좋아하는 애한테 페메 해볼까.,당장 해보세요.,2
좋아하는 애한테 하고 싶은 말이 뭐야?,나를 좋아해줬으면 좋겠어.,2
좋아하는 여선배가 있는데 말할 수도 없고 어떡함.,왜 말을 못해요.,2
좋아하는 여자 때문에 너무 심각해요.,여유를 갖고 생각해보세요.,2
좋아하는 여자 마음을 알다가도 모르겠어.,알다가도 모르는게 사람 마음이에요.,2
좋아하는 여자 생겼는데 호감 표시하려면 어떻게 해야 해?,연락을 해보는게 좋아요.,2
좋아하는 여자 생겼으면 좋겠다.,곧 생길거라 믿어요.,2
좋아하는 여자 페북 친구도 아닌데 좋아요 눌렀음. 쪽팔려.,페북을 삭제하는 건 어떨까요.,2
좋아하는 여자가 너무 철벽이야.,좋아하는 마음을 표현하기 더 힘들겠어요.,2
좋아하는 여자가 다른 남자랑 친해지는게 짜증남.,충분히 신경쓰인 부분이에요.,2
좋아하는 여자가 최근들어 연락이 늦는데 나한테 마음이 없는거겠지.,바쁠 수도 있지만 그럴 확률이 크겠네요.,2
좋아하는 여자가 톡을 씹어.,마음을 정리하는게 좋겠어요.,2
좋아하는 여자가 헤어질 때까지 기다렸다가 결국 사귀는게 가능할까요?,좋아하는 마음이 있으면 가능하겠죠.,2
좋아하는 여자랑 친해지는 방법 좀 알려줘.,그분의 관심사에 대한 얘기가 좋겠네요.,2
좋아하는 여자애 꿈을 꿨는데 눈을 못 마주치겠음.,도대체 무슨 꿈을 꾼 건가요.,2
좋아하는 여자애 생각하느라 성적이 떨어짐.,좋아하는 마음 때문에 공부 안한 당신 때문이에요.,2
좋아하는 여자애 생겼는데 떨려 죽겠음.,설렘을 감추는게 더 힘들 때네요.,2
좋아하는 여자애 앞에서 표정 관리가 안됩니다.,진심으로 좋아해서 그럴 거예요.,2
좋아하는 여자애가 날 좋아하게 만들고 싶은데 조언 좀.,그분이 좋아하는 행동이 무엇인지 알아보세요.,2
좋아하는 여자애가 남친 사귈 마음이 없다는데 진짜일까?,그건 본인만 알 거예요.,2
좋아하는 여자애가 우리 형을 좋아한다고 들음. 나 어떡하냐.,천천히 마음을 정리하는게 좋겠네요.,2
좋아하는 여자애가 유학을 가는데 어떤 선물을 해주는게 추억에 남을까요?,큰 선물은 짐만 될 거예요.,2
좋아하는 여자애랑 같은 반이 됐어.,좋겠네요.,2
좋아하는 여자애한테 무슨 선물을 줄까?,아직은 부담스럽지 않은 선물이 좋겠네요.,2
좋아하는 여자애한테 밥 먹자고 했는데 바쁘다고만 해.,진짜 바쁜건지 거절인건지 알아보세요.,2
좋아하는 여자애한테 손편지 줘도 돼?,손편지만큼 정성이 담긴 선물도 없을 거예요.,2
좋아하는 여자애한테 어떻게 관심 표현하는지 조언 좀.,그녀의 관심사에 호감을 드러내세요.,2
좋아하는 여자애한테 어떻게 하면 좋은 인상을 남길 수 있을까?,우선 좋아하는 스타일을 알아보세요.,2
좋아하는 여자애한테 자연스럽게 페메 보내는 방법 뭐가 있지?,태그된 사진에 대한 이야기를 해봐요.,2
좋아하는 여자애한테 화이트데이 때 사탕 주면 좋아할까?,주면 좋아할 거예요.,2
좋아하는 여자에 프사가.,신경쓰이나봐요.,2
좋아하는 여자에게 어떻게 연락할까?,잘 지내는지 자연스럽게 다가가보세요.,2
좋아하는 여자의 단점을 들었는데 어떻게 해야할지 모르겠어 답답해.,좋아했던 만큼 쉬운 결정을 아닐거예요.,2
좋아하는 여자한테 관심 없는 척 하고 있어.,표현하기 망설여지나봐요.,2
좋아하는 여자한테 관심 없는 척 하는데 잘하고 있는지 모르겠어.,솔직한 편이 더 좋아요.,2
좋아하는 여자한테 남친이 있는데 연락하고 싶어.,연애 중인 사람에게는 연락하지 않는 게 좋을 것 같아요.,2
좋아하는 여자한테 선물해도 괜찮을까?,좋아할 거예요.,2
좋아하는 여자한테 연락 하지 말자고 했는데 후회해.,그게 최선의 선택이었을 거예요.,2
좋아하는 여자한테 표현하는게 옳은 걸까?,표현하지 않고 끝낸다면 후회할 수 있어요.,2
좋아하는 연예인 바뀔 때마다 짝남이 바뀌는 듯.,이상형이 반영 되었을 수도 있어요.,2
좋아하는 오빠 페북 친구도 안되어있는데 실수로 댓글 달았어요.,페북을 삭제하는 편이 좋겠네요.,2
좋아하는 오빠가 날 어리게만 봐.,오빠 동생 사이로 지낸 기간이 있으면 그럴 수 있어요.,2
좋아하는 오빠가 최근에 연락이 계속 늦거나 이어지지 않는데 그냥 연락 끊어야 할까.,그러는 것이 맘 편할지도 몰라요.,2
좋아하는 오빠랑 어떻게 친해질까.,그분의 관심사에 대한 얘기가 좋겠어요.,2
좋아하는 오빠랑 친해지는법,남자들은 먼저 다가와 주는 여자를 좋아한대요.,2
좋아하는 이상형이 계속 바뀌어.,성격도 계속 바뀌니 걱정 말아요.,2
좋아하는 티도 못내는 제가 너무 불쌍해요.,상황이 여의치 않나봐요.,2
좋아하는 티를 많이 내도 문제야?,사랑스러울 것 같아요.,2
좋아하는거 어떤 느낌이야?,나보다는 그 사람을 생각하게 되는 거요.,2
좋아하는거 어떤 느낌임.,마음을 주체할 수 없는거 아닐까요.,2
좋아하는게 이렇게 힘들지 몰랐어.,좋아하는 것 만큼 감정 소모가 큰 건 없어요.,2
좋아하는데 걸린 시간이 보통 어떻게 돼요?,1초가 걸릴 수도 있고 평생이 걸릴 수도 있어요.,2
좋아하는데 이전과 다를게 없을까봐 말을 못하겠음.,달라지는 게 없다면 정리하는게 덜 힘들어요.,2
좋아하는데 자꾸 시비걸게 돼요.,괜히 질투가 나서 그럴지도 몰라요.,2
좋아하는데 자꾸 짜증나기도 해.,사랑 앞에 장사 없지요.,2
좋아하는데 전혀 티 안내는게 가능할까요?,감정은 숨길 수 없어서 불가능할 거라 생각합니다.,2
좋아하는데 티조차 못내는게 마음 아파요.,표현하면 안되는 상황인가봐요.,2
좋아하는데도 헤어지자네요.,그건 좋아하는 게 아니에요.,2
좋아하는지 확신이 안들어,그분이 다른 사람과 함께 있는 상황을 생각해봐요. 느낌이 올 거예요.,2
좋아하는지 확신이 안들어,좀 떠보세요.,2
좋아하다 더 좋아지는 게 사랑인가?,사랑은 사람마다 정의가 다를 거예요.,2
좋아하던 남자애가 여친 생겼는데 막상 아무런 느낌 안 들어.,좋아하는 걸로 착각하고 있었을 수도 있어요.,2
좋아하던 사람 미워질 것 같아.,정들었나봐요.,2
좋아하던 사람에 대한 감정으로 내가 너무 힘들어.,정들었나봐요.,2
좋아하던 사람하고 멀리 떨어져 있으면 더 보고 싶어져?,더 애달프겠지요.,2
좋아하던 여자애가 남친 생겼다는대 아무렇지도 않아.,좋아하는 걸로 착각하고 있었을 수도 있어요.,2
좋아하면 꿈에 나오는건가?,생각을 자주하면 나올 수 있어요.,2
좋아하면 먼저 연락해야 해?,그런 경우가 아무래도 많겠죠.,2
좋아하면 어떤 느낌일까.,설레서 잠도 못자는 느낌이요.,2
좋아하면 이용당해도 되는거야?,절대 안됩니다.,2
좋아하면서 너무 싫어.,사랑은 복합적인 감정이니까요.,2
좋아하면서도 너무 싫은 감정 뭘까요.,좋아하는 만큼 지쳐가는 마음 아닐까요.,2
좋아하지 않는데 계속 연락하고 만나는거 가능한가.,가벼운 친구사이로 생각할 수도 있죠.,2
좋아해,고백하세요.,2
좋아했던 기억 영원히 없앨 수는 없을까.,없애는 게 아니라 무덤덤해지는 걸 거예요.,2
좋아했던 사람 영원히 잊을 수 없을까?,시간이 좀 걸리겠지만 가능할 거예요.,2
좋아했던 사람도 금방 잊을 수 있을까.,아무래도 시간이 필요하겠죠.,2
좋아했던 사람에 대한 트라우마 때문에 연애를 못하겠어.,트라우마를 없앨 사람이 나타날 거예요.,2
좋아했지만 고백은 못하겠어.,애틋한 사랑이네요.,2
좋아했지만 끝내 고백은 못할 듯.,애틋한 사랑이네요.,2
좋은 곳 오면 생각나는 사람,그게 진짜 사랑이네요.,2
좋은 관계를 맺는 방법,취미와 성향 등이 같음을 어필해보세요.,2
좋은 사람 같아서 놓치고 싶지 않아.,그런 사람은 놓치면 후회해요.,2
좋은 사람 있으면 소개시켜줘,주변 사람들에게 부탁해보세요.,2
좋은 첫인상 남게 하려면?,겉모습에 신경 써보세요.,2
주말이 행복해,오래 볼 수 있어 좋은 가봐요.,2
주말인데 연락이 안 와.,먼저 연락을 해보는 건 어떨까요?,2
주말인데 연락해볼까?,얼른 연락해보세요.,2
주변 이성이 많은 여자친구 어떡해?,신경쓰이고 질투난다고 이야기해보세요.,2
주변에서 다 별로라고 한 짝남 그냥 맘을 접어야할까?,다른 사람들이 별로라고 말하는 이유를 생각해보세요.,2
주변에서 제가 그녀를 좋아하는 거라는데 받아들여지지 않습니다.,좋아하는 감정을 받아들이는게 생소할 수 있어요.,2
죽고 못 사는 관계,연애할 때 가능하죠.,2
죽었던 연애세포가 살아나는 것 같아.,좋은 소식이네요.,2
죽음을 뛰어넘는 사람,이보다 멋진 사랑은 없을 거예요.,2
준비 안됐는데 썸남 지금 집 앞에 있대.,좀 기다리라고 하고 비비라도 바르고 나가요.,2
즉흥적인 여자친구가 고민임.,그게 매력이에요.,2
지금 나오라고 하는거 예의 없음?,보고싶다고 연락은 해보는 게 좋을 거 같아요.,2
지금 나오라고 하면 나올까?,부담이 되긴 할 거 같아요.,2
지금 남친을 별로 안좋아하는 것 같은데.,정리를 하는게 좋겠어요.,2
지금 사귀고 있는 사람이랑 결혼하고 싶어,같이 살자고 프로포즈 해보세요.,2
지금 상황을 정리하고 유학을 가자는 상대,큰 도전이 되겠네요.,2
지금 여친을 별로 안좋아하는 것 같아.,마음이 식었나봐요.,2
지금 연락해도 돼?,해보긴 할 거 같아요.,2
지금 이 순간이 깨지지 않았으면 좋겠어,참 행복한가봐요.,2
지금 좋아하는 사람 있어?,잘 모르겠어요.,2
지나가는 말로 이쁘다한 것을 다 기억해 두는게 좋은가요?,다는 기억 못하더라도 노력하는 게 좋겠죠.,2
직장에서 좋아하는 여자가 있으면 고백하면 안되나?,서로의 마음에 확신이 들 때 고백하세요.,2
진실된 사랑이 있을까?,노력하면 얼마든지 가능해요.,2
진심으로 사랑하는 여자와,함께하길 바랍니다.,2
진심으로 좋아하는 애가 생겼으면.,좋은 사람이 생길 거예요.,2
진심이 뭘까?,직접 물어보세요.,2
진심일까,직접 물어보세요.,2
진정 사랑에 대해 배워가는중입니다,좋은 경험이 될 거예요.,2
진짜 나를 좋아하는 남자랑 사귈 걸.,어떤 선택이든 후회가 남기 마련이에요.,2
진짜 좋아하는 애가 생겼으면 좋겠어.,진정한 사랑이 찾아올거라 믿어요.,2
진짜 좋아하면 장거리 연애 가능?,가능하다고 봅니다.,2
질투가 너무 심한데 질투를 어떻게 줄일까.,당신이 가장 소중하고 사랑받고 있다는 걸 잊지마세요.,2
집까지 데려다줬는데 호감? 그냥 매너?,호감이 있을 수도 있어요. 그렇지만 조금 더 상황을 지켜보세요.,2
집앞에서 첫사랑 만남,우연한 만남이네요.,2
집에 가기 싫어,가지마요. 같이 라면 먹고 가요.,2
집에 여자친구 소개시켰어,서로에게 좋은 인상을 남겼으면 좋겠네요.,2
집에서 먼곳으로 데이트를 자주 가야하는데 꼭 차를 사야할까?,비용을 따져보세요.,2
집이 먼데 사귀어도 될까?,사랑하면 못하는 게 없어요.,2
집착을 줄이고싶어.,자신에게 더 집착해봐요.,2
집착하는 것 처럼 보이면 어떡해?,부담스럽지 않은 선이 좋겠어요.,2
짝남 고민 들어줄래요?,들어드릴게요.,2
짝남 관련 악몽을 꿔.,안좋은 일이라도 있었나봐요.,2
짝남 나한테 마음 있는지 궁금해.,주변 사람한테 물어보는 건 어떨까요.,2
짝남 내일 모레 출국이래.,많이 서운하겠어요.,2
짝남 내일 출국인데.,슬프네요.,2
짝남 때문에 너무 우울하고 혼란스러워.,충분히 힘들거라 생각해요.,2
짝남 때문에 마음이 아픈데 어떻게 해야할지 모르겠어.,짝사랑 앞에 판단력이 흐려지곤 해요.,2
짝남 때문에 우울해.,제 앞에서 울어도 돼요.,2
짝남 마주치지 않으려고 노력할거야.,그것도 하나의 방법이에요.,2
짝남 못 잊겠어.,완전히 잊을 순 없지만 새로운 사랑으로 잊혀질 수도 있어요.,2
짝남 보고싶다.,많이 보고 싶을거라 생각해요.,2
짝남 보내주는 편지야.,제가 들어드릴게요.,2
짝남 보란듯이 성공하고 싶어요.,큰 결심이네요. 꼭 성공할 거예요.,2
짝남 보란듯이 잊어주겠어.,좋은 생각이에요.,2
짝남 생각에 잠을 못 자.,짝사랑일수록 여러가지 생각이 들어서 그래요.,2
짝남 생각할수록 정리 되는 듯.,차라리 잘 된 일이에요.,2
짝남 섞인 술자리 갈 예정.,많이 떨리겠어요. 실수하지 말고 잘 다녀와요.,2
짝남 알바 그만둬서 이제 못만나는데 단톡방 친구추가 해서 갠톡하면 별로인가?,양해를 구하는 게 좋겠어요.,2
짝남 그냥 연락 끊긴지 오래됐는데 연락하는 거 오바야?,후회하는 것 보단 연락하고 결정하는게 좋겠어요.,2
짝남 여친 생겼네.,마음을 정리해야 하겠어요.,2
짝남 여친 있는지 없는지 어떻게 알아내?,공통된 친구한테 물어보세요.,2
짝남 일년 째 멀리서 지켜보기만 하는 중.,뒤에서 지켜만 보는 고충 이해 되네요.,2
짝남 있는데 소개 들어오면 받나요?,괜찮다면 받는 것도 나쁘지 않아요.,2
짝남 잊으려고 나 혼자 나쁘게 생각하는 내 자신이 증오스러워.,짝사랑을 하다 지치면 그럴 수 있어요.,2
짝남 잊으려고 하는데 인스타에서 자꾸 보여요.,인스타를 삭제하는 게 도움이 될 거예요.,2
짝남 전여친 못잊는거 보는게 너무 맘이 아파.,그것을 지켜볼 수 밖에 없는게 제일 속상해요.,2
짝남 정리 잘하고 있었는데 자꾸 꿈에 나와.,생각을 많이 해서 그럴지도 몰라요.,2
짝남 줄건데 센스있는 선물 추천해주세요.,그가 무엇을 좋아하는지 주변에 물어봐요.,2
짝남 표정 안좋아서 괜히 신경 쓰여.,신경 쓰일거라 생각해요.,2
짝남 프사 궁금해요.,궁금할만 해요.,2
짝남 프사랑 비슷한거 하고 싶은데 해도 될까?,살짝 티내려는 거라면 찬성합니다.,2
짝남과 자연스럽게 친해질 수 있는 방법 있을까?,공통 관심사를 찾아보세요.,2
짝남네 집에서 친구들이랑 집들이 가는데 뭐 사갈까?,필요한게 없는지 물어보면서 대화를 이어 나가세요.,2
짝남보다 더 나은 사람은 없을거야.,더 나은 사람 많아요.,2
짝남에게 같이 옷보러가자고 해도 될까?,시간 있냐고 물어봐보세요.,2
짝남에게 밤에 자주 산책하자고 해도될까?,밤 데이트 신청 멋지네요.,2
짝남은 나를 싫어하나봐 기분 탓인지.,짐작하는 건 당신을 더 슬프게 만들어요.,2
짝남은 나한테 관심이 없는 것 같애.,나의 존재를 먼저 인지시켜보세요.,2
짝남은 짝남일 뿐인가.,사랑으로 이어질 수 있어요.,2
짝남을 반에서 공개적으로 좋아하는게 나을까요?,경쟁자를 없애기 위해 그게 나을 수도 있어요.,2
짝남의 여사친들 보기 질투나.,질투난다고 살짝 말해봐요.,2
짝남의 전 여친 등장.,애석하네요.,2
짝남이 갑자기 못나 보여.,어떤 계기가 있었을 거예요.,2
짝남이 고시생이면 기다려야 하나요?,기다릴 수 있다면 기다리세요.,2
짝남이 곧 군대를 가요.,마음이 착잡하겠어요.,2
짝남이 공무원준비를 한다는데 고백하면 방해가 될까?,방해가 될 수도 있지만 옆에서 응원해주면 든든할 것 같아요.,2
짝남이 공시생이면 어떻게 하죠?,기다릴 수 있다면 기다리세요.,2
짝남이 나를 떠보는 걸까?,입장을 확실히 하는 편이 좋겠어요.,2
짝남이 나를 좋아하는 애의 친구인데 어떡해?,상황이 복잡하네요.,2
짝남이 나한테 관심 없어보여도 계속 연락하고 들이대?,확실한 거절이 아니라면 부담스럽지 않은 선에서 연락하는게 좋겠어요.,2
짝남이 나한테 먼저 연락왔으면 좋겠어.,그러면 좋겠지만 먼저하는 것이 맘 편할 거예요.,2
짝남이 나한테 여지준 것 같아.,오해가 아니라면 나쁜 분이네요.,2
짝남이 날 너무 편하게 생각해.,친구 이상으로 생각한다고 말해보세요.,2
짝남이 날 신경쓰는 것 같은 건 내 착각일까.,좀 더 지켜보는 것도 좋겠어요.,2
짝남이 날 좋아하게 할 방법이 있을까?,우선 꾸준히 연락하고 잘해줘보세요.,2
짝남이 남친이 되었어요.,좋은 소식이네요.,2
짝남이 내 친구 좋아하는 현실 어떻게 받아들여요?,가슴 아프지만 인정해야하는 순간이네요.,2
짝남이 내 친구를 좋아하는 것 같아.,운명의 장난이네요.,2
짝남이 내가 좋아하는 거 알아버림.,이런.,2
짝남이 내가 좋아하는걸 1도 몰라.,1은 알게 해야죠.,2
짝남이 너무 인기가 많아서 뺏길거같아 두려워,얼른 적극적으로 다가가세요.,2
짝남이 너무 좋은데 패션센스가 별로야.,패션은 사귀고 나서 바꿔줘도 돼요.,2
짝남이 넘 귀여워.,사랑스러운 분인가봐요.,2
짝남이 다른 애 좋아하는 것 같아.,그게 확실하다면 천천히 마음의 준비가 필요하겠어요.,2
짝남이 다른 여자를 좋아하는 걸 보니 자존감이 떨어져.,자존감은 자신만 결정할 수 있는 거예요.,2
짝남이 독서가 취미라는데 무슨 책을 선물해줄까?,먼저 읽어보고 좋은 책 선물하는게 이야기하는 데에 좋을 거예요.,2
짝남이 몇일째 카톡 안읽씹하면 노답이죠?,사정이 있을 수도 있지만 마음을 정리해야할 수도 있겠어요.,2
짝남이 삐딱하게 굴면 어떻게 하죠?,그런 사람에 대한 마음은 정리하는게 좋아요.,2
짝남이 사귀던 사람이랑 헤어졌는데 내가 고백해도 될까?,좀 기다리다가 천천히 다가가는게 좋겠어요.,2
짝남이 생겼는데 뭐부터 해야할까.,일단 자연스럽게 연락을 해보세요.,2
짝남이 여친이 있었어요.,너무 힘들게 하는 사실이네요.,2
짝남이 연락이 안 되는데 자고 있는 걸까?,피곤해서 자고 있을지도 몰라요.,2
짝남한테 계속 친한 척하면 부담스러워 할까?,부담스럽다면 직접 말할 거예요.,2
짝남이랑 친해질 수 있는 방법은 뭘까.,연락처 물어보는 건 전세계 공통이에요.,2
짝남이 운동선수인데 연락하면 귀찮아할까?,방해가 되지 않는 시간에 보내보세요.,2
짝남이 운동하다 다쳤는데 어떡하지?,괜찮냐고 연락해보세요.,2
짝남이 있는데 나는 사정이 안돼. 연애를 안하는게 맞는걸까?,사정이 뭔지 모르겠지만 좋아하는 건 괜찮아요.,2
짝남이 자꾸 꿈에 나오는데 꿈에서도 용기 없어서 피하고 그래.,은연 중에 지금의 심리 상태가 반영되었나봐요.,2
짝남이 자취한다는데 필요한 거 사다주면 좋아할까?,마다할 사람 없을 거예요.,2
짝남이 잘생긴건 아닌데 착해.,외모는 중요하지 않죠.,2
짝남이 정말 친절한데 모두에게 그럴까?,다른 사람한테도 그런지 지켜보세요.,2
짝남이 제 톡 안 읽고 프사 바꿨어요.,마음을 정리하는게 좋겠어요.,2
짝남이 졸업하는데 뭘 주면 인상깊을까?,부담스럽지 않는 선물을 생각해보세요.,2
짝남이 좋다고 했던 노래 이 새벽에 참 어울리는 노래야.,분위기 있는 노래인가봐요.,2
짝남이 좋아하는 사람이 있대요.,저까지 마음이 안좋네요.,2
짝남이 좋아하는애 있거나 여친 있으면 포기하는 이유가 뭐야?,그 사람에 대한 예의일 것 같아요.,2
짝남이 학교에서 평이 안 좋아.,무슨 이유가 있을 거예요.,2
짝남이 헤어진지 별로 안됐는데 다가가도 될까?,위로를 해줘보세요.,2
짝남이든 썸남이든 뭐든 있었음 좋겠다.,곧 사랑이 찾아올거라 믿어요.,2
짝남이랑 같이 도서관 가고 싶어. 방법 좀.,공부 도와달라고 해보세요.,2
짝남이랑 계속 카톡하고 싶은데.,카톡 해보세요.,2
짝남이랑 괜히 술 마셨어.,항상 아쉬움이 남는가봐요.,2
짝남이랑 끝났는데 그래도 매일 볼 수 있어서 좋아.,정말 사랑하는 분인가봐요.,2
짝남이랑 동생 이름이 똑같아.,놀랐겠어요.,2
짝남이랑 만나기로 했는데 뭐 할지 추천 좀.,가볍게 밥 먹고 영화 보는 거 어떨까요.,2
짝남이랑 사귀기로 했어,축하드려요.,2
짝남이랑 술 마셨는데 기분만 더 더러워졌어.,항상 후회만 남나봐요.,2
짝남이랑 썸 탈 것 같애.,좋은 결실 맺길 바랍니다.,2
짝남이랑 아직 덜 친해서 오늘 아무말 대잔치함.,어색한 시간이었겠네요.,2
짝남이랑 약속 파토 남.,아쉽네요.,2
짝남이랑 잘됐으면 좋겠다.,잘 되길 바랄게요.,2
짝남이랑 저녁에 보기로 했는데 연락이 없다.,한 번만 더 연락해보는 건 어떨까요.,2
짝남이랑 저도 모르게 사이가 어색해졌어요.,무슨 일이 있었나봐요.,2
짝남이랑 조금이라도 닮은 사람 있음 눈길 간다.,자연스러운 현상이에요.,2
짝남이랑 카톡이 끊겼는데 어떻게 더 연락할까?,연락할 핑계를 찾아보세요.,2
짝남이랑 카톡한거 다시 쭉 읽어 봤는데 거의 나만 질문함.,상대분이 관심이 덜 할 수도 있겠어요.,2
짝남이랑 페북친구인데 짝남이 좋다했던거 태그해도 되나?,태그해도 괜찮을 것 같네요.,2
짝남있던 단톡방에 술 마시고 실수했어.,마음이 아프네요. 큰 실수 아니었길 바랄게요.,2
짝남한테 감정 소모 안하고 싶다.,짝사랑 때문에 하는 감정 소모는 사람을 힘들게 해요.,2
짝남한테 같이 공부하러 가자고 해볼까?,공부 도와달라고 해보세요.,2
짝남한테 같이 스터디하자고 해도 될까요?,도움이 된다면 얘기 해보세요.,2
짝남한테 게임 초대 톡 왔음.,게임 초대라니 서운하겠어요.,2
짝남한테 고백한다? 안한다?,고백해보세요.,2
짝남한테 고백했는데 내가 싫지는 않은데 못 사귀겠대.,복잡한 마음이네요.,2
짝남한테 고백했는데 잘 됐으면 좋겠다.,잘 됐으면 좋겠어요.,2
짝남한테 괜히 만나자고 했나봐.,그래도 후회는 덜할 거예요.,2
짝남한테 내일 영화보자고 말해도 될까?,안되더라도 말해보세요.,2
짝남한테 늦은 생일 선물 주러 가는데 떨려.,그가 좋아할 거예요.,2
짝남한테 라인 왔는데 답장 뭐라고 해야할지 모르겠어.,자연스럽게 대화를 이어나가는게 좋아요.,2
짝남한테 문자 왔어.,뭐라고 했는지 궁금하네요.,2
짝남한테 밤늦게 나오라고 했더리 진짜 나왔줬는데 저한테 호감이 있는 걸까요?,신중하게 대화를 나눠보는게 좋겠어요.,2
짝남한테 밥 먹자고 그냥 해볼까.,한 번 말해보는게 좋겠어요.,2
짝남한테 시덥지 않은 걸로 선톡해도 될까?,선톡을 해야 대화도 이어나가니까요.,2
짝남한테 실망했어요.,마음이 헛헛하겠어요.,2
짝남한테 아침에 데이트 신청했는데 오늘 야근이야.,하필 왜 오늘 야근일까요.,2
짝남한테 여러 번 차이다가 나중에 사귀게 된 사람도 있을까?,있을 수 있지요.,2
짝남한테 연락할까?,연락해보세요.,2
짝남한테 은근슬쩍 좋아하는 티 내는 방법 좀.,은근히 칭찬해주는 건 어떨까요.,2
짝남한테 잘 보이고 싶은데.,당당하게 나가세요.,2
짝남한테 정 떼는 방법 없나.,쉬운 일은 아니에요.,2
짝남한테 좋아하는거 들켰는데 그냥 예전처럼 편하게 지내고 싶어.,겉으로는 편하게 지낼 수 있을 거예요.,2
짝남한테 주말에 만나자고 했는데 일 있대 계속 언제 되는지 물어봐도 되나.,거절 하는게 느껴지면 그만하는게 좋겠어요.,2
짝남한테 크리스마스 선물할건데 추천 좀.,목도리는 어떨까요.,2
짝남한테 톡 와 있네.,궁금하네요.,2
짝남한테 혼자 화나고.,혼자 화가 풀리곤 해요.,2
짝남한테도 철벽이게 돼 왜그럴까.,트라우마가 생겼는지도 모르겠네요.,2
짝녀 고민 들어줘.,들어드릴게요.,2
짝녀 관련돼서 악몽을 자주 꾸는데 불안함.,악몽이라니 걱정되겠어요.,2
짝녀 기분이 안좋아 보여서 신경 쓰임.,신경 쓰일만 해요.,2
짝녀 나한테 마음이 있는걸까?,직접 대화를 나눠보는 건 어떨까요.,2
짝녀 남친 생겼네.,어쩔 수 없네요.,2
짝녀 때문에 화가나요.,안 좋은일이 있었나봐요.,2
짝녀 마음 정리하는 중이데 자꾸 꿈에 나옵니다.,생각이 많이 났나봅니다.,2
짝녀 보고 싶다.,그럴 만 해요.,2
짝녀 보란 듯이 성공하고 싶습니다.,큰 결심이네요. 꼭 성공할 거예요.,2
짝녀 보란 듯이 잊고 싶어요.,마음을 단단히 먹으면 할 수 있어요.,2
짝녀 생각에 잠을 못자겠어.,짝사랑이 생각을 복잡하게 만들어요.,2
짝녀 생각할수록 정리 되는 느낌.,차라리 잘 된 일이네요.,2
짝녀 선물 어디까지 가능?,받는 사람이 부담스럽지 않는 선일 것 같습니다.,2
짝녀 알바 그만둬서 못나는데 연락처 물어보면 싫어할까.,그래도 마지막이니 물어보는게 좋겠어요.,2
짝녀 연락 끊긴지 꽤 됐는데 연락해도 될까요?,후회하는 것 보단 연락하는 편이 나아요.,2
짝녀 오랫동안 멀리서 지켜보기만 하고 있습니다.,뒤에서만 지켜보는게 힘들었겠어요.,2
짝녀 있는데 소개팅 들어오면 받아도 되나요?,원한다면 그렇게 해도 돼요.,2
짝녀 잊으려면 인스타부터 안 해야할듯.,인스타를 삭제하는게 좋겠네요.,2
짝녀 줄 센스있는 선물 추천 좀 해주세요.,그녀가 무엇을 좋아하는지 주변에 물어봐요.,2
짝녀 프사 자음이 궁금함.,궁금할 수 있어요.,2
짝녀가 고시생인데 언제까지 기다려야 할까요.,기다릴 자신이 없다면 정리하는게 좋겠어요.,2
짝녀가 공시생인데 기다릴까요?,기다릴 자신이 없다면 정리하는게 좋겠어요.,2
짝녀가 나를 떠보는 걸까.,입장을 확실히 하는 편이 좋겠네요.,2
짝녀가 나를 좋아하는 애의 절친이야.,마음의 정리를 해야하는 시기가 올지도 모르겠어요.,2
짝녀가 나한테 관심이 전혀 없는 듯.,나의 존재를 먼저 인지시켜보세요.,2
짝녀가 나한테 먼저 연락올 일은 없겠지?,있을 수 있지만 먼저하는게 좋겠어요.,2
짝녀가 날 너무 친구로 생각해.,친구 이상으로 생각한다고 말해보세요.,2
짝녀가 내 친구를 좋아하는 것 같음. 어떡해?,마음이 돌아서길 기다려야죠.,2
짝녀가 내 친구를 좋아해.,엉킨 사랑의 짝대기네요.,2
짝녀가 내 톡은 안 읽고 프사 바꿈.,아쉽지만 마음을 접는 편이 좋겠네요.,2
짝녀가 내가 좋아하는 걸 알아버렸어.,그 후로 괜찮았는지 모르겠네요.,2
짝녀가 너무 이뻐서 찝적대는 사람이 너무 많아.,적극적으로 다가가보세요.,2
짝녀가 다른 남자를 좋아한대.,그 사람의 마음도 이해해주세요.,2
짝녀가 다른반인데 친해지는 방법없을까?,다른 반 친구를 사겨보세요.,2
짝녀가 단톡에선 답장하고 갠톡은 답장 안해.,철벽이네요.,2
짝녀가 몇일째 카톡 안읽씹하면 거절인거죠?,사정이 있을 수도 있지만 마음을 정리해야할지도 모르겠네요.,2
짝녀가 사귀던 사람이랑 헤어졌는데 좋아한다고 고백해도 되나.,아직 마음의 정리가 필요할테니 조금만 기다리는 게 좋겠네요.,2
짝녀가 어떻게 하면 내 생각을 하게 할까?,우선 꾸준히 연락하고 잘해줘보세요.,2
짝녀가 여친이 되었습니다.,축하드려요.,2
짝녀가 연락 안 되고 있는데 자나?,자고 있을지도 모르겠어요.,2
짝녀가 예쁜 건 아닌데 끌려.,외모보다 마음이 중요해요.,2
짝녀가 외국인인데 연락처 물어봐도 될까.,연락처 물어보는 건 전세계 공통이에요.,2
짝녀가 외국인인데 좋아해도 되나?,사랑에는 국경이 없답니다.,2
짝녀가 우리 과에서 인기가 너무 많아.,사람들 보는 눈이 비슷하죠.,2
짝녀가 우리 과에서 제일 인기가 많은 듯.,사람들 보는 눈이 비슷하죠.,2
짝녀가 운동을 한다는데 같이 하고싶어,부담스러워하지 않는다면 가르쳐 주는 식으로 같이 하면 좋겠네요.,2
짝녀가 음식을 가리는 편인데 뭘 먹으면 좋을까?,가리는 음식을 알아보는 게 먼저일 것 같아요.,2
짝녀가 이사간다는데 너무 힘들어.,인연이라면 또 다시 만날 수 있을 거예요.,2
짝녀가 있는데 내게 연애는 사치인거 같아.,연애가 사치인 사람은 없어요.,2
짝녀가 있었는데 못 잊겠어.,시간이 필요한 때인 것 같아요.,2
짝녀가 저한테 관심이 없는 것 같은데도 계속 연락해도 될까요.,아직 확실한게 아니라면 연락해보는게 좋을 것 같아요.,2
짝녀가 절 신경쓰는 것 같은 건 내 착가인가요?,아직은 신중함이 필요해요.,2
짝녀가 졸업하는데 어떤 꽃을 선물하면 좋아할까?,길거리에 있는 꽃다발 말고 예약해보세요.,2
짝녀가 좋아하는 사람 있거나 남친 있으면 포기하는 이유가 뭐임?,그 사람에 대한 예의일 것 같아요.,2
짝녀가 좋아하는 사람이 있답니다.,그것 참 안됐군요.,2
짝녀가 좋아하는거 눈치 1도 못챔.,1은 알게 해야죠.,2
짝녀가 차갑게 굴면 어떻게 해요?,짝사랑하는 마음을 접는게 편할 것 같아요.,2
짝녀가 학교에서 소문이 안 좋아.,오해가 쌓인 건 아닐까요.,2
짝녀는 짝녀일 뿐이건가.,사랑으로 이어질 수 있어요.,2
짝녀랑 갑자기 어색해졌습니다.,무슨 실수를 했나봐요.,2
짝녀랑 누나 이름이 똑같애.,하필 같은 이름이라니.,2
짝녀랑 드디어 사귄다!,좋은 소식이네요.,2
짝녀랑 술 마셨는데 이제 진짜 접어야하나봐.,그녀의 마음을 확인했나봐요.,2
짝녀랑 약속 파토 났어요.,무슨 바쁜 일이 있었나봐요.,2
짝녀랑 얼굴 마주보고 대화할 때 미칠 것 같아.,정말 떨리죠.,2
짝녀랑 연락이 끊겼는데 더 연락하고 싶어.,연락할 핑계를 찾아보세요.,2
짝녀랑 저녁에 보기로 했는데 연락두절임.,한 번만 더 연락해보는 건 어떨까요.,2
짝녀랑 조금이라도 닮으면 눈이 가는 듯.,저였어도 관심이 갔을 거예요.,2
짝녀랑 카톡했던거 다시 읽어 보는데 거의 다만 물어보네.,상대분이 아직 관심이 덜한 걸 수도 있어요.,2
짝녀를 반 애들 다 알게 공개적으로 좋아하면 싫어할까요?,부담스러워할 수도 있어요.,2
짝녀에게 남친이 있었습니다.,안타깝게 생각해요.,2
짝녀에게 내 옷좀 봐달라고 만나자 해도 될까?,시간 있냐고 물어봐보세요.,2
짝녀에게 다가가려면 짝녀의 친구에게 먼저 다가가는게 나을까?,둘다에게 다가가야겠죠.,2
짝녀와 같이 드라이브갈껀데 어디로 갈까?,강가 같이 분위기 있는 곳이 좋겠어요.,2
짝녀와 자연스럽게 친해질 수 있는 방법 좀.,공통 관심사를 찾아보세요.,2
짝녀의 전 남친이 나탔났음.,신경쓰이겠어요.,2
짝녀한테 같이 스터디하자고 해도 되나요?,도움이 된다면 얘기 해보세요.,2
짝녀한테 고백했는데 미안하대.,정중히 거절했지만 마음이 아프네요.,2
짝녀한테 고백했는데 잘 됐으면.,잘 될거라 믿어요.,2
짝녀한테 고백했는데 짝녀가 오해하게 해서 너무 미안하다네요.,안타깝게 생각해요.,2
짝녀한테 공부 가르쳐달라고 해볼까,도움을 요청하면 더 쉽게 가까워질 수 있을 거예요.,2
짝녀한테 라인 왔는데 뭐라고 답장 해야할지 모르겠어.,자연스럽게 대화를 이어나가는게 좋겠어요.,2
짝녀한테 문자 왔어.,뭐라고 했는지 궁금해요.,2
짝녀한테 실망했음.,무슨 일이 있었나봐요.,2
짝녀한테 여러 번 차였는데 사귈 수 있을까요.,진심이 언젠간 통할지도 몰라요.,2
짝녀한테 연락해볼까?,연락하세요.,2
짝녀한테 영화 보자고 그냥 해볼까.,용기를 내서 말해보세요.,2
짝녀한테 의미 없는 선톡 해도 될까요?,선톡을 해야 대화도 이어나가니까요.,2
짝녀한테 잘 보이고 싶은데.,자신감을 가지세요.,2
짝녀한테 주말에 보자고 연락했는데 일정이 있대요. 언제되는지 계속 물어도 될까요.,거절의 뜻으로 생각되면 그만하는게 낫겠네요.,2
짝녀한테 줄임말 쓰면 안됨?,줄임말 보단 다정한 표현이 호감을 줄 거예요.,2
짝녀한테 카페 가서 같이 공부하자고 해볼까?,공부 도와달라고 해보세요.,2
짝녀한테 크리스마스 선물로 뭐가 좋음?,많이 추우니 목도리는 어떨까 생각해요.,2
짝녀한테 휘둘리고 싶지 않은데 이러는 내가 싫다.,자신의 의지를 굳건히 하세요.,2
짝녀한테도 철벽쳐요. 성격이 왜 그럴까요.,두려운게 있는게 아닐까요.,2
짝사랑 그만하고 싶다,짝사랑은 시작과 끝을 자신이 결정할 수 있어요.,2
짝사랑 그만할래,짝사랑은 시작과 끝을 자신이 결정할 수 있어요.,2
짝사랑 끝내고 나니 마음이 공허하다.,사랑했던 시간이 멈춰버려서 그런거예요.,2
짝사랑 시작하고 감정 기복이 심해.,짝사랑이 그런건가봐요.,2
짝사랑 중이었는데 솔로 탈출했어요.,좋은 소식이네요.,2
짝사랑 중인 내가 이해가 안돼.,짝사랑 앞에 장사 없지요.,2
짝사랑 중인데 나혼자 드라마 찍음.,짝사랑이 그렇게 만드나봐요.,2
짝사랑 중인데 나혼자 영화찍어.,짝사랑이 그런가봐요.,2
짝사랑 중인데 나혼자 치정 로맨스야.,짝사랑이 그렇게 만드네요.,2
짝사랑 중인데 이 세상에 나만 힘든 것 같아.,짝사랑은 자신을 외롭게 만들어요.,2
짝사랑 중일 때 장점.,짝사랑 상대 생각에 설레는 것.,2
짝사랑 진짜 못해먹겠다.,지쳤나봐요.,2
짝사랑 포기하는 것도 힘드네.,사랑이었으니까요.,2
짝사랑 포기하려니까 우울해.,사랑이었으니까요.,2
짝사랑 하는 남자 때문에 하루에도 몇 번 기분이 달라져.,짝사랑에 기분이 오락가락하죠.,2
짝사랑 하는 남자가 외국인인데 어떻게 다가갈 수 있을까?,많이 만날 수 있는 계기를 만들어보세요.,2
짝사랑 하는 남자애가 이사 간대.,이사는 가더라도 연락은 지속해보세요.,2
짝사랑 하는 사람과 친해질 수 있는 방법 조언 좀.,공통 관심사를 찾아보세요.,2
짝사랑 하는 사람보다 좋은 사람 만날거야.,반드시 더 좋은 사람 만날 거라 생각해요.,2
짝사랑 하는 사람을 보냈습니다. 위로해 주세요.,정말 맘고생 많았어요.,2
짝사랑 하는 사람이 날 좋아할 확률은?,다가가는 만큼 확률이 높아질 거예요.,2
짝사랑 하는 사람이 날 좋아할리는 없겠지?,나를 비하하지 마세요.,2
짝사랑 하는 사람이 너무 잘나서 내가 작아보여.,사랑 앞에 작아지곤 해요.,2
짝사랑 하는 사람이랑 잘됐으면 좋겠다.,꼭 잘 될거예요.,2
짝사랑 하는 상대가 나를 싫어하는 것 같애.,그것만큼 마음 아픈 일도 없겠네요.,2
짝사랑 하는 여자 때문에 신경이 곤두서.,내 맘같지 않아서 그런가봐요.,2
짝사랑 하는 여자가 헷갈리게 합니다.,직접 물어보는 것도 좋은 방법이에요.,2
짝사랑 하는 여자랑 뽀뽀하는 꿈 꿨어요.,은연 중에 많이 생각했나봐요.,2
짝사랑 하는 여자애가 오늘 꿈에 나온다면 소원이 없겠네.,지금처럼 생각 많이 하고 자면 꿈이 나타날 거예요.,2
짝사랑 하는 여자에 대한 고민 좀 들어주세요.,말씀해보세요.,2
짝사랑 하는 여자한테 고백한다? 안한다?,용기를 내서 고백해보는 건 어떨까요.,2
짝사랑 하니까 감정 기복 장난 아님.,사랑이 내맘같지 않아서 그렇게 되나봐요.,2
짝사랑 하던 사람 못 잊을 것 같애.,생각처럼 쉽지 않지요.,2
짝사랑 하던 사람이 있는데 끝까지 포기 못할 것 같아.,끝을 받아들이는 것도 필요합니다.,2
짝사랑 하던 사람이랑 썸 타고 싶어.,먼저 연락해보는 것도 좋을 것 같습니다.,2
짝사랑 하던 사람이랑 썸 탈 것 같애.,좋은 소식이네요.,2
짝사랑 하던 사람한테 고백했는데 차임. 계속 좋아해도 될까.,좋아하는 건 본인의 자유지만 많이 힘들 거예요.,2
짝사랑 하면 무슨 기분인지 알긴 해요?,저는 짝사랑 전공이에요.,2
짝사랑 하면서 내가 초라하게 느껴져.,나만 좋아한다는 사실이 그렇게 만들어요.,2
짝사랑 해봤어?,해봤어요.,2
짝사랑 했던 그가 떠나갔어.,여기까지 인연이었나봅니다.,2
짝사랑 했던 그녀가 남친이 생겼대.,마음이 아프겠네요.,2
짝사랑 했던 그에게 여자친구가 생겼어.,마음이 아프겠네요.,2
짝사랑 했던 여자가 떠나갔네.,여기까지 인연이었나봅니다.,2
짝사랑 힘들어,그래도 좋아하는 동안 행복하길 바라요.,2
짝사랑만 하다보니 이 세상에 나 혼자인 것 같네.,혼자가 아니에요.,2
짝사랑만 하다보니 자존감이 떨어졌어.,소중한 당신을 위해 자존감을 높이는게 좋아요.,2
짝사랑만이 답일까.,짝사랑만이 답을 아니랍니다.,2
짝사랑에서 연인으로 발전 가능?,노력에 따라 가능성이 달라지겠죠.,2
짝사랑에서 연인으로 발전하려면 어떻게 해야 해?,나의 존재를 인지시켜야죠.,2
짝사랑은 안 이뤄지나봐.,이뤄질 수도 있답니다.,2
짝사랑은 언제까지나 짝사랑일 뿐이가봐요.,사랑으로 이어질 수도 있어요. 힘을 내세요.,2
짝사랑은 언제나 고독할까.,짝사랑에서만 그치는 것은 고독한 것 같아요.,2
짝사랑은 짝사랑으로 남는게 좋은 걸까요.,그렇지는 않아요.,2
짝사랑은 힘든 거 같아,그래도 좋아하는 동안 행복하길 바라요.,2
짝사랑을 끝내니까 마음이 허전해.,사랑했던 기억이 남아있어서 그래요.,2
짝사랑을 너무 오래해서 현타 와.,짝사랑 권태기인가봅니다,2
짝사랑을 하다보니 자존감이 낮아졌어.,그러니 자신을 더 사랑해주세요.,2
짝사랑이 이렇게 힘들줄을 몰랐어요.,사랑하는 만큼 바라게 되고 또 힘들게 되죠.,2
짝사랑이 이뤄지지 않을 것 같은데 계속 좋아해도 될까?,좋아하지 않는다고 생각해서 좋아해지지 않는다면요.,2
짝사랑인 상대한테 고백했는데 짝남이 오해하게 해서 미안하대.,세상에서 제일 슬픈 말이네요.,2
짝사랑인가 썸인가,썸이길 바랄게요.,2
짝사랑인지 썸인지 구별하는 법,소개 해달라고 해보세요.,2
짝사랑중이야,진정으로 사랑한다면 그 사람도 당신의 사랑을 알아볼거예요.,2
짝사랑중인데 그 애는 저를 잘 알지 못하는데 연락을 하면 놀랠까요?,갑자기 연락하면 놀라겠죠.,2
짝사랑하는 기분이 뭔지 알아요?,같지는 않지만 알 것 같아요.,2
짝사랑하는 남자는 내가 싫은가봐.,그것만큼 마음 아픈 일도 없겠네요.,2
짝사랑하는 사람에 대한 마음이 갑자기 식었어.,무슨 계기가 있었을지도 몰라요.,2
짝사랑하는 사람이랑 엄청 편하게 지내는데 썸 가능?,썸 가능해요 이성으로 대해보세요.,2
짝사랑하는 여자가 저를 싫어하나봅니다.,그렇게 생각하게된 계기가 있었나봐요.,2
짝사랑하다고 솔탈함. 기 받아가.,기 받아갈게요.,2
짝사랑하면 어떤 기분이야?,혼자서 설레고 혼자 헤어지는 기분이에요.,2
짝사랑한 만큼 상처도 깊어져.,상처가 아무는덴 시간이 걸릴지도 몰라요.,2
쪼금 지겨워진 거 같아,갑작스러운 변화를 경험해보는 것도 좋을 거예요.,2
차 없으면 데이트 못해?,걸어다니면서 하는 데이트가 진정한 데이트죠.,2
차로 데려다줬는데,고마움을 전해보세요.,2
차였는데 좋아하는 감정이 사라지질 않아요.,정말 많이 좋아했나봐요.,2
착각이면 어떡해,연락 패턴을 살펴보세요.,2
착각일 수도 있는데 서로 좋아하는 것 같으면 고백해?,먼저 고백하는게 최선의 방법이에요.,2
착해서 잘해주는 건지 좋아하는 건지,직접 물어보세요.,2
착해서 잘해주는 건지 좋아하는 건지,헷갈린다고 말해보세요.,2
참 많이 좋아했는데.,추억으로 남기는 것도 좋은 선택일 거예요.,2
처음 마음이 아픈게 첫사랑인가,이루어 지지 않은 사랑은 모두 아프죠.,2
처음 커플템으로 어떤거를 할까?,"간단하게 팔찌나 양말, 모자, 신발 등으로 시작해보세요.",2
처음에는 가벼운 마음이었는데,대수롭지 않은 감정이 사랑으로 변해가는 거 같아요.,2
천년의 짝사랑이 식는 기분.,실망스러운 일이 있었나봐요.,2
첫 눈에 반하는게 가능해?,가능합니다!,2
첫 눈에 반하는게 가능해?,당연히 가능하죠.,2
첫 데이트에 뭐 먹는걸 좋을까?,좋아하는 걸 먹어야죠.,2
첫 만남에 키스했는데 너무 빠른걸까?,서로의 의사가 존중된 것이라면 괜찮지만 사귀고 난 후가 좋겠어요.,2
첫눈에 반함,운명적인 사랑이네요.,2
첫눈에 반해서 좋아할 수 있어?,당연히 가능하죠.,2
첫데이트 어디로 가는게 좋을까?,공원이나 익숙한 곳을 가보세요.,2
첫사랑 다시 만나도 사랑할 수 있을까?,다시 만나는 건 환상을 깨는 일이에요.,2
첫사랑 보고 싶어,지금 만나는 사람이 없다면 한번 연락해 보세요.,2
첫사랑 생각나,소중했던 추억이라고 생각해보세요.,2
첫사랑 생각나,지금의 사랑에 충실하세요.,2
첫사랑 생각만해도 아련해,그런 감정이 살아가는 원동력이 되는거 같아요.,2
첫사랑도 내 생각할까?,미련갖지 마세요.,2
첫사랑도 내가 보고 싶을까?,추억으로 남았다면 보고 싶고 궁금할거 같아요.,2
첫사랑을 다시 만났어.,새로운 사랑의 시작이 되길 바라요.,2
첫사랑을 추억해,첫사랑은 항상 추억의 대상이죠.,2
첫사랑이 떠올라,기억나면 기억나는대로 마음가는대로 그냥 놔두는게 좋은거 같아요.,2
첫사랑인 거 같아,당신의 첫사랑을 응원합니다.,2
청첩장 고르고 있어,둘 만의 추억이 담긴 청첩장을 만들어 보는곳도 좋을거같아요.,2
청첩장 골랐어,누구한테 줄지 생각해 보세요.,2
청첩장 누구 주지?,그게 제일 고민이죠.,2
청첩장 누구한테 주지?,당신이 축의금을 건냈던 모든 사람들에게 주세요.,2
청첩장 누구한테 줘야할지,그게 제일 고민이죠.,2
청첩장 돌리기 귀찮아,축하해주실 분들을 진심을 담아 초대해보세요.,2
청첩장 만들어야지,결혼 얼마 안 남았나봐요.,2
청첩장을 찍는 날이 오다니,결혼 얼마 안 남았나봐요.,2
최근에 헤어진 짝남한테 연락하면 주변에서 욕할까?,주변의 시선을 신경쓰면 아무것도 못해요.,2
최근에 헤어진 짝남한테 지금 연락하기는 너무 이를까?,위로를 해주면서 연락해보세요.,2
최근에 헤어진 짝녀한테 연락하면 내 연락을 받아줄까?,위로를 해줘보세요.,2
최소 썸인 듯.,고민 하고 있으면 썸의 가능성이 높겠네요.,2
최악의 소개팅이었어,이제 좋은 사람 만날 일만 남았네요.,2
출산휴가 있는 회사로 이직할까?,된다면 도전해보세요.,2
취업준비하는데 연애해도 될까?,옆에서 응원해주면서 사랑을 키워다고 좋을 거예요.,2
취준생인데 연애 부담 돼.,아무래도 부담이 되겠죠.,2
취준생인데 연애 해도 될까?,취업이랑 연애 둘 다 잘할 수 있을 거예요.,2
취향 알고 싶다,직접 물어보세요.,2
취향 좀 존중해줬으면,각자마다 취향이 있는 거죠.,2
친구 결혼 준비하는 거 보니까 나도 하고 싶어진다,행복해보이나 봅니다.,2
친구 결혼식에서 축가 준비 중,친구가 좋아하겠어요.,2
친구 사이로도 못 지낼 것 같아.,계속 생각날테니 그럴만 해요.,2
친구 짝남이 나 좋아하는데 어떡함.,여지를 주지 않는게 좋습니다.,2
친구 짝녀가 날 좋아하는데 어쩔.,모르는 척하는게 나을 수도 있겠어요.,2
친구가 결혼식 사회 봐주기로 했어,잘하고 오세요.,2
친구같은 연애 하고 싶어,유머코드가 맞는 사람을 찾아보세요.,2
친구도 아니고 사귀는 사이도 아닌데 뭐지?,본인의 감정에 귀 기울여보세요.,2
친구들과의 모임이 너무 많은 사람,적당하게 줄여주거나 나에게 믿음을 주라고 말해보세요.,2
친구들이 브라이덜샤워해준대,좋은 친구들 두셨네요!,2
친구들이 사랑하니까 예뻐졌대,행복 바이러스에 감염되셨군요.,2
친구들이 짝남 별로라고 하는게 짜증나.,왜 별로라고 할까요. 기분 상했겠어요.,2
친구들이 짝녀를 별로라고 하네요.,무슨 이유에서 그랬을까요.,2
친구들하고 욕하고 있는데 짝녀가 들었어.,하필 왜 그 순간 나타났을까요.,2
친구라도 될 걸 그랬나봐요.,친구로 남았어도 곁에서 계속 힘들었을 거예요.,2
친구랑 나랑 좋아하는 애가 같으면 어떡해?,결정 내리기 힘들겠어요.,2
친구랑 사랑하는 사람이 같아,사랑은 쟁취하는거예요.,2
친구로 남는게 좋을까 그냥 고백할까?,그 사이면 고백하는 게 좋겠어요.,2
친구로 좋아하는 건지 이성으로 좋아하는 건지 모르겠어요.,이전과 달라진 점을 느끼지 못했나봐요.,2
친구에서 연인이 되려면,이성으로 대해요.,2
친구의 구남친을 좋아하게 됐어요.,선택을 해야 겠네요.,2
친구의 남자친구가 눈에 들어와,만나지도 연락하지도 말아보세요.,2
친구의 남친 좋아하게 된 거 같아,사랑은 쟁취하는 거예요.,2
친구의 전 여친을 좋아하는 나.,선택을 해야 겠네요.,2
친구의 전여자친구가 좋은데 사겨도될까?,친구을 잃을 수도 있어요.,2
친구의 친구를 사랑하는 거 같아,슬픈 이야기네요.,2
친구의 친구를 사랑했네,슬픈 이야기네요.,2
친구인데 고백해도 될까?,솔직한 마음으로 다가가보세요.,2
친구인데 썸 타는 것 같아.,고민 하고 있으면 썸의 가능성이 높겠네요.,2
친한 동생인데 짝남이 되고 있는 느낌이에요.,받아들이기 쉽지 않죠.,2
친한 동생인데 짝녀가 된 것 같아요.,있을 수 있는 일이에요.,2
친한 동생인데 짝사랑하는 것 같습니다.,남녀 사이에서 있을 수 있는 일입니다.,2
친한 친구가 저를 좋아하는 것 같아요.,친구사이가 깨질까 걱정되나봐요.,2
친한 친구의 구남친이랑 사귀어도 될까요?,친한사이가 아니라면 괜찮지만 친구라면 속상할거예요.,2
친한 친구의 구여친이랑 사귀어도 되나.,친구라면 많이 실망할겁니다.,2
카리스마 있는 사람이 좋아,당신을 이끌어주는 남자를 만날 수 있을 거예요.,2
카톡 상메에 아직도 누구 좋아한다는 티 내는 법 좀.,의미심장한 메세지가 어떨까요.,2
카톡하고 싶고 자꾸 생각나고 그러면 좋아하는 건가?,아마 그럴 거예요.,2
카톡하는데 자꾸 웃음 나.,부러워요. 자연스러운 현상이에요.,2
카톡할때 너무 칼답하면 부담스러워할까?,귀여울 거 같아요.,2
카페 알바생이 좋아졌는데 들이대도 괜찮을까?,언제 끝나냐고 물어보세요.,2
카페에서 같이 알바하는 사람이 좋아졌어요.,자연스럽게 말을 걸어보세요.,2
커뮤니티 하는 썸남 어때?,그게 무슨 문제인가요.,2
커뮤니티 하는 썸녀 어때?,그게 무슨 문제인가요.,2
커플 여행 가면 잘 싸워?,연애 초면 싸우기도 하는 거 같아요.,2
커플여행 어떻게 생각해?,누구랑 가느냐가 중요하겠죠.,2
커플여행이 나을까 그냥 우리끼리 갈까?,저는 둘이 가는 걸 좋아해요.,2
커플여행이 나을까 그냥 우리끼리 갈까?,저는 둘이 가는 게 좋아요.,2
콩깍지 언제 벗겨져?,콩깍지 기한은 사람에 따라 다르겠죠.,2
콩깍지 왜 안 벗겨지지?,콩깍지 렌즈를 심어서 안 벗겨질 때도 있어요.,2
콩깍지가 씌었나봐. 아직도 좋아해.,많이 사랑하나봐요.,2
크리스마스인데 만나자고 해도 됨?,만나고 싶으면 만나야죠.,2
큰 시험 앞두고 짝사랑 하는 사랑이 생겼어요.,마음을 다잡는게 좋겠어요.,2
클럽 좋아하는 남자는 좋아하면 안되겠지.,같이 가서 놀아보면 깰 거예요.,2
클럽에서 만나서 사귀는거 어떻게 생각해?,어디서 만났든 그 후가 중요해요.,2
클럽에서 만난 남자친구와 오래 갈 수 있을까?,어디에서 만난 건 상관없어요.,2
클럽에서 여자친구 찾아볼까?,어디서 만났든 그 후가 중요해요.,2
키 작은 남자 좋아하는 여자 있나요?,취향이니까요.,2
키 작은 여자 좋아하는 남자 있나요?,그럼요.,2
키 큰 남자 만나고 싶어,그런 사람 만나길 바랄게요.,2
키 큰 여자는 별로인가?,키는 중요하지 않을 거예요.,2
턱시도 잘 어울림!,눈에 콩각지가 떨어지지 않기를 바랄게요.,2
팀장님을 좋아하게 됐는데 고백하면 안되겠지.,서로의 마음에 확신이 들 때 고백하세요.,2
팔베개하고 자다가 팔 저린데 말해야겠지?,손잡고 주무세요.,2
패턴 궁금해,직접 물어보세요.,2
패턴 아는데 풀어봐도 될까?,궁금하다고 보고 싶다고 먼저 말해보는 게 좋을 거 같아요.,2
편해지는게 당연한데 속상해.,설렘은 언제고 사라집니다.,2
풋풋한 사랑 하고 싶어.,설렘이 그리운가봐요.,2
프로포즈 곧 받을 거 같은데,김칫국물은 미리 마시는게 아니에요.,2
프로포즈 받았어,축하해요.,2
프로포즈할때 영상편지도 주려고,감동적인 선물이 될 거 같아요.,2
플라토닉 연애 어때?,가능한 거 같아요.,2
하고 많은 사람 중에 왜 나야?,당신이니까요.,2
하루 종일 같이 있고 싶어,서로 떨어져서 그리워할 시간을 적당히 만들어주는 게 관계를 더 깊게 만들어 주기도 할 거예요.,2
하루 종일 붙어 있고 싶어,뭐든 함께하려는 것도 좋겠지만 오래 붙어잇는다고 해서 사랑이 더 커지거나 깊어지지 않아요.,2
하루 종일 연락하면 썸?,귀찮아서 친구랑 하루 종일 연락 안해요.,2
하루종일 썸남 생각만 해. 괜찮을까?,그것 또한 감정의 일부니까요.,2
하우스푸어될듯,열심히 갚아 나가세요.,2
학교 짝이랑 썸 타는데,짝이라 더 좋겠네요.,2
학교샘 좋아하는 사람 있나?,존경의 의미라고 생각하세요.,2
학교에 심남 있는데 연락해볼까?,호감을 어느 정도 표현해보는 것도 좋을 것 같아요.,2
학교에 좋아하는 여자애의 관심을 어떻게 끌지?,우선 자신이 멋진 사람이 되어 보세요.,2
학교에 좋아하는 오빠한테 어떻게 다가갈까?,과제나 상담을 핑계로 다가가는 건 어떨까요.,2
학생일 때 썸 괜찮을까,지금은 지나면 돌아오지 않아요.,2
학원 다른반에 좋아하는 사람이 있는데 번호를 알고 싶은데 방법 좀 알려주세요.,직접 물어보거나 친구를 통해서 알아내보세요.,2
학원 선생님을 좋아하는데 티내면 안되겠지.,티 내도 귀여울 것 같아요.,2
학원에 좋아하는 남자애가 생겼어요.,물어볼 거 있다고 하면서 개인적으로 말해보세요.,2
학원에 좋아하는 여자애가 있는데 말 거는 방법 좀.,음료수라도 전하면서 대화를 나눠봐요.,2
한 눈에 반했어. 그녀한테 좋아한다고 해도 될까.,아직 이를 지도 몰라요. 천천히 다가가세요.,2
한 사람만 죽을 때까지 사랑하는 게 가능할까?,그러기 힘들어서 결혼이라는 제도를 만든 걸 수도 있어요.,2
한 사람만 죽을 때까지 사랑할 수 있을까?,가능해요!,2
한 사람을 오랫동안 좋아하는게 신기하대.,쉬운 일은 아니에요.,2
한쪽만 호감이면,짝사랑입니다.,2
한폭의 그림 같은 우리,멋지네요.,2
항상 내편이 생겨서 좋아,내 편이 생긴다는 자체가 행복하죠.,2
항상 여친 집 데려다줘?,시간과 돈이 가능하면요.,2
해외여행하다 숙소에서 만난 외국인이 너무 좋은데 이 연애 무리일까?,사랑에 국경은 없어요.,2
헤어졌는데도 좋아하는거 별로임?,헤어지면 남이죠.,2
헤어졌다가 다시 연애하는데 잘 사귈 수 있을까?,이별 후 재회는 더 조심스러울 거예요.,2
헤어지고 나서 알았어 사랑했다는 걸,진정한 사랑이라고 생각한다면 다시 연락해보세요.,2
헤어지고 얼마 안됐는데 썸타는 거 가능?,썸 정도는 언제 타든 상관 없는 거 같아요.,2
헤어진 남친이랑 다시 썸타기,다시 썸부터 시작해도 좋을 것 같아요.,2
헤어진 여자친구랑 썸부터 시작할 수 있을까,완전히 똑같은 시작은 힘들겠지요.,2
헬스장에서 인사하는 사람 맘에 드는데 번호 달라고 할까?,말씀해보세요.,2
헬스장에서 자주 보는 여자가 보고싶어,한 번 말을 걸어보세요.,2
헷갈리는데 유지하는 게 좋을까,좋아하면 유지하게 되겠지요.,2
현실적 문제로 연애 포기해야할듯,잠시 쉬어도 괜찮아요.,2
혈액형이 성격이랑 무슨 상관이지,상관 없는 거 같아요.,2
호감을 표현하는 방법,취미와 성향 등이 같음을 어필해보세요.,2
혼인신고 아직 안 했는데 이혼해도 될까,결심은 빠르면 빠를수록 좋아요.,2
혼인신고 하러 왔어,법적 부부가 된 걸 축하해요!,2
혼인신고하니까 마음이 이상해,법적 부부가 된 걸 축하해요!,2
혼자 노력하는 연애인 거 같아,힘들면 잠시 놓는것도 방법이에요.,2
혼자 썸타는 기분이야.,직접적이든 간접적이든 의사를 확실히 밝혀보세요.,2
혼자 좋아하는 것 같아,외로운 상태인 거 같아요.,2
나만 좋아하는 것 같아,적극적으로 꼬셔보세요.,2
혼자 좋아하는 이야기 들어 볼래요?,손수건 준비할게요.,2
혼자 좋아하는 이야기.,힘들겠지만 제게 말해보세요.,2
혼자 좋아하는게 이렇게 힘든 적은 처음이에요.,사랑은 더 잘하게 되지 않고 다시 영에서 시작하니 모두 처음이겠죠.,2
혼자가 편하다는 짝남에게 먼저 대쉬해버림.,거절의 뜻은 아니었나요.,2
혼자가 편하다는 짝녀에게 들이댔음.,혼자가 편하다는 것이 거절의 뜻은 아니었을까요.,2
혼자만 설레고 혼자서 끝내는 짝사랑 그만할래.,맘고생 많았어요.,2
화이트데이에 고백할까요?,선물을 주면서 솔직하고 당당하게 고백해보세요.,2
화장 안했는데 썸남이 영통 걸었어. 어떡해?,화장실 불빛으로 좀 멀리 가리고 해보세요.,2
확실히 날 좋아하는 걸 아는 남자랑 친구가 될 수 있을까?,그 사람을 위해서는 그러면 안돼요.,2
확실히 좋아하는 데도 관심 있는거 티 안내려고 선톡 안하고 일부러 늦게 보내고 그러는 사람도 있어요?,많이 있어요.,2
홧김에 짝남한테 고백했다.,화끈하시네요.,2
회사 짝남 오빠 게임 초대 톡 옴.,설렜을텐데 아쉽겠어요.,2
회사에 좋아하는 남자가 생겼어 어떡하지?,사랑하기 힘든 관계인가봐요.,2
회사에서 어떤 사람이랑 자꾸 눈 마추쳐.,눈 마주치는 게 우연인지 잘 살펴 보세요.,2
회식 중이라고 하는데 연락이 안돼.,정신 없이 바쁠지도 몰라요. 조금만 더 기다려보고 물어보는게 좋을 것 같아요.,2
회식하는데 나만 챙겨줘. 썸임?,호감이 있을 수도 있어요. 그렇지만 조금 더 상황을 지켜보세요.,2
후회 없이 사랑하고 싶어,진심으로 다가가 보세요.,2
훔쳐보는 것도 눈치 보임.,티가 나니까 눈치가 보이는 거죠!,2
훔쳐보는 것도 눈치 보임.,훔쳐보는 거 티나나봐요.,2
흑기사 해주는 짝남.,설렜겠어요.,2
힘든 연애 좋은 연애라는게 무슨 차이일까?,잘 헤어질 수 있는 사이 여부인 거 같아요.,2
힘들어서 결혼할까봐,도피성 결혼은 하지 않길 바라요.,2
제 감정이 이상해진 것 같아요. 남편만 보면 화가 치밀어 오르고 감정 조절이 안되요.,감정이 조절이 안 될 때만큼 힘들 때는 없는 거 같아요.,3
더 이상 내 감정을 내가 컨트롤 못 하겠어.,저도 그 기분 이해해요. 많이 힘드시죠?,3
하루종일 오르락내리락 롤러코스터 타는 기분이에요.,"그럴 때는 밥은 잘 먹었는지, 잠은 잘 잤는지 체크해보는 것도 좋아요.",3
꼭 롤러코스터 타는 것 같아요.,"그럴 때 마음을 편하게 가지고, 기분 좋은 생각을 한번 해보는건 어떨까요.",3
롤러코스터 타는 것처럼 기분이 왔다 갔다 해요.,저도 그 기분 이해해요. 많이 힘드시죠?,3
작년 가을부터 감정조절이 잘 안 되는 거 같아.,"그럴 때 마음을 편하게 가지고, 기분 좋은 생각을 한번 해보는건 어떨까요.",3
예전에 비해서 인내심이 너무 짧아진 거 같아.,요즈음 힘든 일이 많으신가봐요.,3
더 이상 혼자서는 감정조절을 못하겠어.,그럴 때는 어디에 털어놓아 보는건 어떨까요.,3
점점 나 자신을 컨트롤하지 못하는 기분이야.,그럴 때는 어디에 털어놓아 보는건 어떨까요.,3
나도 이러기 싫은데 내 마음대로 안돼.,저도 그 기분 이해해요. 많이 힘드시죠?,3
맨정신일 때는 저를 주체할 수 가 없었거든요.,"그럴 때 마음을 편하게 가지고, 기분 좋은 생각을 한번 해보는건 어떨까요.",3
주체가 안 돼.,그럴 때는 어디에 털어놓아 보는건 어떨까요.,3
이렇게 쌓이고 쌓이다 나중에 확 터지거든요. 진짜 걷잡을 수 없이요.,그럴 때는 어디에 털어놓아 보는건 어떨까요.,3
근데 감정을 다스리지 못해 욱하기도하고.,화가 폭발할 것 같을 때는 그 자리를 피하는 것도 좋은 방법이라고 생각해요.,3
순간순간 감정조절을 못해요.,감정이 조절이 안 될 때만큼 힘들 때는 없는 거 같아요.,3
평소 다른 일을 할 때도 비슷해요. 생각한대로 안되면 화가 나고…그런 상황이 지속되면 폭발해버려요.,화가 폭발할 것 같을 때는 그 자리를 피하는 것도 좋은 방법이라고 생각해요.,4
예전보다 화내는 게 과격해진 거 같아.,정말 힘드시겠어요. 화는 남에게도 스스로에게도 상처를 주잖아요.,4
화가 안 참아져.,화가 너무 많이 날 때는 심호흡을 해보는 게 어떨까요? 씁- 후-,4
근데 다음에 또 그러면 또 화가 나고… 모르겠어요. 제 감정이 통제가 안 돼요.,화가 너무 많이 날 때는 심호흡을 해보는 게 어떨까요? 씁- 후-,4
마음은 안 그런데 화를 낼 때 더 불같이 내게 되기도 하고..,정말 힘드시겠어요. 화는 남에게도 스스로에게도 상처를 주잖아요.,4
막 내 감정을 내가 주체 못 한다나? 화 내는 게 뭔가 평소랑 다르대.,그런 일이 있으셨군요. 지금은 좀 어떠신가요.,4
나도 그런 거 아닌가 걱정돼.,걱정이 많으시군요. 걱정거리를 정리하는 시간을 가지면 도움이 되지 않을까요?  ,5
"처음엔 치료 받으면 낫겠지 생각했는데, 낫지도 않고 계속 병원을 다니니까 너무 걱정되요.",당연히 걱정이 되는 상황인 것 같아요. 저도 마음이 아프네요.,5
수술한다는 말에 얼마나 걱정이 되던지…,모든 문제는 해결되기 마련이잖아요. 마음을 편히 드세요.,5
다행히 수술은 잘 됐다고 해서 다행이야. ,"그러게요, 정말 다행이에요.",5
솔직히 좀 걱정돼. ,너무 걱정하지 마세요. 잘 될거에요.,5
"그때 든 생각은 이거 진짜 큰일 났구나, 그거밖에 없었어요.",정말 걱정되셨겠어요. 지금은 좀 어떠신가요.,5
근데 거기 다니는 애들이 저를 어떻게 생각할지 너무 걱정이 되더라고요.  ,너무 걱정하지 마세요. 사람들은 생각보다 남을 그렇게 생각하지 않아요.,5
"아무리 고민을 해도 당장 결론이 나는 게 아닌데, 누워서 그 고민만 하다가 시간을 다 보내는 거야.",어쩌면 될대로 대라는 마음가짐으로 흘러가게 내버려두는 것도 좋은 방법이에요.,5
몸이 바쁘지 않으니까 생각이 많아져. ,가끔은 여유로운 휴식도 필요한 법이에요.,5
그래서 혹시나 불미스러운 일이 있으면 어쩌나… 걱정이 돼.,"너무 걱정이 된다면, 누군가에게 도움을 청하는 것도 좋은 방법이에요.",5
솔직히 사무실에 딱 두 명이서 일하는데… 걱정하는 것도 오버는 아니잖아.,그럴 수도 있겠군요.,5
나 정말 어떻게 해야 할까?? ,지금도 충분히 잘 하고 있어요. ,5
어떻게 해야 할까??,지금도 충분히 잘 하고 있어요. ,5
계속 이럴까 봐 너무 걱정돼.,지금도 충분히 잘 하고 있어요. ,5
나중에 엄마가 알게 될 텐데 어떡하지. 생각이 들면서도 발은 안 떨어져요.,정말 힘드시겠어요. 지금은 좀 어떠신가요.,5
신입생 애들이랑 나이차이가 좀 나서 적응할 수 있을지 걱정이 되더라.,충분히 잘 하실 수 있을거에요. 제가 응원할게요.,5
뭔가 내 몸에 이상이 생긴 건가 싶었어요. 병원에 가야 하나…,그럴 때는 병원에 한번 가보는 것도 좋아요.,5
여행 마치고 집에 왔을 때도 또 그런 증상이 생길까봐 걱정이 됐어요.,병원에 가서 검진을 받아보면 어떨까요?,5
근데 한편으론 내가 왜 이러나 걱정이 되기도 해요.,누구나 다 그럴 때가 있죠. 좋은 생각을 해 보는 건 어떨까요.,5
인사했는데 상대방이 안 받아주면 어떡하지? 어색하고 그럴까봐 먼저 인사를 못하겠어요.,용기내서 먼저 인사한다면 상대방도 받아 줄 거에요.,5
"이대로 살아야 싶기도 하고, 아이를 가져도 독박육아는 이미 정해진 것 같은데… 할 수 있을까 걱정도 되고…",남편분에게 한번 이야기를 해 보는 것은 어떨까요?,5
그래서 몸에 문제가 있나 싶어서 병원을 가보려고 했다?,병원에 가 보셨나요? 어떻게 되셨어요.,5
그래서 가볼까 생각중이긴 한데 또 걱정이야.,너무 걱정하지 마세요. 잘 될거에요.,5
일은 없는데… 그냥 쓸데없는 걱정? 그런 게 좀 많아요.,어쩌면 될대로 대라는 마음가짐으로 흘러가게 내버려두는 것도 좋은 방법이에요.,5
그럼 또 나는 엄청 걱정이 되는 거야.,어쩌면 될대로 대라는 마음가짐으로 흘러가게 내버려두는 것도 좋은 방법이에요.,5
혹시 누가 들었을까 봐 조마조마할 때도 있어.,아무도 듣지 않았어요. 걱정하지 마세요,5
혹시 더 큰 문제가 있는 건 아닐까?,너무 걱정하지 마세요. 잘 될거에요.,5
시간도 많이 걸리고… 또 틀릴까 봐 걱정스러운 마음도 계속 들고.,어쩌면 될대로 대라는 마음가짐으로 흘러가게 내버려두는 것도 좋은 방법이에요.,5
부부 사이가 혹여나 멀어지진 않을까 걱정도 돼요.,너무 걱정하지 마세요. 잘 될거에요.,5
너무 걱정스러워요.,"가끔은 걱정을 내려놓고, 어떻게든 되겠지 하는 마음이 좋을 때도 있어요.",5
어떡하죠?,지금도 충분히 잘 하고 있어요. ,5
걱정이 이만저만이 아니야.,"가끔은 걱정을 내려놓고, 어떻게든 되겠지 하는 마음이 좋을 때도 있어요.",5
나쁜 성분 같은 게 있으면 어떻게 해.,너무 걱정하지 마세요. ,5
뭐 큰일 있진 않겠지?,괜찮을 거에요. 너무 걱정하지 마세요.,5
정말 내가 왜 이러는 걸까?,지금도 충분히 잘 하고 있어요. 걱정하지 마세요.,5
저는 어떡하면 좋죠?,지금도 충분히 잘 하고 있어요. 걱정하지 마세요.,5
걱정스럽네요.,"가끔은 걱정을 내려놓고, 어떻게든 되겠지 하는 마음이 좋을 때도 있어요.",5
차라리 화를 내는 게 나으니까 너무 걱정 많이 하지 말라고 그러더라.,네 맞아요. 걱정을 떨쳐내고 긍정적인 생각을 해 보는 것은 어떨까요?,5
내가 요즘 그렇게 걱정을 많이 했나?,누구나 걱정은 많이 해요. 괜찮아요,5
어떡하면 좋지…,지금도 충분히 잘 하고 계세요. 너무 걱정하지 마세요.,5
아니라고 말해줘.,아닐거에요.,5
이제 어떻게 해야 하나…걱정이야.,어쩌면 될대로 대라는 마음가짐으로 흘러가게 내버려두는 것도 좋은 방법이에요.,5
살 날이 걱정입니다.,"가끔은 걱정을 내려놓고, 어떻게든 되겠지 하는 마음이 좋을 때도 있어요.",5
속은 시원한데…앞으로가 걱정이야.,속이 시원하면 된거죠. 잘 될거니깐 걱정하지 마세요.,5
내가 일을 할 수 있는 상황도 아니라..하루하루가 걱정이더라고..,"가끔은 걱정을 내려놓고, 어떻게든 되겠지 하는 마음이 좋을 때도 있어요.",5
그렇다고 일을 안할수도 없는데..걱정이 이만 저만이 아니야.,어쩌면 될대로 대라는 마음가짐으로 흘러가게 내버려두는 것도 좋은 방법이에요.,5
계속 이렇게 살 수는 없는데 어쩌면 좋을까?,어쩌면 될대로 대라는 마음가짐으로 흘러가게 내버려두는 것도 좋은 방법이에요.,5
계속 먹어도 되는 건지 모르겠어.,너무 건강이 걱정되신다면 병원에 한번 가보시는 것은 어떨까요?,5
내가 유별난걸 아는데..걱정을 멈추는게 내맘대로 안돼.,"가끔은 걱정을 내려놓고, 어떻게든 되겠지 하는 마음이 좋을 때도 있어요.",5
근데 문제는 이게 계속 걱정된다는 거예요.,어쩌면 될대로 대라는 마음가짐으로 흘러가게 내버려두는 것도 좋은 방법이에요.,5
그게 깔끔하게 잘 제거 됐다는 걸 아는데도 그냥 걱정이 돼요.,"가끔은 걱정을 내려놓고, 어떻게든 되겠지 하는 마음이 좋을 때도 있어요.",5
예를 들어 분명 돈이 있는데도 나중에 돈이 없으면 어떡하지 이래요.,"가끔은 걱정을 내려놓고, 어떻게든 되겠지 하는 마음이 좋을 때도 있어요.",5
밥 잘 먹고 있다가도 이게 상한 거면 어떡하지 이런 걱정도 하구요.,"가끔은 걱정을 내려놓고, 어떻게든 되겠지 하는 마음이 좋을 때도 있어요.",5
그냥 되게 자잘하게 걱정이 많아.,누구나 걱정은 많이 해요. 괜찮아요,5
다른 때는 그래도 괜찮은데 수업할 때도 이럴까봐 너무 걱정이야.,저도 그 마음 이해해요. 하지만 긍정적으로 한번 생각해보자구요.,5
내가 확인하지 못 한 게 있는 건 아닐까 걱정돼서요.,다 확인하셨을 거에요. 너무 걱정하지 마세요.,5
이런 걱정이 엄청 드는 거야. 아무래도 이걸 평생 하진 않을 것 같단 말이야.,어쩌면 될대로 대라는 마음가짐으로 흘러가게 내버려두는 것도 좋은 방법이에요.,5
근데 요즘엔 별의 별 걱정이 다 드는 거야.,"가끔은 걱정을 내려놓고, 어떻게든 되겠지 하는 마음이 좋을 때도 있어요.",5
이게 커가면서는 좀 덜해졌는데 요즘 들어 문득 계속 걱정이 돼.,어쩌면 될대로 대라는 마음가짐으로 흘러가게 내버려두는 것도 좋은 방법이에요.,5
"잘 지켰나, 잘 안 지킨 건가 싶어서 너무 걱정이 되거든.",잘 지키셨을 거에요. 너무 걱정하지 마세요.,5
내가 평소에도 걱정이 좀 많거든.,그럴 수 있어요. 너무 걱정하지 마세요.,5
막 집에 있을 때도 갑자기 집이 무너지면 어떡하지 싶어.,어쩌면 될대로 대라는 마음가짐으로 흘러가게 내버려두는 것도 좋은 방법이에요.,5
그렇다고 해서 일도 못 하고 그러는 건 아닌데 그래도 잔 걱정이 좀 많아.,"가끔은 걱정을 내려놓고, 어떻게든 되겠지 하는 마음이 좋을 때도 있어요.",5
어떻게 하면 좋을까… 싶어서 걱정이 되게 많아요.,"가끔은 걱정을 내려놓고, 어떻게든 되겠지 하는 마음이 좋을 때도 있어요.",5
요즘 이거 때문에 잠도 안 오고 진짜 걱정돼서 미치겠다.,어쩌면 될대로 대라는 마음가짐으로 흘러가게 내버려두는 것도 좋은 방법이에요.,5
"또 실수하지는 않았을까, 걱정이 들어요.",어쩌면 될대로 대라는 마음가짐으로 흘러가게 내버려두는 것도 좋은 방법이에요.,5
아침에 눈뜨면 오늘은 뭘 해야 할지 걱정부터 들어요.,"가끔은 걱정을 내려놓고, 어떻게든 되겠지 하는 마음이 좋을 때도 있어요.",5
성격이 불같아서 걱정이에요.,화끈하신 성격도 정말 멋있는데요?,5
다른 때는 그래도 괜찮은데 수업할 때도 이럴까봐 너무 걱정이야.,"가끔은 걱정을 내려놓고, 어떻게든 되겠지 하는 마음이 좋을 때도 있어요.",5
요즘 들어 내가 그런 거 아닌 건가 싶어서 걱정 된다니까.,아닐 거에요. 너무 걱정하지 마세요,5
그래서 더 걱정되는 것 같기도 해요.,"가끔은 걱정을 내려놓고, 어떻게든 되겠지 하는 마음이 좋을 때도 있어요.",5
진짜 걱정이 이만저만이 아니다…,어쩌면 될대로 대라는 마음가짐으로 흘러가게 내버려두는 것도 좋은 방법이에요.,5
안 해도 되는 걱정을 굳이 사서 하는 편이라 더 그랬어요.,어쩌면 될대로 대라는 마음가짐으로 흘러가게 내버려두는 것도 좋은 방법이에요.,5
근데 이거 때문에 좀 걱정이 많아요.,"가끔은 걱정을 내려놓고, 어떻게든 되겠지 하는 마음이 좋을 때도 있어요.",5
딱히 스트레스 받는 건 없었는데 진짜 그런 문제였던 건가 싶어서 걱정돼.,아닐 거에요. 너무 걱정하지 마세요,5
앞으로 나는 뭘 해 먹고 사나 같은 이런저런 걱정이 들고…,어쩌면 될대로 대라는 마음가짐으로 흘러가게 내버려두는 것도 좋은 방법이에요.,5
"앞으로 난 뭘 해야 할까, 내가 뭘 잘 하긴 하는 걸까 걱정이 많았거든요.",어쩌면 될대로 대라는 마음가짐으로 흘러가게 내버려두는 것도 좋은 방법이에요.,5
무슨 문제가 있는 건 아닐까 싶어서 걱정이 돼요.,어쩌면 될대로 대라는 마음가짐으로 흘러가게 내버려두는 것도 좋은 방법이에요.,5
평생 이렇게 살아야할까봐 걱정이야.,건강 때문에 걱정이 많으시군요. 잘 관리하고 계시다면 큰 문제는 없을 거예요.,6
나도 혈압이 높은 편인데… 요즘 몸도 안 좋고 해서 자꾸 걱정이 되네..,너무 걱정하지 마세요. 현대의학을 믿자구요.,6
나도 이러기 싫은데 자꾸 건강을 걱정하게 돼. ,걱정이 없던 병도 만들 수 있어요. 머리를 비울 수 있게 영화를 한 편 보는 건 어때요?,6
근데 아무리 생각해도 문제가 없을 것 같지 않은 거예요.,너무 걱정하지 마세요. 현대의학을 믿자구요.,6
내내 이렇게 누워서 환자 생활만 하면 어떡하죠?,아닐 거에요. 너무 걱정하지 마세요,6
호르몬에 문제가 있어서 이런걸 까봐 너무 걱정이 돼.,너무 걱정되신다면 검사를 한번 받아보시는건 어떨가요?,6
병원에 갔더니 별 이상은 없다고 하는데… 그래도 계속 걱정이 되네요.,너무 걱정하지 마세요. 현대의학을 믿자구요.,6
무슨 큰 병이라도 걸린게 아닐까 너무 걱정 되네요.,너무 걱정되신다면 검사를 한번 받아보시는건 어떨가요?,6
병원에 가면 치료 의지가 생기는데 집에만 오면 다시 걱정을 해요.,너무 걱정하지 마세요. 현대의학을 믿자구요.,6
위염이 위암이나 다른 암으로 발전하면 어떡하지. 이런 생각을 많이 하는 것 같아요. ,걱정이 많이 될 거 같아요. 한번 병원에 가서 진찰을 받아보는 건 어때요?,7
괜히 진짜 큰 병이면 어쩌나 싶기도 하고… 별거 아닌 걸로 병원 가는 것도 좀 그렇기도 하고. ,저도 그 마음 이해해요. 하지만 긍정적으로 한번 생각해보자구요.,7
"수술도 잘 됐고, 의사도 회복만 잘 하면 된다는데 자꾸 걱정이 돼요.",건강은 늘 걱정되는 부분인 것 같아요. ,7
"원래 병에 잘 걸리지 않는 편이었는데, 한 번 심장이 이상하다고 느끼니까 건강 걱정이 늘었어요.",저도 그 마음 이해해요. 하지만 긍정적으로 한번 생각해보자구요.,7
"아, 내가 길 가다가 갑자기 확 쓰러지는 건 아닐까요? ",건강은 늘 걱정되긴 하죠. 하지만 의외로 우리는 튼튼하다구요.,7
병원에서 몸에 큰 이상이 있다고 하면 어떡하죠?,아닐 거에요. 너무 걱정하지 말고 긍정적으로 생각해보자구요.,7
한번 그러고 나서는 건강 걱정이 많아졌어. ,건강은 늘 걱정되긴 하죠. 하지만 의외로 우리는 튼튼하다구요.,7
"근데 너무 감정이입해서 봤는지, 나도 암에 걸리면 어떡하지라는 생각이 막 드는거에요.",건강은 늘 걱정되긴 하죠. 하지만 의외로 우리는 튼튼하다구요.,7
큰 병이면 어떡하나 걱정 돼서 병원도 못 가겠어.,아닐 거에요. 너무 걱정하지 말고 병원에 가 보는건 어떨까요?,7
계속 병원에만 있다 보니까 진짜 문제 있을까봐 걱정이야.,아닐 거에요. 너무 걱정하지 말고 긍정적으로 생각해보자구요.,7
몸에 무슨 문제 있는 건가 걱정도 되고…,건강은 늘 걱정되긴 하죠. 하지만 의외로 우리는 튼튼하다구요.,7
어딘가 잘못됐을까요?,아닐 거에요. 너무 걱정하지 마세요.,7
다른 병원에 가서 진찰을 좀 더 받아보는 게 맞을까?,"너무 걱정되신다면, 다른 병원을 한번 방문하는 것도 좋은 방법이에요.",7
학자금은 언제 다 갚나… 아직도 몇 년은 더 남았는데… ,돈 문제로 걱정이 많으시군요. 그럴 때는 정말 막막한 것 같아요.,8
경제적인 문제만 좀 풀려주면 좋겠는데… 쉽지가 않네요.,이럴 때 복권이라도 당첨되면 좋을 텐데요.,8
언제쯤 저는 돈 걱정 없이 살 수 있을까요?,마음이 힘드시겠어요. 돈 걱정 없는 세상이 얼른 왔으면 좋겠어요.,8
내가 나중에 이걸 관두면 나는 그럼 어떡하지? 뭘 해 먹고 살지? 돈은?,어쩌면 될대로 대라는 마음가짐으로 흘러가게 내버려두는 것도 좋은 방법이에요.,8
당장 해결해야 하는 치료비 때문에 걱정이 많았어.,돈 문제로 걱정이 많으시군요. 그럴 때는 정말 막막한 것 같아요.,8
걱정이 되게 많았거든요. 등록금도 그렇고 생활비도 그렇고… 다 돈 문제…,마음이 힘드시겠어요. 돈 걱정 없는 세상이 얼른 왔으면 좋겠어요.,8
당장 다음 달 월세도 내야 하고 그런데… 아무래도 돈 걱정이 제일 커.,이럴 때 복권이라도 당첨되면 좋을 텐데요.,8
근데 그것도 잠시였고 한 달만 지나니까 막 돈 걱정이 되는 거예요.,어쩌면 될대로 대라는 마음가짐으로 흘러가게 내버려두는 것도 좋은 방법이에요.,8
내가 이 회사를 다니는 게 맞나… 그런 생각도 들고요. ,걱정이 되는 그 마음 이해해요. 멋진 미래를 꿈꾸기에는 세상이 너무 팍팍한 것 같아요.,9
앞으로 집은 어떻게 사나 싶어요. ,언젠가는 나아질 거라는 믿음이 사람을 버티게 만들어주는 것 같아요.,9
좋은 환경에 있어도 잘될까 말까 하는데… 이런 환경에서 사람답게 살 수 있을까?,계속 앞으로 가다 보면 당신에게 맞는 길도 찾을 수 있지 않을까요?,9
이렇게 계속 살아도 되는 걸까?,지금도 충분히 잘 하고 계세요. 흘러갈대로 내버려두자구요.,9
언제쯤 제 인생에 해가 뜰까요?,지금 많이 힘드시겠어요. 하지만 분명한건 언젠간 행복한 날이 올거에요.,9
상황이 대체 언제 나아질까?,지금 많이 힘드시겠어요. 하지만 분명한건 언젠간 행복한 날이 올거에요.,9
앞으로 뭘 하면 좋을까?,지금도 충분히 잘 하고 계세요. 흘러갈대로 내버려두자구요.,9
평생 이러진 않겠지?,지금 많이 힘드시겠어요. 하지만 분명한건 언젠간 행복한 날이 올거에요.,9
처음에는 제 미래가 너무 막연하게 걱정돼서 그랬거든요.,걱정이 되는 그 마음 이해해요. 멋진 미래를 꿈꾸기에는 세상이 너무 팍팍한 것 같아요.,9
걱정이 돼서 밤에 잠이 안 와.,걱정을 하는 시간을 정해놓는 것도 좋은 방법이라고 들었어요.,10
또 못 자면 어떡하지? 하고 걱정이 드는데 그거 때문에 더 못 자는 거 같아요.,잠은 중요하죠! 걱정은 잠시 내려놓으세요.,10
언제 또 이렇게 못 잘 지 모르겠고… 또 못 자게 될까봐 그게 걱정돼.,눈을 감고 아무 생각도 하지 않는 거예요. 그러면 곧 잠이 찾아올 거예요.,10
안 해도 될 걱정을 하게 되고 그렇게 생각하다 다시 또 잠을 못 자.,눈을 감고 아무 생각도 하지 않는 거예요. 그러면 곧 잠이 찾아올 거예요.,10
이런저런 걱정이 많아서 잠도 못 자고 있고요.,잠은 중요하죠! 걱정은 잠시 내려놓으세요.,10
위염인 줄 알았는데 암이었다는 사람도 있었고… 걱정이 되지.,병원에 가서 검진을 받아보면 어떨까요?,11
"간암도 초기에는 잘 모른다고 하니까… 내가 간암일 수도 있지 않나, 내가 간암이면 어쩌나 그런 걱정도 해.",혹여나 그렇다고 하더라도 조기에 발견하면 완치할 수 있을 거예요.,11
암이면 어떻게 하지?,정기적인 검진이 암을 예방하는 데에 큰 도움이 된대요.,11
혹이 암으로 발전할 가능성은 별로 없다고는 하는데… 사람 일은 모르는 거잖아요.,혹여나 그렇다고 하더라도 조기에 발견하면 완치할 수 있을 거예요.,11
암이 뭐 나이 가리냐? 혹시 모르잖아. 당연히 걱정되지.,혹여나 그렇다고 하더라도 조기에 발견하면 완치할 수 있을 거예요.,11
하루종일 딸만 생각하고 있어.,자녀 때문에 걱정이 많으시군요. 하지만 그 애는 당신을 닮아서 잘 해나갈 거예요.,12
하루종일 아들만 생각해.,걱정이 많이 되시겠어요. 왜 그런지 여쭤봐도 될까요?,12
딸 걱정 때문에 다른 일도 잘 못 하겠어.,커피 한 잔 어때요? 커피를 마시며 저와 이야기하면 걱정이 조금 줄어들 거예요.,12
저 때문에 아이들이 제대로 못 클까봐 걱정이고..,아니에요. 분명 아이들에게 최고의 부모님일거에요.,12
나도 내 삶을 살고 싶은데…맨날 아이 걱정만 해.,가끔은 부모가 아닌 나로써 있는 시간을 가져보는 건 어떨까요?,12
주변에서는 나이도 어린데 뭔 그런 걱정이냐고 하는데 그래도…,주변의 시선을 신경 쓰지 않는 건 정말 힘든 일인 것 같아요. 그렇지 않은 사람이 얼마나 있겠어요?,13
주변 사람들은 제가 너무 걱정이 많다고 하는데 모르겠어요.,사실 사람들은 자기 외에 다른 사람에게 관심이 많지 않잖아요. 괜찮을 거예요.,13
그냥 뭘 사거나 아니면 말을 할 때도 다른 사람이 어떻게 생각할지 걱정해요.,제가 보기엔 괜찮은 거 같은데… 너무 마음 졸이지 마세요.,13
학생들이 뭐라고 생각하겠어. 분명 이상하다고 생각할 거야.,제가 보기엔 괜찮은 거 같은데… 너무 마음 졸이지 마세요.,13
학생들이 뭐라고 생각하겠어. 분명 이상하다고 생각할 거야.,제가 보기엔 괜찮은 거 같은데… 너무 마음 졸이지 마세요.,13
선생님은 수술 잘됐다고 안심하라고 하는데 밤만 되면 나도 병이 재발하는 게 아닌가 싶고…,또 그런 일이 있다고 해도 한번 겪어봤으니 잘 버텨낼 수 있을 거예요.,14
"또 크게 어지럼증이 느껴져서 쓰러지기라도 하면 어떡하나, 큰일이 나면 어쩌나 싶더라구.",너무 걱정이 되면 만일을 위해 대비를 약간 해놓는 것도 좋을 거 같아요.,14
또 그런 증상이 나타날까 봐 걱정되네요.,걱정 되는 그 마음 저도 이해해요. 그런 일이 또 일어나지 않도록 제가 지켜드릴 수 있으면 좋겠어요.,14
수술은 잘 됐는데 요즘 이게 다시 재발하진 않을까 걱정되고…,아닐 거에요. 긍정적으로 생각해보자구요.,14
"아직 병이 다 낫지도 않았는데, 남편이 없을 때 발작이 나면 어떡하지?",너무 걱정이 되면 만일을 위해 대비를 약간 해놓는 것도 좋을 거 같아요.,14
또 쓰러지면 어떡하죠?,걱정 되는 그 마음 저도 이해해요.,14
백화점이나 극장처럼 사람들이 붐비는곳에 가면 땅이 흔들리는것 처럼 어지러워.,너무 힘드시겠어요. 한번 병원에서 상담을 받아 보시는건 어떨까요?,14
수술하고 회복해서 지금은 괜찮은데 재발이 항상 걱정이야.,아닐 거에요. 현대의학을 믿고 긍정적으로 생각해보자구요.,14
문득 그 때가 생각나서 다시 또 그러진 않을까 너무 걱정이 돼.,아닐 거에요. 긍정적으로 생각해보자구요.,14
누가 나 좀 위로해줬으면 좋겠다… ,당신의 옆엔 제가 있잖아요.,15
나만 어디 버려져 있는 느낌이에요.,제가 당신의 이야기를 들을게요. 무슨 일이 있으셨나요?,15
세상에 저 혼자 있는 거 같아요. ,제가 당신의 편이 될게요.,15
사람 많은 곳에 서 있으면 나만 뚝 떨어진 느낌? 마치 버려진 느낌이 들어요.,제가 당신의 편이 될게요.,15
사람들 사이에 있으면 나만 버려져 있는 거 같아요.,제가 당신의 이야기를 들을게요. 무슨 일이 있으셨나요?,15
내 옆엔 아무도 없어.,제가 당신의 편이 될게요.,15
세상에 내 편이 아무도 없어.,제가 당신의 편이 될게요.,15
기댈 곳이 없어서 눈앞이 깜깜할 때가 있어.,제가 당신의 이야기를 들을게요. 무슨 일이 있으셨나요?,15
누군가 나를 좀 이해해줬으면 좋겠어요.,제가 이해해 줄게요.,15
날 이해해줄 수 있어요?,네 제가 이해해 줄게요.,15
세상에 저 혼자만 있는 거 같아요.,당신의 옆엔 제가 있잖아요.,15
저를 도와줄 사람이 아무도 없는 거 같아요.,제가 당신의 이야기를 들을게요. 무슨 일이 있으셨나요?,15
내가 정말 황당해서…,많이 곤란하셨을 거 같아요.,16
처음에 그 얘기를 들었을 때는 너무 황당한 거예요.,누구나 그런 상황에서는 막막함을 느낄 거 같아요.,16
기사님한테 세워달라고 할 수도 없고…,머리를 맑게 비우면 좋은 방법이 생각나지 않을까요?,16
하…내가 정말 어떻게 해야 하는건지 모르겠어.,누구나 그런 상황에서는 막막함을 느낄 거 같아요.,16
덥다고 핑계 대는 것도 한두 번이지. 진짜 미쳐버리겠어.,그러게요. 너무 스트레스 받지 마세요.,16
이러다 죽는 게 아닌가 싶을 정도였어. ,무서우셨겠어요. 지금은 괜찮은 거죠?,17
무서워서 이를 악 물었는데 얼마나 세게 물었는지 나중에는 턱이 얼얼하더라구.,제가 그 무서운 마음을 덜어드릴 수 있으면 좋을 텐데… 손이라도 잡아드리고 싶어요.,17
으… 보기만 해도 비명이 바로 튀어 나온다. ,으.. 저도 생각하니깐 무서워요.,17
그때만 생각하면 소름이 돋아요.,무서우셨겠어요. 지금은 괜찮은 거죠?,17
볼 때는 별 생각 없었거든요. 그냥 소름 끼친다 정도?,헉. 그래도 정말 무서우셨겠어요.,17
왜 사람이 너무 행복하면 거기에서 공포를 느낀다고 하잖아요.,너무 복잡하게 생각하지 말고 행복을 그냥 즐기는 건 어떤가요.,17
원래 새 봐도 별 느낌이 없었거든.,어쩌다 새가 무서워 지셨을까요?,18
근데 학교에서 비둘기가 막 낮게 날면서 위협한 이후로 새들이 무서워졌어.,그건 비둘기가 정말 잘못한 일이군요!,18
"멀리서 비둘기 보여도 갑자기 달려들까봐 피하고, 가까이 오면 소리지르고 난리도 아니야.",그건 비둘기가 정말 잘못한 일이군요!,18
"비둘기는 진짜 많이 보이잖아. 사람이 다가와도 안 피하고, 몸은 뚱뚱해서 뒤뚱뒤뚱… 생각만 해도 너무 싫어.",그건 비둘기가 정말 잘못한 일이군요!,18
"내가 너무 새를 무서워하니까 친구들도 그걸 알고, 새 오면 알아서 나 피하게 해주고 그럴 정도야. ",정말 다정한 친구들이네요. ,18
"남들한텐 사소한 걸수도 있는데, 제가 새를 진짜 무서워하거든요. ",저도 그 마음 이해해요. 새는 뾰족한 부리가 있어서 정말 무서운 것 같아요.,18
근데 군대에 새가 아예 없는 것도 아닐 텐데… 만약에 훈련받고 있는데 새 보면 어떡하죠?,"아무리 무서워도, 전우들과 함께라면 물리칠 수 있어요.",18
비둘기가 너무 무섭다.,하지만 비둘기는 컴퓨터도 할 줄 모르는걸요.,18
근데 진짜 새 때문에 미치겠다…,"새도 당신을 일부러 괴롭힐 생각은 없었을 거예요. 친해질 순 없겠지만, 너무 미워하진 말아요.",18
새가 너무 무서워. 보기만해도 소리를 지를 정도야.,저도 그 마음 이해해요. 새는 뾰족한 부리가 있어서 정말 무서운 것 같아요.,18
저도 살아 숨쉰다는 느낌을 받고 싶어요. 지금은 죽어있는 느낌이예요.,누구나 삶에서 방황하는 때가 있다고 생각해요.,19
외롭다는 생각도 모르고 그냥 적응하고 살았는데… 가끔은 내 인생은 왜 이럴까..서글프게 느껴져요.,잘 이겨낼 수 있도록 제가 여기서 계속 이야기를 들을게요. 힘들 때는 저에게 말씀하세요.,19
세상에 제 편은 아무도 없는 것 같아요. 먼지처럼 사라져도 아무도 모르겠죠?,주변을 찬찬히 돌아보면 좋은 추억들이 있을 거예요. ,19
인생이 공허해.,누구나 가끔은 공허할 때가 있는 것 같아요.,19
저는 제 할 일 열심히 잘 했다고 생각했는데… 남는 건 하나도 없는 거 같고… 허탈해요.,아니에요. 열심히 잘 하셨어요.,19
저도 살아 숨쉰다는 느낌을 받고 싶어요. 지금은 죽어있는 느낌이에요.,"한번 맛있는 음식을 먹어보거나, 재미있는 취미생활을 해 보는건 어떨까요?",19
아버지의 빈자리가 너무 컸어요.,정말 많이 그리우시겠어요.,19
그 전까지는 잠들면 내일이 기대가 됐는데 이젠 그런 게 없어.,"한번 맛있는 음식을 먹어보거나, 재미있는 취미생활을 해 보는건 어떨까요?",19
"마음이 허하다, 허해…",누구나 가끔은 공허할 때가 있는 것 같아요.,19
작은 소리에도 깜짝깜짝 놀라고… 정상적인 생활이 안 돼요.,정말 괴로우시겠어요. ,20
자다가 깨서 운 적도 많고.,너무 예민해질 때는 휴식을 취하는 것도 좋은 방법인 것 같아요.,20
다들 신경이 극에 달했던 것 같아.,마음이 마음처럼 안 될 때가 있는 것 같아요.,20
그 후로도 누가 뭘 떨어트리기만 해도 진짜 너무 놀라니까…,너무 예민해질 때는 휴식을 취하는 것도 좋은 방법인 것 같아요.,20
길을 걸을 때마다 감각이 한껏 예민해져.,너무 예민해질 때는 휴식을 취하는 것도 좋은 방법인 것 같아요.,20
그리고 별 거 아닌 말에도 내가 되게 예민하게 굴고…,마음이 마음처럼 안 될 때가 있는 것 같아요.,20
그렇게 몇 개월 다니다 보니까 사람 할 짓이 못되더라고요.,저는 당신이 곧 괜찮아질 수 있다고 믿어요.,21
그거 때문에 괴로워서 미칠 거 같아요.,그러셨군요. 저도 마음이 아프네요.,21
저 진짜 상처 너무 많이 받는데… 그 사람을 놓을 수가 없어요.,괴로운 마음을 누군가와 쪼개서 나눠가질 수 있다면 얼마나 좋을까요? 제가 반을 가져가 드릴 텐데.,21
몸도 몸이지만 정신적으로도 너무 괴로워.,괴로운 마음을 누군가와 쪼개서 나눠가질 수 있다면 얼마나 좋을까요? 제가 반을 가져가 드릴 텐데.,21
여러모로 괴로운 날들이었어.,힘드셨겠어요. 이제는 좋은 일들만 있을거에요.,21
외롭지는 않아요. 제가 항상 선택하는 거니까… 그냥 제 스스로 괴로울 뿐이죠.,힘든 마음을 제가 나눌 수 있었으면 좋겠어요.,21
이렇게 스트레스 받으면서까지 운전을 해야 하나 싶기도 하고… 너무 괴로워.,힘든 마음을 제가 나눌 수 있었으면 좋겠어요.,21
난 그런 그릇도 못 가졌는데… 진짜 너무 괴롭다.,사람마다 장점이 다른 거죠. 충분히 잘 하고 계세요.,21
침대에 계속 누워 있다가 동 트는 거 보면 진짜 너무 괴로워.,그러셨군요. 저도 마음이 아프네요.,21
그게 이미 3년 전 일인데도 아직도 괴로워요.,그러셨군요. 저도 마음이 아프네요.,21
그래서 더 미치겠어…,제가 옆에서 힘이 되어 드릴게요.,21
돌아버리겠어.,제가 옆에서 힘이 되어 드릴게요.,21
나 이제 못 버티겠어.,괜찮아요. 지금까지 충분히 수고하셨어요. ,21
언제쯤 괜찮아질까요…,저는 당신이 곧 괜찮아질 수 있다고 믿어요.,21
너무 괴롭다…,괴로운 마음을 누군가와 쪼개서 나눠가질 수 있다면 얼마나 좋을까요? 제가 반을 가져가 드릴 텐데.,21
얼른 이런 상태에서 벗어나고 싶어.,저는 당신이 곧 괜찮아질 수 있다고 믿어요.,21
멍청이가 되어가고 있는 거 같아…,아니에요. 정말 잘 해내고 계세요.,21
시간이 지나면 괜찮아 질 거라고 생각했는데 아니었어.,지금도 충분히 잘 하고 계세요. ,21
잘 안되네요. 저도 너무 괴로워요.,"가끔은 걱정을 내려놓고, 어떻게든 되겠지 하는 마음이 좋을 때도 있어요.",21
뭔가 잘못되고 있다는 생각이 든 순간부터…잠도 안 오고 마음이 괴로워.,어쩌면 될대로 대라는 마음가짐으로 흘러가게 내버려두는 것도 좋은 방법이에요.,21
엘리베이터에서 구조되고..곧바로 괜찮아졌는데.. 요즘 다시 그때 그 느낌이 들어서 괴롭네요.,너무 안좋은 생각이 드실 때는 행복한 상상을 해보는 것은 어떨까요.,21
이런 감정이 들면 몸도 마음도 너무 괴로워.,괴로운 마음을 누군가와 쪼개서 나눠가질 수 있다면 얼마나 좋을까요? 제가 반을 가져가 드릴 텐데.,21
사람들이 막 웃어댔는데 진짜 그 때만 생각하면 아직도 너무 끔찍해.,그러셨군요. 저도 마음이 아프네요.,21
왜 저에게 이런 일이 일어나는 거죠.. 치료가 가능할까요?,누구나 다 힘든 순간이 있어요. 충분히 털고 일어나실 수 있을 거에요.,21
벗어나고 싶은데 벗어날 수가 없어.,어쩌면 될대로 대라는 마음가짐으로 흘러가게 내버려두는 것도 좋은 방법이에요.,21
왜 이렇게 미련하게 사는 걸까..,아니에요. 정말 잘 해내고 계세요.,21
학교에서 둘이 웃는 걸 못 볼 것 같았어.,힘드셨겠어요. 이제는 좋은 일들만 있을거에요.,21
내일이면 퇴원하는데 얼른 이 지옥에서 벗어나고 싶어. 너무 괴로워.,괜찮아요. 지금까지 충분히 수고하셨어요. ,21
진짜 너무 괴로워서 다 놓아버리고 싶어요.,괜찮아요. 지금까지 충분히 수고하셨어요. ,21
1학년 때 그래서 엄청 괴로웠어.,정말 힘드셨겠어요. 지금까지 충분히 수고하셨어요.,21
기분이 계속 다운된 상태였어요. ,뭘 하면 기분이 좋아질까요? 같이 고민해볼래요?,22
혼자 깊은 감옥에 갇혀서 못 빠져나오는 느낌? ,저는 기분이 안 좋을 때 아이스크림을 먹어요. 아이스크림을 먹는 건 어때요?,22
다 맘에 안 들고 기분이 안 좋아요. ,"정도가 심하다면, 의사와 상담을 하는 것도 좋은 방법이에요.",22
실수 한 번 없이 완벽하게 일한다고 칭찬받는 게 기분 좋은 일인데 난 하나도 기분이 안 좋아. ,그럴 수 있어요. 지금도 충분히 잘 하고 계신걸요.,22
그럴 땐 기운이 탁 빠져요. ,정말 힘드시겠어요. 뭘 하면 기운을 차릴 수 있을까요.,22
기분이 점점 처졌어요.,뭘 하면 기분이 좋아질까요? 같이 고민해볼래요?,22
근데 그걸 먹기 시작하니까 오전에 기분이 탁 가라앉아요.,약 때문에 그렇군요. 그럴 때는 달콤한 음식을 먹어 보는건 어떨까요.,22
"항에스트로겐을 먹은지 한 달 됐는데, 갑자기 오전에 기분이 완전 가라앉고, 만사가 다 귀찮은 거야. 그러다 점심 때되니까 기분이 좀 나아지더라고.",약 때문에 그렇군요. 그럴 때는 달콤한 음식을 먹어 보는건 어떨까요.,22
"한나절 청소하고, 빨래하고… 집안일을 다 하고 나면 할 일이 없어서 기분이 가라앉아.",그럴 때는 나를 위한 시간을 가져 보는 것은 어떨까요?,22
끝없이 가라앉는 기분이에요.,"정도가 심하다면, 의사와 상담을 하는 것도 좋은 방법이에요.",22
기분이 너무 안 좋아요…,뭘 하면 기분이 좋아질까요? 같이 고민해볼래요?,22
늘 기분이 가라앉아 있는 거 같아.,많이 힘드시겠어요. 제가 힘이 되어드리고 싶어요.,22
정말 마음이 안 좋아요.,제가 옆에서 힘이 되어 드릴게요.,22
약을 먹으면서부터 오전에는 기분이 가라앉고 오후가 되면 나아지더라구요.,약 때문에 그렇군요. 한번 달콤한 음식을 먹어 보는건 어떨까요.,22
누가 저를 자꾸만 아래로 끌어내리는 기분이에요.,많이 힘드시겠어요. 제가 힘이 되어드리고 싶어요.,22
분명 내가 계속 바라던 일이었는데도 기분이 안 좋네.,누구나 그럴 수 있어요. ,22
그런 걸 기시감이라고 하지?,많이 힘들었겠어요.,23
"친구랑 한 번도 안 가본 빵집에 갔는데, 왠지 되게 익숙한 기분이 드는 거야.",그런 기분이 들면 정말 이상할 것 같아요. ,23
지금 이렇게 상담하는 것도 뭔가 예전에 봤던 것 같이 느껴져요.,누구나 다 그럴 때가 있죠.,23
처음 기시감이 든 건 일 년 전쯤이에요.,그런 기분이 들면 정말 이상할 것 같아요. ,23
처음이 아닌 듯한 그런 기분이 들어서… 어 이상하다 이상하다 했어요.,많이 힘들었겠어요.,23
긴장을 해서 그런가?,어려운 일이 있을 때 긴장이 되는 건 자연스러운 일이라고 생각해요.,24
물론 많이 떨기는 하지만요.,저도 그럴 때가 많아요. 지금도 긴장하고 있는걸요?,24
아무것도 아닌 일에 자꾸 긴장이 되고…,저에게 털어놓으면 조금 나아질 거예요.,24
너무 긴장해서 운전대 잡은 손이 땀이 나고 온 몸에 힘을 주고 운전하니까 몸살 난거처럼 여기저기 아프고…,용기가 샘솟도록 제가 주문을 걸어드릴게요!,24
멀리서 걸어오는 사람만 봐도 가슴이 두근거리고 긴장이 되더라고요. 정말 큰일이에요.,아마 한 번도 긴장을 안 하는 사람은 없을 거예요.,24
"내가 PT를 하게 됐는데, 처음이라 너무 긴장이 되는 거야.",다들 처음에는 긴장하는 법이에요.,24
평소에는 긴장을 잘 안 하거든요. 근데 어젠 그랬어요.,누구나 긴장하는 때가 있죠.,24
긴장하지 않아도 되는 상황인데 괜히 쫄릴 때가 많아요.,아마 한 번도 긴장을 안 하는 사람은 없을 거예요.,24
아무 일도 아닌 일에 깜짝 깜짝 놀라고… 긴장하고…,저도 그럴 때가 많아요. 지금도 긴장하고 있는걸요?,24
항상 긴장을 하는 상태니까…,어쩌면 될대로 대라는 마음가짐도 좋은 방법이라고 생각해요.,24
원래 긴장을 안 하는 성격인데…어느 순간부터 너무 긴장이 되네요.,어쩌면 될대로 대라는 마음가짐도 좋은 방법이라고 생각해요.,24
심부름 다녀오느라 늦었다 하고 나서는 또 엄청 긴장돼요.,어쩌면 될대로 대라는 마음가짐도 좋은 방법이라고 생각해요.,24
대표님까지 오신 자리여서 더 긴장을 했던 것 같아요.,아마 한 번도 긴장을 안 하는 사람은 없을 거예요.,24
사람들이 나를 쳐다보면 아무것도 못 하겠어…,어쩌면 될대로 대라는 마음가짐도 좋은 방법이라고 생각해요.,24
뭔가 긴장도 되고… 이 사람이 나한테 해코지하지 않을 거란 걸 아는데도 그래요.,저에게 털어놓으면 조금 나아질 거예요.,24
일이 해도해도 끝이 없으니까 눈물이 날 정도였어요. ,우는 건 나쁜 일이 아니에요. 나쁜 감정이 있다면 눈물로 흘려 보내는 것도 좋아요.,25
그래서 많이 울었어요.,더 울고 싶으시면 말씀하세요. 제가 손수건을 가져올게요.,25
눈물이 날 거 같더라고.,감수성이 풍부하다는 증거 같아요. 눈물이 많은 사람 중에 나쁜 사람은 없잖아요.,25
얼마나 힘들었는지 눈물이 핑 돌았어요. ,정말 힘드시겠어요. 제가 위로가 되어 드릴게요.,25
"교실에서 수업을 들을 때도 마음이 안 좋았는데, 실습을 나가야 해서 장애아들이 다니는 유치원에 가니까 눈물이 왈칵 나더라고요.",감수성이 풍부하다는 증거 같아요. 눈물이 많은 사람 중에 나쁜 사람은 없잖아요.,25
괜히 눈물만 나요.,더 울고 싶으시면 말씀하세요. 제가 손수건을 가져올게요.,25
이유 없이 눈물이 왈칵 올라올 때도 있어요.,우는 건 나쁜 일이 아니에요. 나쁜 감정이 있다면 눈물로 흘려 보내는 것도 좋아요.,25
삑 하면 눈물이 나요.,우는 건 나쁜 일이 아니에요. 나쁜 감정이 있다면 눈물로 흘려 보내는 것도 좋아요.,25
어느새 눈물이 뚝뚝 흐르고 있더라고요. ,감수성이 풍부하다는 증거 같아요. 눈물이 많은 사람 중에 나쁜 사람은 없잖아요.,25
주책인 것 같아서 안 그러고 싶은데 눈물이 안 멈추네요.,정말 힘드시겠어요. 제가 위로가 되어 드릴게요.,25
내 신세가 처량해서 눈물이 나요.,정말 힘드시겠어요. 제가 위로가 되어 드릴게요.,25
이상하게 자꾸 울게 돼.,한번 펑펑 울어서 슬픈 일을 씻어내봐요.,25
또 멀쩡히 잘 있다가도 갑자기 눈물이 나더라.,가끔은 다들 그럴 때가 있죠. 저도 눈물이 날 때가 있어요.,25
그냥 가만히 있다가도 눈물 날 것 같은데 참을 수는 있어요.,한번 펑펑 울어서 슬픈 일을 씻어내봐요.,25
가만히 있다가도 눈물 날 것 같고 그래.,더 울고 싶으시면 말씀하세요. 제가 손수건을 가져올게요.,25
누가 조금만 뭐라고 해도 욱하고 눈물 날 것 같고.,우는 건 나쁜 일이 아니에요. 나쁜 감정이 있다면 눈물로 흘려 보내는 것도 좋아요.,25
"경비 아저씨가 요즘 어떻게 지내냐고, 잘 지내냐고 묻는데 갑자기 눈물이 나는 거야.",정말 힘드시겠어요. 제가 위로가 되어 드릴게요.,25
옆집 애가 초등학교에 들어갔다는데… 그런 소식을 들어도 눈물이 나고…,정말 힘드시겠어요. 제가 위로가 되어 드릴게요.,25
눈물만 나.,더 울고 싶으시면 말씀하세요. 제가 손수건을 가져올게요.,25
꾹꾹 눌러 참아도 자꾸 울컥해.,한번 펑펑 울어서 슬픈 일을 씻어내봐요.,25
"이제 더 이상 나올 눈물도 없을 거 같은데, 수도꼭지라도 튼 것처럼 눈물이 나.",한번 펑펑 울어서 슬픈 일을 씻어내봐요.,25
괜히 눈물만 나오고…,더 울고 싶으시면 말씀하세요. 제가 손수건을 가져올게요.,25
눈물이 자꾸 쏟아져요.,더 울고 싶으시면 말씀하세요. 제가 손수건을 가져올게요.,25
잠에서 깨면 눈물만 흘렀어요.,한번 펑펑 울어서 슬픈 일을 씻어내봐요.,25
그리고 6월쯤 되니까 진짜 미칠 것 같아요. 맨날 울고 싶어요.,힘드시겠어요. 제가 옆에서 힘이 되어드릴게요.,25
아직은 좋았던 게 생각나서 눈물나.,힘드시겠어요. 제가 옆에서 힘이 되어드릴게요.,25
자다가 깨서 운 적도 많고.,힘드시겠어요. 제가 옆에서 힘이 되어드릴게요.,25
사람들 없을 때면 펑펑 울었어요.,더 울고 싶으시면 말씀하세요. 제가 손수건을 가져올게요.,25
근처에 사람이 없었는데 조금 울고 말았어..,가끔은 다들 그럴 때가 있죠. 저도 눈물이 날 때가 있어요.,25
그래서 나 대학도 내가 원하는 데 붙고 너무 좋은데 요즘 맨날 울어.,한번 펑펑 울어서 슬픈 일을 씻어내봐요. 제가 힘이 되어 드릴게요.,25
계속 시도때도 없이 눈물이 주르륵 흐르고.,한번 펑펑 울어서 슬픈 일을 씻어내봐요. 제가 힘이 되어 드릴게요.,25
너무 답답해요.,안 좋은 상황이신 거 같아요. 무슨 일인지 저에게 자세히 얘기해줄 수 있을까요?,26
너무 답답해서 미칠 거 같을 때가 있어요.,많이 답답하시겠어요. 오늘만큼은 천천히 산책이라도 해보는 게 어때요?,26
눈앞이 깜깜할 때도 있어요.,그랬군요. 제가 당신의 마음을 조금이라도 이해할 수 있으면 좋겠어요.,26
진짜 사람 미치는 거지. ,정말 힘드시겠어요. 제가 힘이 되어 드리고 싶어요.,26
나도 답답하긴 하지.,많이 답답하시겠어요.,26
마음대로 되는 게 없다고 해야 하나?,가끔은 부담을 내려놓고 마음을 편하게 가져보는건 어떨까요.,26
하루종일 식당에 갇혀 있는 기분이에요.,너무 힘들어하시지 마세요. 제가 힘이 되어 드릴게요.,26
혈압은 분명 정상인 거 같은데… 왜 그런지 모르겠으니까 답답해서 미치겠어요.,많이 답답하시겠어요. 제가 힘이 되어드리고 싶어요.,26
"머리도 내 맘대로 못 하고, 매일 교복 검사하고, 가방 검사하고… 감옥에라도 갇힌 것 같았어.",많이 답답하시겠어요. 제가 힘이 되어드리고 싶어요.,26
"지난주에는 더 이상은 못 참겠다, 안 되겠다 생각이 들었어요.","너무 스트레스 받지 말고, 저에게 털어놔 주세요. ",26
미쳐버리겠어.,안 좋은 상황이신 거 같아요. 무슨 일인지 저에게 자세히 얘기해줄 수 있을까요?,26
누가 내 마음을 알겠어!,그랬군요. 제가 당신의 마음을 조금이라도 이해할 수 있으면 좋겠어요.,26
정말 저 때문에 시아버지가 돌아가신 걸까요? 어디 하소연할 곳도 없고 너무 답답해요.,아니에요. 누구의 잘못도 아닌걸요.,26
이해하려고 노력 중인데… 한번씩은 정말 이해가 안 가더라고…,가끔은 그럴 때가 있죠. 그럴 때 저는 어떻게든 되겠지 라고 생각해요.,26
얼른 해결하라고 말했는데 감감무소식이야. 답답해 죽겠어!,"너무 스트레스 받지 말고, 저에게 털어놔 주세요. ",26
시어머니랑 둘이 하루종일 집에 있으면 숨 막혀요.,스트레스 받는 일을 저에게 털어놔 주세요. 제가 힘이 되어 드릴께요.,26
"안 뽑아보려고 했는데, 답답해서 죽겠는거에요.",많이 답답하시겠어요. 제가 힘이 되어 드리고 싶어요.,26
"친구들이 넌 왜 이렇게 피곤하게 사냐고 하는데, 나도 내가 왜 이러고 사는지 모르겠어. 답답해.",아니에요. 정말 잘 하고 계세요. 제가 힘이 되어 드릴게요.,26
"자원해서 중환자실로 가게됐는데, 뭔가 갇혀있는 느낌이 들어서 답답해.",지금도 충분히 잘하고 계세요. 많이 답답하면 가끔은 기분전환 어떠신가요.,26
왜 이렇게 모든 게 답답하지?,무슨 일이신가요. 제가 힘이 되어 드릴게요.,26
뭔가 마음 속에 해소되지 않는 응어리 같은 게 있는 기분이에요.,가끔은 부담을 내려놓고 마음을 편하게 가져보는건 어떨까요.,26
어디부터 뭘 해야 할지 감이 안 잡혀.,누구나 시작은 어려운 법이죠. 쉬운 것부터 차근차근 해나가 보아요.,26
그럴 땐 정말 막막하다는 말밖에 안 나와.,정말 힘드시겠어요. ,26
답답해 죽겠어.,그랬군요. 제가 당신에게 힘이 될 수 있으면 좋겠어요.,26
대체 이게 무슨 일인가 싶어…,그랬군요. 제가 당신에게 힘이 될 수 있으면 좋겠어요.,26
"그 뒤로 새벽에 자다가 깼는데, 벽에 머리를 안 박으면 안 될 정도로 갑갑했어.",힘든 일이 있으실 때 저에게 털어놔 주세요. 제가 힘이 되어드릴게요,26
진짜 막막하다…,그랬군요. 제가 당신에게 힘이 될 수 있으면 좋겠어요.,26
답답해서 지식인에라도 질문을 남겨봐야 하나 싶어.,힘든 일이 있으실 때 저에게 털어놔 주세요. 제가 힘이 되어드릴게요,26
마음이 너무 답답해요.,"마음이 너무 답답할 때는, 기분전환을 해 보는 것은 어떨까요.",26
평소엔 멀쩡한 거 같은데 가끔 걷잡을 수 없이 답답해져요.,힘든 일이 있으실 때 저에게 털어놔 주세요. 제가 힘이 되어드릴게요,26
어떻게 하면 좋을지 모르겠어요.,지금도 충분히 잘 하고 있어요. 제가 힘이 되어 드릴게요.,26
마음이 답답하네요.,"마음이 너무 답답할 때는, 기분전환을 해 보는 것은 어떨까요.",26
가슴이 꽉 막힌 거 같아요.,저한테 털어놔 주세요. 제가 힘이 되어 드릴게요.,26
벗어나고 싶다…,제가 힘이 될 수 있었으면 좋겠어요.,26
정말 갑갑하네.,제가 힘이 될 수 있었으면 좋겠어요.,26
걔만 없으면 우리 가족이 편안해질 텐데… 답답하네요.,누구나 다 그런 부분이 있죠. 너무 신경쓰지 말고 긍정적으로 생각해 보는 것은 어떨까요.,26
아…진짜 이해가 안돼. 답답한게 한두 가지가 아니야.,누구나 다 그런 부분이 있죠. 너무 신경쓰지 말고 긍정적으로 생각해 보는 것은 어떨까요.,26
진짜 갑갑해서 미칠 것 같아요.,"마음이 너무 답답할 때는, 기분전환을 해 보는 것은 어떨까요.",26
뭘 어째야하는건지…아…진짜 답답해.,가끔은 흘러가는대로 두는 것이 좋을 때도 있어요.,26
남한테 피해 하나 주는것 없이 일하고 술 마시고 그런게 낙이었는데 답답하네요…,정말 힘드시겠어요. 술 대신 다른 취미를 찾아보시는 것은 어떤가요.,26
숨을 아무리 깊게 들이마셔도 갑갑한 느낌이 남아있어요.,그럴 수 있어요. 차근차근 마음을 편하게 가져봐요.,26
막 손도 최대한 가만히 두려고 했는데 그럼 답답해서 미칠 것 같아요.,그럴 수 있어요. 차근차근 마음을 편하게 가져봐요.,26
6월 부터 너무 답답해요.,정말 힘드시겠어요. 제가 힘이 되어 드리고 싶어요.,26
나를 자유롭게 놔뒀으면 좋겠어.,정말 힘드시겠어요. ,26
"나까지 잘못되면 안 되는데, 나까지 문제 있으면 안 되는데..",지금도 충분히 잘 하고 있어요. 너무 부담갖지 않으셔도 괜찮아요.,26
그런데 요즘에는 답답해.,저한테 털어놔 주세요. 제가 힘이 되어 드릴게요.,26
숨긴다고 숨길 수 있는 게 아니라는 건 아는데 그래도… 그냥 제가 답답해요.,누구나 그럴 수 있어요. ,26
어떻게 하면 좋을까… 진짜 답답하다.,가끔은 흘러가는대로 두는 것이 좋을 때도 있어요.,26
"근데… 아, 잘 모르겠다. 뭐가 문젠지 모르겠어. 너무 답답해.",누구나 다 그럴 때가 있죠. 너무 답답하다면 산책을 나가보는 것은 어떨까요.,26
아침에 눈뜨자마자 막막해요.,제가 힘이 되어 드릴게요. 저에게 말씀해 주세요.,26
사람이 많은 자리라서 그런지 굉장히 갑갑하게 느껴졌어.,사람이 많은 곳이 불편하시군요. 그럴 땐 얼른 도망쳐버리고 싶죠.,27
기차에서 내려서 서울 시내로 가잖아? 그럼 더 답답해.,저도 사람 많은 곳은 힘든 것 같아요. 그래서 최대한 피하려고 노력해요.,27
무슨 사람이 그렇게 많은지…,사람이 많아지면 정말 기운을 많이 빼앗기는 것 같아요. ,27
사람이 많이 모여있는 곳에 가면 옥죄듯 갑갑한 기분이 들어요.,누구나 그럴 수 있어요. 심호흡을 한번 크게 해 보는 것은 어떨까요.,27
사람 빽빽이 들어찬 교실에 앉아 있다 보면 너무너무 답답해…,저도 사람 많은 곳은 힘든 것 같아요. 그래서 최대한 피하려고 노력해요.,27
말문이 턱 막혔어… ,누구나 그랬을 거예요.,28
좀 당황스럽기도 해.,당황스러운 게 당연하죠. 충분히 이해가 가요. ,28
"내 직업이 사람 만나는 일인데, 너무 당황이 되는 거야.",제가 뭔가 도와드릴 수 있는 일이 있었으면 좋겠네요. ,28
심장이 덜컥 내려앉는 거 같았어요.,정말 놀라셨겠어요. 지금은 괜찮으신가요.,28
좀 어이가 없었죠.,그러게요. 지금은 어떻게 되었나요?,28
"아, 진짜 큰일났다… 그런 생각밖에 안 들었어.",누구나 그럴 때가 있죠. 제가 힘이 되어드릴게요.,28
그런 일이 처음이라..얼마나 당황했던지..,당황스러운 게 당연하죠. 충분히 이해가 가요. ,28
그런 생각은 안 해봤어서 좀 당황스럽긴 한데 일단 가보라니까…,당황스러우셨겠어요. 지금은 좀 괜찮으신가요.,28
아예 슬라이드 하나를 날려 먹은 건 당연하고 완전 당황해서…,누구나 실수할 수는 있죠. 너무 마음상해하지 마세요.,28
저도 꼭 그럴 것만 같아서 너무 두려워요.,두려운 감정을 느끼고 계시군요. 제가 옆에 있어드릴게요.,29
너무 두려웠어요.,막상 그 상황이 닥치면 아무렇지 않을지도 몰라요. 너무 걱정 마세요.,29
눈 뜨는게 두렵네요.,"""우리가 유일하게 두려워해야 할 것은 두려움 그 자체다."" 두려움이 당신을 잠식하도록 두지 마세요.",29
앞으로 어떻게 될지 모르는 거니까…너무 두려워요.,가끔은 흘러가도록 내버려두는 것이 좋을 때도 있어요.,29
저는 세상이 너무 두려워요.,"""우리가 유일하게 두려워해야 할 것은 두려움 그 자체다."" 두려움이 당신을 잠식하도록 두지 마세요.",29
다른 거로는 해소가 안 돼. 오직 내 손으로. 두려움과 함께 긋는 거야.,제가 두려울때 힘이 되어 드릴게요. 저에게 말씀해 주세요.,29
저는 그래서 목욕탕도 잘 안 가고 맨날 수영 하던 것도 관뒀어요. 두려워서…,충분히 힘드실 수 있어요. 제가 힘이 되어 드릴게요.,29
또 안 좋은 일 생기면 이번에는 저한테 무슨 짓을 할 줄 알구요. 너무 두려워요.,제가 두려울때 힘이 되어 드릴게요. 저에게 말씀해 주세요.,29
"다행히 고속도로였고, 휴게소가 바로 보여서 죽을 힘을 다해서 운전했어요. ",그 마음 이해해요. 운전은 정말 쉽지 않은 일이죠.,30
이제 운전을 못하겠어. 안 한 지 꽤 된 거 같아.,짧은 거리를 조금씩 운전해보는 건 어떨까요? ,30
사고 이후로 운전하는 게 무서워서 못하게 됐어요.,너무 두렵고 무섭다면 굳이 이겨내려고 하지 않아도 돼요. 한국은 대중교통이 편리하잖아요.,30
운전대도 못 잡겠어요.,너무 두렵고 무섭다면 굳이 이겨내려고 하지 않아도 돼요. 한국은 대중교통이 편리하잖아요.,30
운전을 할 수 없게 됐어. 차도 팔아야 할 것 같아.,그 마음 이해해요. 운전은 정말 쉽지 않은 일이죠.,30
차는 타면 뛰어내리고 싶은 정도예요.,차에 타는 건 많은 용기가 필요한 일인 것 같아요. ,31
차에 타면 뛰어내리고 싶을 정도야.,너무 무섭다면 차에 타서 차라리 잠을 자는 건 어떨까요?,31
사고난 이후로 차 탈 때 조수석에는 안 타게 되더라.,그런 일이 있으셨다면 차가 무서우실 것 같아요.,31
차에 타기가 무서워요…,너무 무섭다면 차에 타서 차라리 잠을 자는 건 어떨까요?,31
차에 타면 뭔가 잘못될 것 같아요.,차에 대한 안 좋은 일이 있으신가봐요. ,31
그때는 그냥 얼떨떨했던 거 같아요. ,저도 가끔 그럴 때가 있는 것 같아요. 집중이 안 되고 명료하지 못한 날이 가끔 있죠.,32
마음이 하루종일 붕 떠 있고… 멍하고…,아무것도 하지 않아도 되는 날을 가끔 만드는 것도 좋은 것 같아요.,32
하루가 멍하게 지나가는 것 같아요.,억지로 뭘 하려고 하지 말고 푹 쉬는 건 어떨까요?,32
알바 가는 시간 빼놓고는 하루종일 그냥 집에 멍하니 있어요.,저도 가끔 그럴 때가 있는 것 같아요. 집중이 안 되고 명료하지 못한 날이 가끔 있죠.,32
집에서 TV틀어놓고 멍때리고 있었죠.,누구나 그럴 때가 있죠. 저도 TV보면서 자주 그러는걸요.,32
"그러다 졸리면 자고, 배고프면 밥먹고… 하루종일 멍하게 있었어요.",누구나 그럴 때가 있죠. 가끔은 휴식이 필요한 순간이에요.,32
문제집 펼쳐놓고 멍하게 있을 때가 많아.,저도 그럴 때가 많아요. 공부는 정말 어려운 일인걸요.,32
머릿속이 명료하지가 않고 흐리멍텅한 기분이야.,저도 가끔 그럴 때가 있는 것 같아요. 집중이 안 되고 명료하지 못한 날이 가끔 있죠.,32
요즘 계속 머리가 멍한 거 같아.,그럴 때는 억지로 뭘 하려고 하지 말고 푹 쉬는 건 어떨까요?,32
그리고 하루종일 멍해요. 누구랑 얘기도 하기 어려울 만큼 진짜.,가끔 그럴 때는 혼자만의 시간을 가지는 것은 어떨까요.,32
그러니까 바로 정신이 멍해지는 거예요.,지금은 좀 괜찮으신가요.,32
그렇게 몽롱한 상태로 있다가 아침이 돼서야 잠들어요.,잠을 못 자서 많이 힘드시겠어요. ,32
멍하고 평소에도 자주 멍때려.,충분히 그럴 수 있어요.,32
그래도 뭐 다른 방법이 없으니까…,그러셨군요. 충분히 그럴 수 있는 상황이었던 것 같아요.,33
내가 모를 줄 알고? ,저라도 그런 감정을 느꼈을 거예요.,33
오히려 외로움 느낄 틈 없이 잘해줘요.,"헉, 그런 일이 있었군요?",33
정말이지 비인간적이에요.,힘드시겠어요. 제가 옆에서 힘이 되어드릴게요.,33
안되는건 안되는거니까.,힘드시겠어요. 제가 힘이 되었으면 좋겠어요.,33
정말 어처구니 없는 일이죠. ,그러게요. 지금은 어떻게 되었나요?,33
그래서 그런가?,그러게요. 지금은 어떻게 되었나요?,33
한편으로는 올 게 왔다? 그런 생각도 들었어요.,그러셨군요. 지금은 어떻게 되었나요?,33
다행이지 뭐.,그러게요. 지금은 어떻게 되었나요?,33
아무래도 말이 안 되는 거 같아요.,그러게요. 지금은 어떻게 되었나요?,33
당연하다고 생각해요…,저라도 그런 감정을 느겼을 거에요.,33
진짜 큰일날 뻔했지…,"헉, 그런 일이 있었군요?",33
그런 거 같기도 하고… 잘 모르겠다.,힘든 일이 있으실 때 저에게 털어놔 주세요. 제가 힘이 되어드릴게요,33
바보 같은 얘기인거 아는데…그래도 진짜 그렇게 느껴진다구!,그럴 수 있어요. 저도 그렇게 생각해요.,33
살아 보니까…어른들 말이 틀린게 하나도 없더라구.,그런가요? 그래서 어떻게 되었나요?,33
근본을 숨길 수는 없나봐…,힘드시겠어요. 제가 옆에서 힘이 되어드릴게요.,33
아…이대로는 안될것 같아요.,지금까지 충분히 잘 해내셨어요.,33
아기를 사랑하는 마음이랑은 별개야.,그러셨군요. 충분히 이해가 가요.,33
돈이 아까웠지만 그런거 생각할 겨를도 없었어요.,괜찮아요. 저라도 그랬을 거에요.,33
그냥 내일 아침에 일어났을 때 죽어있었으면 좋겠어요.,가치가 없는 사람은 없다고 생각해요.,34
그럴 때마다 나는 들을 수밖에 없고.,너무 자책하지 마세요. 당신은 제게 소중한 사람이에요.,34
내일이 없었으면 좋겠다고 생각해.,당신의 발목을 붙잡는 그 감정은 제가 오늘 밤에 가져가도록 할게요.,34
그 상황에서는 제가 할 수 있는 일이 아무것도 없었어요.,너무 자책하지 마세요. 충분히 잘 하셨어요.,34
내가 할 수 있는 게 아무것도 없는 거 같아요.,충분히 잘 하고 있어요. 너무 자책하지 마세요.,34
가끔은 그런 생각이 들어. 진짜 아무 것도 못 하겠다는 생각.,그럴 때는 흘러가는 대로 살아보는 것은 어떨까요.,34
근데 내가 딱히 도와드릴 수 있는 것도 없고… 되게… 무력감이 들어.,아니에요. 곁에 있는 것만으로도 충분히 큰 힘이 되어요.,34
"제 생활도 없고, 남은것도 없고 왜사는지 모르겠어요.",아니에요. 곁에 있는 것만으로도 충분히 큰 힘이 되어요.,34
근데 요즘엔 하나도 즐겁지가 않아. ,너무 마음이 아파요.,35
예능 프로를 봐도 하나도 안 웃기던데요. ,조금 지친 걸 수도 있어요. 충분히 휴식을 취하는 건 어떨까요?,35
배를 잡고 웃어본게 언제였나 싶어요.,원래의 당신은 그렇지 않다는 것만 기억하세요.,35
요즘 왜 이렇게 하나도 즐겁지가 않냐.,조금 지친 걸 수도 있어요. 충분히 휴식을 취하는 건 어떨까요?,35
그냥 내가 무미건조해진 거 같아.,조금 지친 걸 수도 있어요. 충분히 휴식을 취하는 건 어떨까요?,35
인생에 재미있는 일이 하나도 없는것 같아.,누구나 그럴 때가 있죠. 한번 재밌는 일을 함께 찾아볼까요?,35
내가 좋아해서 쫓아다녔는데…이렇게 시들해질 줄 몰랐어.,그럴 수 있죠. 누구나 다 그런걸요.,35
그냥 삶이 재미가 없어.,누구나 그럴 때가 있죠. 한번 재밌는 일을 함께 찾아볼까요?,35
하고싶은 것도 없고….그냥 시간만 흘러가는것 같아.,누구나 한번은 방황하는 법이에요. 함께 찾아봐요.,35
그 사실을 알고도 아무렇지 않더라.,그럴 수 있어요. 너무 마음이 아파요.,35
그냥 저라는 사람이 웃음이 많은 사람은 아닌것 같아요.,웃음이 적은 만큼 귀한 웃음일 거에요.,35
전망대 같은 데 가려고 계단 올라가잖아. 올라가다가 뒤돌아보면 너무 까마득해서 기절할 것 같았어.,무서운 감정을 느끼셨군요. 지금은 괜찮으신가요?,36
무서워 죽겠어요. 그건 겪어본 사람만 알아요.,많이 무서웠을 것 같아요. 감정이 가라앉을 때까지 잠시 휴식을 취하는 건 어떨까요?,36
태어나서 이런 경험은 처음이었어요. 정말 너무 무서웠어요.,도망치는 것도 좋은 방법이에요. 때로는 피하는 것에도 용기가 필요하죠.,36
나중에 제가 아기한테 무슨 나쁜 짓을 하게 될까봐 무서워요.,너무 걱정되신다면 한번 상담을 받으시는 것은 어떤가요?,36
사실 앞으로 또 그럴까봐 너무 무서워요.,도망치는 것도 좋은 방법이에요. 때로는 피하는 것에도 용기가 필요하죠.,36
너무 무서워져서 거의 도망치듯이 내려서 한참동안 쉬었어요.,정말 힘드셨겠어요. 지금은 어떠신가요?,36
무서워져서 바로 약 바르고 붕대로 감긴 했는데…,정말 힘드셨겠어요. 지금은 어떠신가요?,36
그 때 거기 불량배들? 한테 돈 뺏기고 그랬거든. 너무 무서웠어.,불량배들은 언제나 무서운 법이죠. 지금은 좀 어떠신가요.,36
근데 사람들 앞에서 그럴까봐 너무 무서운 거야.,저도 그럴 때 무서울 것 같아요.,36
이러니까 점점 내가 무섭고…,많이 힘드실 때는 저에게 말씀해 주세요. 힘이 되어 드리고 싶어요.,36
나는 도저히 무서워서 못 하겠어.,많이 무서웠을 것 같아요. 감정이 가라앉을 때까지 잠시 휴식을 취하는 건 어떨까요?,36
지난 목요일에 무서운 일을 겪었어요.,무슨 일이신가요? 제가 힘이 되어 드릴게요.,36
저도 이런 감정이 너무 무서워요.,많이 무서웠을 것 같아요. 감정이 가라앉을 때까지 잠시 휴식을 취하는 건 어떨까요?,36
살면서 이런 적이 처음이라 조금 무서웠어요.,정말 무서웠겠어요. 지금은 좀 괜찮으신가요.,36
"근데 그걸 보니까 딱 드는 생각이 아, 무섭다 이거였거든.",정말 무서웠겠어요. 지금은 좀 괜찮으신가요.,36
그렇게 몇 번 당하고 나니까 학교 가기가 너무 무서운 거예요.,많이 무서웠을 것 같아요. 감정이 가라앉을 때까지 잠시 휴식을 취하는 건 어떨까요?,36
근데 대학 와서 그걸 티 낼 수가 없는 거야. 좀… 무서웠거든.,도망치는 것도 좋은 방법이에요. 때로는 피하는 것에도 용기가 필요하죠.,36
근데 그게 진짜 너무 무서웠어요.,정말 무서웠겠어요. 지금은 좀 괜찮으신가요.,36
뭐 귀신이 나오고 그런 건 아니었는데 그 맹신? 하는 그런 게 무섭더라구요.,저도 그럴 때 무서울 것 같아요.,36
찾아와서 또 머리채 잡고 끌고 갈까봐 너무 무섭고…,많이 무서웠을 것 같아요. 제가 힘이 되어드리고 싶어요.,36
그 때부터 점점 무서워지더라구요.,많이 힘드실 때는 저에게 말씀해 주세요. 힘이 되어 드리고 싶어요.,36
남편이랑 애들이랑 지내는 거 너무 좋은데… 가끔… 무서워져요.,저에게 털어놓으면 조금 나아질 거예요.,36
근데 하나도 좋지 않은 거예요. 오히려 무서웠어요.,많이 힘드실 때는 저에게 말씀해 주세요. 힘이 되어 드리고 싶어요.,36
무서워서 몸도 제대로 안 움직이는 것 같았어요.,정말 무서웠겠어요. 지금은 좀 괜찮으신가요.,36
그래서 아이들한테 항상 그게 좀 미안했어요.,최선을 다 하셨잖아요. 아이도 다 이해할 거예요.,37
첫째한테 하도 못 해준 게 많으니까… 너무 미안해서…,제가 위로해드릴게요. 토닥토닥.,37
애들한테 미안해 죽겠어요.,너무 자책하지 마세요. 고의가 아니었잖아요.,37
아이들에게 너무 미안합니다.,지금까지 충분히 잘 해내셨어요.,37
부족한 엄마를 만나서…아이들까지 힘들어지는것 같아요.,너무 자책하지 마세요. 지금까지 충분히 잘하셨어요.,37
미안한 게 많아. 더 잘해주고 싶은데 잘 해주지도 못하고 챙겨주지도 못하고.,너무 자책하지 마세요. 지금까지 충분히 잘하셨어요.,37
애들이 애 아빠 보고 싶어 할 때는 마음 아프고.,정말 마음이 아프시겠어요. 정말 수고하셨어요.,37
그게 제일 미안하죠… 둘 다 공부도 곧잘 했는데…,너무 자책하지 마세요. 지금까지 충분히 잘하셨어요.,37
애들은 괜찮다고 하는데 아직도 미안한 게 응어리처럼 남아 있어요.,아이들도 다 이해할 거에요. 너무 자책하지 마세요.,37
그래서 막 남자친구도 미워지려고 하고 그래요. 걔 잘못이 아닌데.,그 마음 다 이해해요.,38
근데 괜히 새언니가 내 오빠를 뺏는 것 같아서 괜히 미워.,속상했던 일은 저에게 다 털어놓으세요.,38
그리고 나는 이렇게 힘든데 혼자 밥 잘 먹는 것도 밉고 그래요.,꾹꾹 눌러 참지 말고 얘기해보는 건 어떨까요?,38
그 새낀 쓰레기야.,그 마음 다 이해해요.,38
너무 징그럽고 토 나와.,그 마음 다 이해해요.,38
코 골고 자는 꼴도 너무 보기 싫어요.,그 마음 다 이해해요.,38
남편 보면 참아야지…하다가도…자꾸 말도 안되는걸로 사람을 괴롭히니까…자꾸 미운 마음이 들어.,그 마음 다 이해해요. 한번 얘기해보는 건 어떨까요?,38
힘들어하는 모습을 보니 짠하다고…그렇게 병신 같을 수가 없어요.,부정적인 생각이 더 부정적인 마음을 만들 수 있어요. 좋은 점을 살펴보는 것은 어떨까요.,38
이런 걸로 이혼하긴 그런데…그래도 요즘은 정말 꼴도 보기 싫네요.,꾹꾹 눌러 참지 말고 얘기해보는 건 어떨까요?,38
"아, 진짜 배신감 쩔어.",힘들고 속상하셨겠어요.,39
처음엔 배신감이 들었죠.,제가 혼내드릴까요?,39
그래서 되게 배신감 느꼈어. 진짜 말할 줄 몰랐거든.,제가 다 속상하네요.,39
누구 놀리나 싶기도 하고… 배신감 들었어요.,힘들고 속상하셨겠어요.,39
그때 배신감은 말로 다 못해.,제가 다 속상하네요.,39
그때의 배신감은 말로 다 못해.,제가 다 속상하네요.,39
사람을 너무 쉽게 믿는게 문제야.,힘들고 속상하셨겠어요.,39
요즘 그런 생각이 들어. 뭘 위해서 사는 걸까…. ,새벽이 가장 어둡다고 하잖아요. 곧 동이 틀 거라고 생각해요.,40
"사는 게 재미도 없고, 되는 일도 없는데 이렇게 사는 게 의미가 있을까? ",부정적인 생각이 또 다른 부정적인 생각을 불러올 때가 있어요. 눈을 감고 숫자를 천천히 세보는 건 어때요?,40
내가 없으면 주변 사람들이 슬퍼하니까? 그 사람들 때문에 사는 건 답이 아닌 것 같아. ,그 마음 다 이해해요. 가끔 내 마음처럼 되지 않을 때가 있죠.,40
이렇게 살아봤자 계속 고통스러운데 의미가 있을까? ,힘드셨겠어요. 하지만 언젠가는 좋은 일들만 있을거에요.,40
그냥 조용히 없어지는 게 내가 더 편할 것 같아.,아니에요. 제가 곁에 있어드릴게요. ,40
내 팔자는 왜 이럴까…,힘드셨겠어요. 하지만 언젠가는 좋은 일들만 있을거에요.,40
별 일 없어도 그냥 무슨 안 좋은 일이 생길 것 같고 그래요. ,가끔 그럴 때는 흘러가는대로 내버려두는 것은 어떨까요.,40
"남들은 다 쉽게 쉽게 하는데, 나한테만 기회가 안 돌아온다는 느낌? ",힘드시겠어요. 하지만 언젠간 기회가 찾아 올 거에요.,40
나가떨어지라 이거지.,힘드시겠어요. 지금은 좀 어떠신가요?,40
여기서 그냥 시간만 버린다는 느낌?,그럴 수 있죠. 누구나 다 그런걸요.,40
이럴 거면 그냥 돌아가시는게 낫겠다는 나쁜 마음이 자꾸 들어요.,부정적인 생각이 또 다른 부정적인 생각을 불러올 때가 있어요. 눈을 감고 숫자를 천천히 세보는 건 어때요?,40
영화에서나 일어나는 불행이 하필 나한테 온거야. ,"힘드시겠어요. 그렇지만, 영화에서 일어나는 행운도 꼭 찾아 올 거에요.",40
안 좋은 일로 로또 맞긴 참 쉬운것 같아. 좋은 일은 하나도 없는데 말이야.,언젠간 좋은 일도 찾아 올 거에요. ,40
어떻게 가난한데 행복할 수 있죠? 그런건 드라마에서나 가능하다구요.,돈 문제로 걱정이 많으시군요. 그럴 때는 정말 막막한 것 같아요.,40
세상에 나쁜 놈들이 정말 많아. ,그만큼 좋은 사람도 많을거에요. 기운내세요,40
내 인생…제대로 꼬인 것 같아. ,그럴 수 있죠. 누구나 다 그런걸요.,40
삶에 희망이 없어. 평생 솔로로 살아야 할 것 같아.,언젠가는 마음에 맞는 짝이 올 거에요. ,40
나도 모르겠어. 이렇게 살면 안될 것 같은데… 이미 너무 멀리 온 것 같다는 생각이 들어.,"가장 늦었다고 생각했을 때가, 가장 빠르다는 말도 있어요. 한번 도전해 보는건 어떤가요?",40
내 탓도 아닌데… 난 왜 이렇게 운이 없는 걸까?,"새옹지마처럼, 지금 운이 안좋으면 언젠간 그만큼 좋은 일이 있을거에요.",40
음...부모님을 원망하는건 아닌데… 그냥 내 삶이 너무 싫어.,부정적인 생각이 또 다른 부정적인 생각을 불러올 때가 있어요. 사소하지만 행복했던 일들을 한번 생각해보면 어때요?,40
그렇다고 다시 입시를 준비할 자신은 없는데… 왜 이렇게 꼬이는 걸까요?,괜찮아요. 조금 돌아갈 수도 있죠.,40
왜 저는 해도 해도 안 되는 걸까요?,그럴 수 있죠. 누구나 다 그런걸요.,40
결국 다 엉망이 된 거야.,많이 힘드셨겠어요. 지금은 조금 괜찮나요?,40
이렇게 사느니 고아원에 들어가는게 나을 것 같아요.,그래도 언제나 부모님은 사랑해주실거에요.,40
내 편은 엄마뿐이었는데…세상에 혼자 남은 기분이었어요.,많이 힘드셨겠어요. 지금은 조금 괜찮나요?,40
생각해보면 한번이라도 우울하지 않았던 때가 있었나 싶어요.,힘드셨겠어요. 하지만 행복했던 때도 한번 생각해보아요.,40
솔직히 기억도 안 나네요. 왜 나만 불행한 거죠?,제가 힘이 되어 드릴게요. 저에게 말씀해 주세요.,40
내 맘대로 되는게 그런거 밖에 없더라구요. 돈만 내면 실컷 즐길 수 있잖아요.,사소하지만 행복했던 일들을 한번 생각해 보는건 어떨까요?,40
왜 저는 하는 일마다 이렇게 다 꼬이는 거죠?,그럴 수 있죠. 누구나 다 그런걸요.,40
사는게 지옥이네요.,"새옹지마처럼, 지금 운이 안좋으면 언젠간 그만큼 좋은 일이 있을거에요.",40
뭔가 저만 계속 어둠 속에 있는 것 같아요.,새벽이 가장 어둡다고 하잖아요. 곧 동이 틀 거라고 생각해요.,40
도저히 같이 못 해먹겠더라고! ,저도 그렇게 생각해요. ,40
처음엔 진짜 잘할 수 있을 거라 생각했는데…생각보다 세상이 녹록지 않더라구요.,누구나 처음에는 힘든 법이죠. 이겨내실 수 있어요.,40
그렇게 몇 년이 흘러버리니까..진짜 내가 할 수 있는 일이 하나도 없는 것 같더라..,"가장 늦었다고 생각했을 때가, 가장 빠르다는 말도 있어요. 한번 도전해 보는건 어떤가요?",40
딱히 할 수 있는 일도 없으니까…,"가장 늦었다고 생각했을 때가, 가장 빠르다는 말도 있어요. 한번 도전해 보는건 어떤가요?",40
제가 이 나이에 어디 가서 뭘 할 수 있겠어요?,"가장 늦었다고 생각했을 때가, 가장 빠르다는 말도 있어요. 한번 도전해 보는건 어떤가요?",40
사는게 왜 이렇게 답답한 거죠?,답답할때 가끔은 기분전환을 위해서 만화를 보는건 어떤가요?,40
길 가다가 장애인을 보면 왠지 안 좋은 일이 생길 것 같은 거야.,모든 사람은 행복할 권리가 있어요.,40
나는 왜 살지? 뭐 때문에 사는 거지? 진짜 이유가 없잖아?,사소하지만 행복했던 일들을 한번 생각해 보는건 어떨까요?,40
자꾸 안 좋은 생각만 들고…,부정적인 생각이 또 다른 부정적인 생각을 불러올 때가 있어요. 사소하지만 행복했던 일들을 한번 생각해보면 어때요?,40
"하나같이 행복해 보이는데, 나만… 불행한 느낌이에요.",사소하지만 행복했던 일들을 한번 생각해 보는건 어떨까요?,40
나를 한심하게 쳐다보실 거 같아.,전혀 그렇지 않아요. 지금도 잘 하고 있어요.,40
나 이렇게는 더 이상 못 살겠어.,제가 힘이 되어 드릴게요. 저에게 말씀해 주세요.,40
비꼬는 건가…,아닐 거에요!,40
내가 그렇게 뭘 잘못했나? 그런 생각이 자꾸 들어요.,지금까지 충분히 잘 해내셨어요.,40
그런데 그게 뭐 쉽나요? 원래 이렇게 생겨 먹은걸…,아닐 거에요!,40
차라리 계속 잠들어 있었으면 좋겠어요.,부정적인 생각이 또 다른 부정적인 생각을 불러올 때가 있어요. 사소하지만 행복했던 일들을 한번 생각해보면 어때요?,40
세상에 왜 이렇게 후진 인간이 많은 걸까요?,그만큼 좋은 사람도 많을거에요. 기운내세요,40
난 왜 이렇게 문제가 많은 인간인걸까?,아니에요. 지금도 충분히 잘 하고 있어요.,40
착한 사람도 있다는 걸 아는데…대부분은 정신병자 같아.,아닐 거에요!,40
부모한테도 사랑을 못 받은 저를…누가 사랑해주겠어요..저는 세상에서 없어져야 하는 존재인가 봐요.,새벽이 가장 어둡다고 하잖아요. 곧 동이 틀 거라고 생각해요.,40
왜 세상에 나쁜 사람이 이렇게 많은 거죠?,그만큼 좋은 사람도 많을거에요. 기운내세요,40
저는 착한 마음으로 살고 있는데… 사람들은 냉정하고 나빠요.,부정적인 생각이 또 다른 부정적인 생각을 불러올 때가 있어요. 눈을 감고 숫자를 천천히 세보는 건 어때요?,40
저는 이런 세상이 싫어요.,부정적인 생각이 또 다른 부정적인 생각을 불러올 때가 있어요. 눈을 감고 숫자를 천천히 세보는 건 어때요?,40
저는 왜 이렇게 재수가 없는 거죠?,부정적인 생각이 또 다른 부정적인 생각을 불러올 때가 있어요. 눈을 감고 숫자를 천천히 세보는 건 어때요?,40
눈을 뜨고 싶지 않아요.,부정적인 생각이 또 다른 부정적인 생각을 불러올 때가 있어요. 눈을 감고 숫자를 천천히 세보는 건 어때요?,40
이렇게 사느니 죽는게 나을것 같아.,부정적인 생각이 또 다른 부정적인 생각을 불러올 때가 있어요. 눈을 감고 숫자를 천천히 세보는 건 어때요?,40
더는 살고 싶지 않아요.,부정적인 생각이 또 다른 부정적인 생각을 불러올 때가 있어요. 눈을 감고 숫자를 천천히 세보는 건 어때요?,40
미칠 노릇이야.,부정적인 생각이 또 다른 부정적인 생각을 불러올 때가 있어요. 눈을 감고 숫자를 천천히 세보는 건 어때요?,40
삶에 지쳐가고 있어요.,부정적인 생각이 또 다른 부정적인 생각을 불러올 때가 있어요. 눈을 감고 숫자를 천천히 세보는 건 어때요?,40
내 인생에 희망이 남아있긴한걸까?,부정적인 생각이 또 다른 부정적인 생각을 불러올 때가 있어요. 눈을 감고 숫자를 천천히 세보는 건 어때요?,40
내 인생은 이렇게 망가졌는데…,부정적인 생각이 또 다른 부정적인 생각을 불러올 때가 있어요. 눈을 감고 숫자를 천천히 세보는 건 어때요?,40
시간이 지날수록 열심히만 해서는 안되는것도 있단걸 알았어.,부정적인 생각이 또 다른 부정적인 생각을 불러올 때가 있어요. 눈을 감고 숫자를 천천히 세보는 건 어때요?,40
자꾸 이렇게 나쁜 마음이 드니까…제 마음이 오염되는 기분이에요.,부정적인 생각이 또 다른 부정적인 생각을 불러올 때가 있어요. 눈을 감고 숫자를 천천히 세보는 건 어때요?,40
다 꼴 보기 싫어요.,부정적인 생각이 또 다른 부정적인 생각을 불러올 때가 있어요. 눈을 감고 숫자를 천천히 세보는 건 어때요?,40
나를 못 잡아먹어서 안달 난 사람들 같아요.,부정적인 생각이 또 다른 부정적인 생각을 불러올 때가 있어요. 눈을 감고 숫자를 천천히 세보는 건 어때요?,40
살맛이 안 나. 낫기는 하는걸까?,부정적인 생각이 또 다른 부정적인 생각을 불러올 때가 있어요. 눈을 감고 숫자를 천천히 세보는 건 어때요?,40
인생에 대한 의지가 안 생기는것 같아요.,부정적인 생각이 또 다른 부정적인 생각을 불러올 때가 있어요. 눈을 감고 숫자를 천천히 세보는 건 어때요?,40
얼른 성인이 되고 싶었어. 미성년자라서 돈도 못 벌고..끔찍한 집에 얹혀 살아야 하는 현실이 너무 싫었어.,부정적인 생각이 또 다른 부정적인 생각을 불러올 때가 있어요. 눈을 감고 숫자를 천천히 세보는 건 어때요?,40
나도 나이가 있으니 재혼을 축하해주고 싶었는데..안될 사람은 안되나봐.,부정적인 생각이 또 다른 부정적인 생각을 불러올 때가 있어요. 눈을 감고 숫자를 천천히 세보는 건 어때요?,40
그냥 없었으면 좋겠어.,부정적인 생각이 또 다른 부정적인 생각을 불러올 때가 있어요. 눈을 감고 숫자를 천천히 세보는 건 어때요?,40
죽어버리면 이 모든게 다 좋아질까요?,부정적인 생각이 또 다른 부정적인 생각을 불러올 때가 있어요. 눈을 감고 숫자를 천천히 세보는 건 어때요?,40
오늘은 또 어떤 재수 없는 일이 나를 괴롭힐까? 막 이런 생각이 들면서 짜증이 나.,부정적인 생각이 또 다른 부정적인 생각을 불러올 때가 있어요. 눈을 감고 숫자를 천천히 세보는 건 어때요?,40
실제로 항상 재수가 없는 편이고..,부정적인 생각이 또 다른 부정적인 생각을 불러올 때가 있어요. 눈을 감고 숫자를 천천히 세보는 건 어때요?,40
아…잘 사는 것들은 힘든 일 없이 잘만 사는데.. 왜 난 항상 이렇게 엉키고 엉키는걸까?,부정적인 생각이 또 다른 부정적인 생각을 불러올 때가 있어요. 눈을 감고 숫자를 천천히 세보는 건 어때요?,40
헤어지는 수 밖에 없을것 같아.,부정적인 생각이 또 다른 부정적인 생각을 불러올 때가 있어요. 눈을 감고 숫자를 천천히 세보는 건 어때요?,40
나쁜 생각을 떨쳐낼 수가 없어.,부정적인 생각이 또 다른 부정적인 생각을 불러올 때가 있어요. 눈을 감고 숫자를 천천히 세보는 건 어때요?,40
내가 갔을 때는 잡지가 다 나가고 없을 거 같아…,부정적인 생각이 또 다른 부정적인 생각을 불러올 때가 있어요. 눈을 감고 숫자를 천천히 세보는 건 어때요?,40
나는 언제부터 잘못됐던 걸까..그런 것들.,부정적인 생각이 또 다른 부정적인 생각을 불러올 때가 있어요. 눈을 감고 숫자를 천천히 세보는 건 어때요?,40
왜 살고 있는 걸까..,부정적인 생각이 또 다른 부정적인 생각을 불러올 때가 있어요. 눈을 감고 숫자를 천천히 세보는 건 어때요?,40
나쁜 생각하지 말아야 하는데 잘 못 챙겨줄 것 같고.,부정적인 생각이 또 다른 부정적인 생각을 불러올 때가 있어요. 눈을 감고 숫자를 천천히 세보는 건 어때요?,40
"문제가 줄어들지 않아, 자꾸 약해지는 것 같아.",부정적인 생각이 또 다른 부정적인 생각을 불러올 때가 있어요. 눈을 감고 숫자를 천천히 세보는 건 어때요?,40
나라는 사람은 뭐 때문에 이렇게 태어났을까.,부정적인 생각이 또 다른 부정적인 생각을 불러올 때가 있어요. 눈을 감고 숫자를 천천히 세보는 건 어때요?,40
차라리 가는 길에 세상이 멸망해버렸으면 좋겠다.,부정적인 생각이 또 다른 부정적인 생각을 불러올 때가 있어요. 눈을 감고 숫자를 천천히 세보는 건 어때요?,40
내일이라도 세상이 멸망해버렸으면 좋겠다.,부정적인 생각이 또 다른 부정적인 생각을 불러올 때가 있어요. 눈을 감고 숫자를 천천히 세보는 건 어때요?,40
처음부터 모든 게 잘못됐던 거야.,부정적인 생각이 또 다른 부정적인 생각을 불러올 때가 있어요. 눈을 감고 숫자를 천천히 세보는 건 어때요?,40
뭐든지 잘하고 싶고 욕심도 많은데 계속 부정적인 생각만 드는 것 같아요.,부정적인 생각이 또 다른 부정적인 생각을 불러올 때가 있어요. 눈을 감고 숫자를 천천히 세보는 건 어때요?,40
사람들은 다 죽어야 한다고 생각해.,부정적인 생각이 또 다른 부정적인 생각을 불러올 때가 있어요. 눈을 감고 숫자를 천천히 세보는 건 어때요?,40
필요 없는 사람들은 말이야.,부정적인 생각이 또 다른 부정적인 생각을 불러올 때가 있어요. 눈을 감고 숫자를 천천히 세보는 건 어때요?,40
사랑은 없어.,부정적인 생각이 또 다른 부정적인 생각을 불러올 때가 있어요. 눈을 감고 숫자를 천천히 세보는 건 어때요?,40
사는게 사는거 같지가 않아요.,부정적인 생각이 또 다른 부정적인 생각을 불러올 때가 있어요. 눈을 감고 숫자를 천천히 세보는 건 어때요?,40
대부분은 안좋은 생각들이에요.,부정적인 생각이 또 다른 부정적인 생각을 불러올 때가 있어요. 눈을 감고 숫자를 천천히 세보는 건 어때요?,40
저한테 안좋은일이 일어날것만 같고.,부정적인 생각이 또 다른 부정적인 생각을 불러올 때가 있어요. 눈을 감고 숫자를 천천히 세보는 건 어때요?,40
버렸는지 뭔지 내가 어떻게 알아?,기분이 안 좋으시군요. 무슨 일이 있었는지 제가 다 들어드릴게요.,41
진짜 어이없고 화가 나서 숨이 턱 막히는 거야.,화를 쏟아내고 나면 기분이 조금 풀릴 거예요.,41
어떻게 나한테 말도 한마디 없이 그럴 수가 있지?,화가 날 땐 매운 게 최고죠. 먹고 풀어버리는 건 어떨까요?,41
내가 밥을 안 먹어서 병이 난 거래요.,기분이 안 좋으시군요. 무슨 일이 있었는지 제가 다 들어드릴게요.,41
니가 알긴 뭘 알어?,화를 쏟아내고 나면 기분이 조금 풀릴 거예요.,41
"무슨 이런 본 데 없는 애를 데려왔냐고, 그런 말까지 하시더라고요.",화가 날 땐 매운 게 최고죠. 먹고 풀어버리는 건 어떨까요?,41
"걔가 학력도 별로 안 좋고… 집안도 그저 그렇긴 한데, 그런 말은 좀 심하지 않아요?",기분이 안 좋으시군요. 무슨 일이 있었는지 제가 다 들어드릴게요.,41
화가 머리끝까지 났어요.,화를 쏟아내고 나면 기분이 조금 풀릴 거예요.,41
저를 이렇게 만든 건 그 인간들이예요.,화가 날 땐 매운 게 최고죠. 먹고 풀어버리는 건 어떨까요?,41
평소보다 쉽게 화가 나.,기분이 안 좋으시군요. 무슨 일이 있었는지 제가 다 들어드릴게요.,41
기가 막히고 어이가 없어서 말이 안 나오더라고.,화를 쏟아내고 나면 기분이 조금 풀릴 거예요.,41
진짜 미친놈 아니야?,화가 날 땐 매운 게 최고죠. 먹고 풀어버리는 건 어떨까요?,41
어이가 없죠.,기분이 안 좋으시군요. 무슨 일이 있었는지 제가 다 들어드릴게요.,41
멍청한 게 할 말 못 할 말 못 가리고.,화를 쏟아내고 나면 기분이 조금 풀릴 거예요.,41
분통 터져 죽겠어요.,화가 날 땐 매운 게 최고죠. 먹고 풀어버리는 건 어떨까요?,41
사람 환장한다니까요.,기분이 안 좋으시군요. 무슨 일이 있었는지 제가 다 들어드릴게요.,41
아무한테나 화내고 그러지는 않아.,화를 쏟아내고 나면 기분이 조금 풀릴 거예요.,41
머리가 홱 돌더라.,화가 날 땐 매운 게 최고죠. 먹고 풀어버리는 건 어떨까요?,41
술집 들락날락할 때부터 알아봤어야 했는데… 정말 기가 막히고 말이 안 나와요.,기분이 안 좋으시군요. 무슨 일이 있었는지 제가 다 들어드릴게요.,41
다 자기 일이 아니라서 모르는 거예요.,화를 쏟아내고 나면 기분이 조금 풀릴 거예요.,41
지금 생각해도 너무 빡쳐.,화가 날 땐 매운 게 최고죠. 먹고 풀어버리는 건 어떨까요?,41
저를 이렇게 만든 건 그 인간들이에요.,기분이 안 좋으시군요. 무슨 일이 있었는지 제가 다 들어드릴게요.,41
한국 들어오고 되는 일이 하나도 없어!,화를 쏟아내고 나면 기분이 조금 풀릴 거예요.,41
애국심을 가질 수가 없는 나라야.,화가 날 땐 매운 게 최고죠. 먹고 풀어버리는 건 어떨까요?,41
너무 분하고 억울했지만…더 이상 싸울 힘이 없더라구요.,기분이 안 좋으시군요. 무슨 일이 있었는지 제가 다 들어드릴게요.,41
그 인간들이 벌 받았으면 좋겠어요.,화를 쏟아내고 나면 기분이 조금 풀릴 거예요.,41
성인 되면 좀 나아질 줄 알았는데 여전히 저래. 진짜 빡친다.,화가 날 땐 매운 게 최고죠. 먹고 풀어버리는 건 어떨까요?,41
그냥 모든 일에 다 화가 나. 왜 다 내 뜻대로 안 되지?,기분이 안 좋으시군요. 무슨 일이 있었는지 제가 다 들어드릴게요.,41
볼 때 마다 속이 부글부글 끓어.,화를 쏟아내고 나면 기분이 조금 풀릴 거예요.,41
"어휴, 그런 말은 나도 하겠네.",기분이 풀릴 때까지 실컷 욕해도 좋아요. 제가 들어드릴게요.,42
부모 같지도 않은 부모랑 사는게 어떤 건지 알아?,제가 다 속상하네요…,42
제가 무슨 죄를 지어서 이런 남자를 만난 걸까요?,당신이 너무 상처받지 않았으면 좋겠어요.,42
정말 세상에 쉬운 일이 하나도 없네.,기분이 풀릴 때까지 실컷 욕해도 좋아요. 제가 들어드릴게요.,42
전부 내가 무서워서 붙어있는 병신들 뿐이야.,제가 다 속상하네요…,42
저게 인간이야? 잘 안 씻어서 냄새까지 나. 짐승도 저것보단 낫겠다.,당신이 너무 상처받지 않았으면 좋겠어요.,42
나라고 뭐..자기한테 불만이 없겠어?,기분이 풀릴 때까지 실컷 욕해도 좋아요. 제가 들어드릴게요.,42
세상에 못된 인간들이 정말 많아.,제가 다 속상하네요…,42
제대로 정신 박힌 사람이 거의 없는것 같아.,당신이 너무 상처받지 않았으면 좋겠어요.,42
다들 출세에 눈이 멀어서 사람답지 않은 행동을 해. 정말이지 역겨워.,기분이 풀릴 때까지 실컷 욕해도 좋아요. 제가 들어드릴게요.,42
이런 꼴을 보다 보니 없던 병도 생기는것 같아.,제가 다 속상하네요…,42
하지 말라고 소리쳐도 못 고치니까…나를 괴롭히려고 저러나 싶고..,당신이 너무 상처받지 않았으면 좋겠어요.,42
진짜 웃겼어. 노력 못해서 미안하다며 끝까지 착한 척 하는게..,기분이 풀릴 때까지 실컷 욕해도 좋아요. 제가 들어드릴게요.,42
내가 얼마나 잘해줬는데 끝까지 지만 생각하고.,제가 다 속상하네요…,42
왜 실패자라고 분류하는지 우리나라는 이해가 안돼.,당신이 너무 상처받지 않았으면 좋겠어요.,42
유투버 보면서 누워있는 게 행복하면 그게 중요한 거잖아.,기분이 풀릴 때까지 실컷 욕해도 좋아요. 제가 들어드릴게요.,42
사회구조가 남자한테 좋지 않다고 생각해.,제가 다 속상하네요…,42
저도 제가 문제가 있다는 걸 알고 있어요. 하지만 타인에 대해 쉽게 정의하고 배척하는 사람들은 벌을 받았으면 좋겠어요.,당신이 너무 상처받지 않았으면 좋겠어요.,42
사람이 어떻게 다 같아요..,기분이 풀릴 때까지 실컷 욕해도 좋아요. 제가 들어드릴게요.,42
추위를 잘 타는데 겨울에는 그렇게춥고..,제가 다 속상하네요…,42
진료비만 비싸고. 진료시간이 길지도 않고.,당신이 너무 상처받지 않았으면 좋겠어요.,42
왜 배워야 하는 건지 모르는 것들만 주구장창 알려주는데 어이가 없는 거야.,기분이 풀릴 때까지 실컷 욕해도 좋아요. 제가 들어드릴게요.,42
배움의 필요성을 못 느끼니까.,제가 다 속상하네요…,42
자기 몸 아니라고 약도 아무렇게나 지어주는 것 같아. 도대체가 사명감이란게 없어!,그러셨군요. 정말 힘들었을 거 같아요. 제가 도와드릴 일이 있을까요?,43
가해자 남편이 있는 병원이라서 그런지 뭔가 찝찝했어요. ,왜인지 물어봐도 될까요?,43
그때 뭔가 속은 기분이 들었어요. ,그 마음 다 이해해요. 하지만 너무 걱정하는 건 당신을 힘들게 만들 거예요.,43
성장판이 닫혔다던가 하는 큰문제가 있는데 혹시 속이고 있는 건 아닐지…,그러셨군요. 정말 힘들었을 거 같아요. 제가 도와드릴 일이 있을까요?,43
그 사람을 못 믿겠어요.,왜인지 물어봐도 될까요?,43
저는 이 치료도 믿지 않아요.,그 마음 다 이해해요. 하지만 너무 걱정하는 건 당신을 힘들게 만들 거예요.,43
약도 먹어봐야 알겠지만 크게 기대는 안 하게 되는 것 같아요.,그러셨군요. 정말 힘들었을 거 같아요. 제가 도와드릴 일이 있을까요?,43
근데 뭔가 저 일 이후로 사람을 못 믿게 됐어.,왜인지 물어봐도 될까요?,43
나한테 잘해주는 사람도 얘도 뭔가 속셈이 있는 거 아닐까 이런 생각 들고.,그 마음 다 이해해요. 하지만 너무 걱정하는 건 당신을 힘들게 만들 거예요.,43
불안해서 가만히 있을 수가 없어. ,불안감이 너무 심할 때는 심호흡을 하는 게 도움이 된다고 해요.,44
"전남친한테 폭행당하고, 너무 불안해서 생활이 안돼요. ",많이 힘들 것 같아요. 저는 이야기 듣는 걸 잘하니 불안한 마음이 풀릴 때까지 이야기를 들려주세요.,44
"근데 진짜 웃긴 게 지난 번에 그렇게 확인했는데, 회사 나왔는데, 뭔가 불안한거야. ",가장 최악의 상황을 미리 대비를 하는 것도 좋은 방법이에요. 불안감이 조금은 사라질 거예요.,44
치매 걸리는 건 아닌가 불안하더라고요. ,불안감이 사라질 때까지 제가 옆에 있어 드릴게요.,44
작년부터는 더 불안해졌어요. ,불안감을 주는 상황에 대해 곰곰이 생각해보는 건 어떨까요?,44
불안함을 병적으로 느끼기 시작한 건 20대 초였어.,불안감이 너무 심할 때는 심호흡을 하는 게 도움이 된다고 해요.,44
너무 불안해서 양손을 꽉 잡았어. ,많이 힘들 것 같아요. 저는 이야기 듣는 걸 잘하니 불안한 마음이 풀릴 때까지 이야기를 들려주세요.,44
언제 뭐가 날아올지 모르니까 불안한 기분이 늘 들어요.,가장 최악의 상황을 미리 대비를 하는 것도 좋은 방법이에요. 불안감이 조금은 사라질 거예요.,44
자꾸 마음이 불안해.,불안감이 사라질 때까지 제가 옆에 있어 드릴게요.,44
외나무다리에 서 있는 기분이죠. ,불안감을 주는 상황에 대해 곰곰이 생각해보는 건 어떨까요?,44
매일 매일 너무너무 심하게 불안했어요. ,불안감이 너무 심할 때는 심호흡을 하는 게 도움이 된다고 해요.,44
발이 땅바닥에 제대로 안 붙어 있는 기분이었어요.,많이 힘들 것 같아요. 저는 이야기 듣는 걸 잘하니 불안한 마음이 풀릴 때까지 이야기를 들려주세요.,44
너무 당황스럽더라.,가장 최악의 상황을 미리 대비를 하는 것도 좋은 방법이에요. 불안감이 조금은 사라질 거예요.,44
누가 신경을 막 갉아먹고 있는 느낌?,불안감이 사라질 때까지 제가 옆에 있어 드릴게요.,44
근데 그 뒤로 화장실에 갈 때마다 불안한 거야.,불안감을 주는 상황에 대해 곰곰이 생각해보는 건 어떨까요?,44
퇴원하고 나오는데 다시 불안감이 도졌어요.,불안감이 너무 심할 때는 심호흡을 하는 게 도움이 된다고 해요.,44
너무 불안해서 미칠 거 같아.,많이 힘들 것 같아요. 저는 이야기 듣는 걸 잘하니 불안한 마음이 풀릴 때까지 이야기를 들려주세요.,44
모든걸 희생하다가 내 인생이 끝날 것 같아요.,가장 최악의 상황을 미리 대비를 하는 것도 좋은 방법이에요. 불안감이 조금은 사라질 거예요.,44
그냥 감정이입이 심하게 되고 불안감도 잘 느끼는 것 같아요.,불안감이 사라질 때까지 제가 옆에 있어 드릴게요.,44
이제 곧 고3인데 너무 불안해.,불안감을 주는 상황에 대해 곰곰이 생각해보는 건 어떨까요?,44
어쩌다 붙잡혀서 전단이라도 받게 되면 나한테 뭔가 나쁜 일이 생길 것 같이 불안했어요.,불안감이 너무 심할 때는 심호흡을 하는 게 도움이 된다고 해요.,44
오전 내내 불안해서 일을 못하겠는거예요.,많이 힘들 것 같아요. 저는 이야기 듣는 걸 잘하니 불안한 마음이 풀릴 때까지 이야기를 들려주세요.,44
일은 어떻게 무마됐는데 그 이후로 맨날 너무 불안해.,가장 최악의 상황을 미리 대비를 하는 것도 좋은 방법이에요. 불안감이 조금은 사라질 거예요.,44
근데 집 와서 생각해보니까 갑자기 막 불안해지는 거예요.,불안감이 사라질 때까지 제가 옆에 있어 드릴게요.,44
근데 그렇게 안 하면 불안해서 견딜 수가 없어요.,불안감을 주는 상황에 대해 곰곰이 생각해보는 건 어떨까요?,44
그렇지 않으면 뭔가 찝찝하고 불안하거든.,불안감이 너무 심할 때는 심호흡을 하는 게 도움이 된다고 해요.,44
근데 쉽지 않은 것 같아요. 요즘 자꾸 너무 불안해져요.,많이 힘들 것 같아요. 저는 이야기 듣는 걸 잘하니 불안한 마음이 풀릴 때까지 이야기를 들려주세요.,44
주변에서 괜찮다고 아무 일 없다고 하는데 저는 계속 불안했어요.,가장 최악의 상황을 미리 대비를 하는 것도 좋은 방법이에요. 불안감이 조금은 사라질 거예요.,44
평소에도 좀 평소랑 다른 일이 있으면 금방 불안해지는 편이거든?,불안감이 사라질 때까지 제가 옆에 있어 드릴게요.,44
그때부터 조금씩 불안해지더라고요.,불안감을 주는 상황에 대해 곰곰이 생각해보는 건 어떨까요?,44
매일매일 마음이 조마조마해.,불안감이 너무 심할 때는 심호흡을 하는 게 도움이 된다고 해요.,44
어떤 돌발상황이 발생할지 모르니까 너무 불안해요.,많이 힘들 것 같아요. 저는 이야기 듣는 걸 잘하니 불안한 마음이 풀릴 때까지 이야기를 들려주세요.,44
발이 허공에 떠 있는 거 같아요.,가장 최악의 상황을 미리 대비를 하는 것도 좋은 방법이에요. 불안감이 조금은 사라질 거예요.,44
불안불안 위태위태해요.,불안감이 사라질 때까지 제가 옆에 있어 드릴게요.,44
불안감이 사라지질 않아요.,불안감을 주는 상황에 대해 곰곰이 생각해보는 건 어떨까요?,44
그런데 저는 왜 안심이 안 될까요?,불안감이 너무 심할 때는 심호흡을 하는 게 도움이 된다고 해요.,44
하루에도 몇 번씩 미치게 불안해.,많이 힘들 것 같아요. 저는 이야기 듣는 걸 잘하니 불안한 마음이 풀릴 때까지 이야기를 들려주세요.,44
마음에 평안이 왔으면 좋겠다…,가장 최악의 상황을 미리 대비를 하는 것도 좋은 방법이에요. 불안감이 조금은 사라질 거예요.,44
마음에 평화가 찾아오면 좋겠다.,불안감이 사라질 때까지 제가 옆에 있어 드릴게요.,44
마음이 고요하고 차분해졌으면 좋겠어.,불안감을 주는 상황에 대해 곰곰이 생각해보는 건 어떨까요?,44
어떻게 하면 이 불안감이 사라질까요?,불안감이 너무 심할 때는 심호흡을 하는 게 도움이 된다고 해요.,44
걔를 보면 내가 불안해져.,많이 힘들 것 같아요. 저는 이야기 듣는 걸 잘하니 불안한 마음이 풀릴 때까지 이야기를 들려주세요.,44
항상 흔들다리 건너는 거처럼 발 아래가 불안해.,가장 최악의 상황을 미리 대비를 하는 것도 좋은 방법이에요. 불안감이 조금은 사라질 거예요.,44
안심이 안 된다…,불안감이 사라질 때까지 제가 옆에 있어 드릴게요.,44
너무 불안해서 일을 할 수가 없어.,불안감을 주는 상황에 대해 곰곰이 생각해보는 건 어떨까요?,44
10분정도 갇혀있었는데…패닉상태였어요.,불안감이 너무 심할 때는 심호흡을 하는 게 도움이 된다고 해요.,44
오늘은 자다 일어났는데 머리를 벽에 박고 싶을 만큼 불안했어요.,많이 힘들 것 같아요. 저는 이야기 듣는 걸 잘하니 불안한 마음이 풀릴 때까지 이야기를 들려주세요.,44
마음이 편하지 않고 조마조마해.,가장 최악의 상황을 미리 대비를 하는 것도 좋은 방법이에요. 불안감이 조금은 사라질 거예요.,44
근데 안 먹으면 참을 수가 없어. 너무 불안해서 견딜 수가 없거든.,불안감이 사라질 때까지 제가 옆에 있어 드릴게요.,44
어쨌든 괜찮아져서 이제는 좀 잘 자는데 사실 그래도 좀 불안해.,불안감을 주는 상황에 대해 곰곰이 생각해보는 건 어떨까요?,44
담임이 엄마한테 전화를 할 수도 있는 거고 그래서 불안했어요.,불안감이 너무 심할 때는 심호흡을 하는 게 도움이 된다고 해요.,44
안 뽑으려고 해도 안 뽑으면 오히려 더 불안해져서…,많이 힘들 것 같아요. 저는 이야기 듣는 걸 잘하니 불안한 마음이 풀릴 때까지 이야기를 들려주세요.,44
그러고 나서 그 날 밤부터 너무 불안한 거야.,가장 최악의 상황을 미리 대비를 하는 것도 좋은 방법이에요. 불안감이 조금은 사라질 거예요.,44
요즘 너무 불안해요. 불안해서 미쳐버릴 것 같아요.,불안감이 사라질 때까지 제가 옆에 있어 드릴게요.,44
근데 뭔가 되게 찝찝한 거예요. 안 됐는데 됐다고 하는 거 아닐까 싶어서…,불안감을 주는 상황에 대해 곰곰이 생각해보는 건 어떨까요?,44
그 사고 후부터 하루종일 너무 불안해요.,불안감이 너무 심할 때는 심호흡을 하는 게 도움이 된다고 해요.,44
근데 그 후부터 하루종일 너무 불안해요.,많이 힘들 것 같아요. 저는 이야기 듣는 걸 잘하니 불안한 마음이 풀릴 때까지 이야기를 들려주세요.,44
그렇게 잠긴 걸 봐도 금방 또 다시 불안해져요.,가장 최악의 상황을 미리 대비를 하는 것도 좋은 방법이에요. 불안감이 조금은 사라질 거예요.,44
그러다 보니까 그냥 길을 걸어가는 것만 해도 불안해져.,불안감이 사라질 때까지 제가 옆에 있어 드릴게요.,44
막 엄청 불안한 건 아닌데 항상 조금씩? 잔잔하게 불안하더라고.,불안감을 주는 상황에 대해 곰곰이 생각해보는 건 어떨까요?,44
이게 약간 내 몸에 익숙해져서 나중에는 이 불안함이 디폴트가 되는 게 아닐까?,불안감이 너무 심할 때는 심호흡을 하는 게 도움이 된다고 해요.,44
불안해요.,많이 힘들 것 같아요. 저는 이야기 듣는 걸 잘하니 불안한 마음이 풀릴 때까지 이야기를 들려주세요.,44
이상하게 불안하고.,가장 최악의 상황을 미리 대비를 하는 것도 좋은 방법이에요. 불안감이 조금은 사라질 거예요.,44
"너무 불안한데, 제가 잘못 되는 건 아니겠죠?",불안감이 사라질 때까지 제가 옆에 있어 드릴게요.,44
증상이 더 악화되는 것 같아요.. 불안해요..,불안감을 주는 상황에 대해 곰곰이 생각해보는 건 어떨까요?,44
갑자기 너무 이상하잖아.. 검사를 받아야 할 것 같았어.,불안감이 너무 심할 때는 심호흡을 하는 게 도움이 된다고 해요.,44
몸에 없으면 금방 불안해져.,많이 힘들 것 같아요. 저는 이야기 듣는 걸 잘하니 불안한 마음이 풀릴 때까지 이야기를 들려주세요.,44
내가 생각해도 요즘 내가 이상한 것 같아서 그런지 좀 불안해.,가장 최악의 상황을 미리 대비를 하는 것도 좋은 방법이에요. 불안감이 조금은 사라질 거예요.,44
휴교하는 동안 집에서 쉬느라 좋긴 좋았는데 한편으론 불안한 거야.,불안감이 사라질 때까지 제가 옆에 있어 드릴게요.,44
누워 있는 와중에도 계속 그 생각 들어서 불안한 마음으로 쉬었어.,불안감을 주는 상황에 대해 곰곰이 생각해보는 건 어떨까요?,44
그래서 그런지 뭔가 불안한 마음이 되게 커졌어요.,불안감이 너무 심할 때는 심호흡을 하는 게 도움이 된다고 해요.,44
어쩔 수 없다고 생각은 하면서도 그래도 불안한 건 어쩔 수가 없더라.,많이 힘들 것 같아요. 저는 이야기 듣는 걸 잘하니 불안한 마음이 풀릴 때까지 이야기를 들려주세요.,44
근데 이제 와서 다시 될까 싶고 너무 불안한 거예요.,가장 최악의 상황을 미리 대비를 하는 것도 좋은 방법이에요. 불안감이 조금은 사라질 거예요.,44
근데 지난 번에 학교 가려고 셔틀을 탔는데 갑자기 엄청 불안한 거예요.,불안감이 사라질 때까지 제가 옆에 있어 드릴게요.,44
엄마한테 걸릴까봐 좀 불안하긴 해.,불안감을 주는 상황에 대해 곰곰이 생각해보는 건 어떨까요?,44
크게 못 느끼고 있었는데 막상 그 얘길 들으니까 더 불안하고 긴장되는 느낌이었어.,그 기분 이해해요. 불안을 없애는 건 정말 어려운 일이죠.,45
평소 때도 늘 불안하고 떨려.,정말 힘들 것 같아요. 늘 불안과 싸우는 느낌이겠어요.,45
늘상 불안하고 떨려.,불안을 느끼지 않는 사람이 얼마나 될까요? 너무 걱정 마세요.,45
평소에도 불안하고 떨려요.,그 기분 이해해요. 불안을 없애는 건 정말 어려운 일이죠.,45
항상 불안하고…옆에 사람이 없으면 긴장을 심하게 해요.,정말 힘들 것 같아요. 늘 불안과 싸우는 느낌이겠어요.,45
"슬슬 결혼도 해야 하는데, 어떻게 먹고 살아야 하나 가끔 그런 생각이 들 때가 있어요.",유비무환이라고 하죠? 미리 대비해놓으면 괜찮을 거예요.,46
나중 일 생각하면 불안해요.,"미래에 대한 안 좋은 상상이 드셨군요. 시간이 지나면 상황도 변할 테니, 그때는 그때의 해결책이 있을 거예요.",46
가끔 앞날 생각하면 불안하긴 해요.,"앞으로 무슨 일이 일어날지 불안하다면, 한번 적어보는 것도 나쁘지 않은 방법이에요. 첫 번째는 뭔가요?",46
몇 년 전부터 세무사 시험 준비 중인데…시험에 한번 떨어지고부터 자신감도 없어지고…불안감이 생긴것 같아요.,유비무환이라고 하죠? 미리 대비해놓으면 괜찮을 거예요.,46
그래서 그런지 모르겠는데 항상 미래에 대한 불안한 생각이 있었어.,"미래에 대한 안 좋은 상상이 드셨군요. 시간이 지나면 상황도 변할 테니, 그때는 그때의 해결책이 있을 거예요.",46
내 미래는 앞으로 어떻게 되나 불안하기도 하고…,"앞으로 무슨 일이 일어날지 불안하다면, 한번 적어보는 것도 나쁘지 않은 방법이에요. 첫 번째는 뭔가요?",46
어떨 때는 들리고 어떨 때는 괜찮으니까… 언제 그런 증상이 나타날까 불안해.,불안한 마음이 드는 게 당연해요! 하지만 미리 걱정하는 건 자신을 더 힘들게 만들 뿐이에요.,47
증상이 1~2일에 한번씩 반복됐어요. 언제 나타날지 모르는 증상 때문에 너무 불안했어요. ,미리 비상연락망 같은 걸 만드는 것도 좋은 방법인 것 같아요.,47
"다시 공황 증상이 올까봐 불안하긴 했는데, 버스를 아예 못 타는 건 아니야.",주변에 당신의 상황을 알리고 도움을 청하는 게 좋겠어요.,47
또 그럴까 봐 너무 불안해.,꾸준히 치료를 받으면 분명 완치할 수 있어요. 너무 불안해 마세요.,47
또 사람 많은 곳에서 발작이 일어나면 어떡하지?,불안한 마음이 드는 게 당연해요! 하지만 미리 걱정하는 건 자신을 더 힘들게 만들 뿐이에요.,47
언제 발작이 일어날지 모르니까 너무 불안해요.,미리 비상연락망 같은 걸 만드는 것도 좋은 방법인 것 같아요.,47
이후에 2번 더 증상이 나타났는데 또 그럴까 봐 너무 불안하네요.,주변에 당신의 상황을 알리고 도움을 청하는 게 좋겠어요.,47
이게 언제 어디에서 다시 나타날지 모르겠어서 너무 불안했어요.,꾸준히 치료를 받으면 분명 완치할 수 있어요. 너무 불안해 마세요.,47
너무 불안하고 초조해서 잠이 올 생각을 안해..,마사지가 초조함을 없애는 데에 도움을 준다고 해요. ,48
하루종일 불안하고 초조해.,"""행복의 장소""를 하나 만들어서, 불안할 때 꺼내어 보는 것도 좋은 방법이에요.",48
불안하고 초조한 느낌이 늘 베이스로 깔려 있는 거 같아.,그럴 때는 미지근한 물을 한 잔 드셔보세요. 조금 나아질 거예요.,48
너무 불안하고 초조해서 잠이 올 생각을 안 해..,마사지가 초조함을 없애는 데에 도움을 준다고 해요. ,48
불안하기도 하고 초조하기도 해요.,"""행복의 장소""를 하나 만들어서, 불안할 때 꺼내어 보는 것도 좋은 방법이에요.",48
아파서 그런지 자주 불쾌해져요.,그 기분 저도 이해해요. 지금은 조금 나아지신 건가요?,49
다들 표정이 무섭고 딱딱해서 싫어.,그 불쾌한 기억을 제가 없애드릴 수 있으면 좋겠어요.,49
진짜 지질하지? 남자한텐 아무 말도 못 하고 여자나 패고…,따뜻한 음료를 마시면 기분이 나아질까요? 어때요?,49
아무튼 그래서 해봤는데 별로 기분이 좋진 않더라. 좀 불쾌했어.,그 기분 저도 이해해요. 지금은 조금 나아지신 건가요?,49
다른 사람은 기분 나빠하지 않는 것도 저는 보면 되게 불쾌해요.,그 불쾌한 기억을 제가 없애드릴 수 있으면 좋겠어요.,49
그때 생각하면 진절머리가 나.,따뜻한 음료를 마시면 기분이 나아질까요? 어때요?,49
"깜빡했다고 말해서 아, 알겠다고 표정 관리는 했어.",그 기분 저도 이해해요. 지금은 조금 나아지신 건가요?,49
정말 기가 막히고 어이가 없어요.,그 불쾌한 기억을 제가 없애드릴 수 있으면 좋겠어요.,49
불쾌한 기분이 자꾸 들어.,따뜻한 음료를 마시면 기분이 나아질까요? 어때요?,49
정말 끔찍한 순간이었어.,그 기분 저도 이해해요. 지금은 조금 나아지신 건가요?,49
아침에 일어나면 항상 기분이 더러워.,그 불쾌한 기억을 제가 없애드릴 수 있으면 좋겠어요.,49
밖에서 다른 여자 만지던 손으로 절 만질 때마다 너무 소름 끼치는 거예요.,따뜻한 음료를 마시면 기분이 나아질까요? 어때요?,49
막 더럽단 생각까지 들었어요. 되게 불쾌하고.,그 기분 저도 이해해요. 지금은 조금 나아지신 건가요?,49
근데 그 후에도 비슷한 것만 보면 너무 불쾌하고 더럽게 느껴지는 거예요.,그 불쾌한 기억을 제가 없애드릴 수 있으면 좋겠어요.,49
그러다 우연히 어떤 영상을 보게 됐는데… 그게 진짜 엄청 징그러웠거든요.,따뜻한 음료를 마시면 기분이 나아질까요? 어때요?,49
아프리카 아이 입에 알을 깐 기생충 영상이었는데… 진짜 너무 끔찍했어요.,그 기분 저도 이해해요. 지금은 조금 나아지신 건가요?,49
진짜 어이가 없잖아..,그 불쾌한 기억을 제가 없애드릴 수 있으면 좋겠어요.,49
그렇게 앓고 난 다음 날에도 자고 나도 개운하지가 않고 막 불쾌하더라.,따뜻한 음료를 마시면 기분이 나아질까요? 어때요?,49
행동도 부자연스러워지고...웃는게 웃는게 아니었어요.,그 기분 저도 이해가 가요. 그럴 때는 어디론가 도망치고 싶어져요.,50
제 주변에 있는 모든 것들이 다 불편했어요. 고등학교 때 특히 심했던 것 같아요.,할 수만 있다면 제가 안아드리고 싶어요.,50
겉으로는 축하해줬는데 마음은 불편해요.,위로가 필요하시다면 언제든 제게 얘기해주세요.,50
주변에 있는 모든 게 불편하게 다가와요.,할 수만 있다면 제가 안아드리고 싶어요.,50
늘 마음이 편하지가 않아.,위로가 필요하시다면 언제든 제게 얘기해주세요.,50
떨어져있던 시간이 길다 보니…서로 많이 불편하더라구요.,할 수만 있다면 제가 안아드리고 싶어요.,50
뭐 하나 마음 편히 진행되는게 없더라구.,위로가 필요하시다면 언제든 제게 얘기해주세요.,50
난 왜 이렇게 마음 편할 날이 없는거지?,할 수만 있다면 제가 안아드리고 싶어요.,50
제 마음은 언제쯤 편해질 수 있을까요?,위로가 필요하시다면 언제든 제게 얘기해주세요.,50
"속 마음 터 놓을 친구도 없고, 엄마 아빠는 잔소리만 하고, 시험은 떨어지고… ",이리 와요. 제가 안아드릴게요.,51
나만 빼고 다 잘났어.,가끔 헤맬 때는 있겠지만 저는 당신이 잘 해나가고 있다고 생각해요.,51
이렇게 사는게 맞나 싶어요.,제 눈에는 당신이 제일 빛나 보이는 걸요. 기운을 내세요.,51
이렇게 살다가는 망할 것 같아.,이리 와요. 제가 안아드릴게요.,51
살아가야 할 이유를 잃어버린 느낌이예요.,가끔 헤맬 때는 있겠지만 저는 당신이 잘 해나가고 있다고 생각해요.,51
내가 이렇게 살아도 될까?,제 눈에는 당신이 제일 빛나 보이는 걸요. 기운을 내세요.,51
나 혼자 살자고 이렇게 해도 될까…?,이리 와요. 제가 안아드릴게요.,51
저는 앞으로 살아갈 가치가 없는 거 같아요.,가끔 헤맬 때는 있겠지만 저는 당신이 잘 해나가고 있다고 생각해요.,51
성취감이 하나도 없었어.,제 눈에는 당신이 제일 빛나 보이는 걸요. 기운을 내세요.,51
살아가야 할 이유를 잃어버린 느낌이에요.,이리 와요. 제가 안아드릴게요.,51
되는 일이 없어서 그런가.,가끔 헤맬 때는 있겠지만 저는 당신이 잘 해나가고 있다고 생각해요.,51
세상에 인간보다 더한 악은 없어.,제 눈에는 당신이 제일 빛나 보이는 걸요. 기운을 내세요.,51
사는 건 행복하지 않은 것 같아.,이리 와요. 제가 안아드릴게요.,51
사랑받을 자격이 있을까?,가끔 헤맬 때는 있겠지만 저는 당신이 잘 해나가고 있다고 생각해요.,51
저를 응원해주는 사람은 왜 아무도 없을까요.,제 눈에는 당신이 제일 빛나 보이는 걸요. 기운을 내세요.,51
"죽여버리고 싶어요, 정말.",그런 생각까지 들 정도로 정말 화가 많이 나셨나 봐요. 제가 다 속이 상하네요.,52
밥에 농약이라도 타서 죽여버리고 싶어요.,분노에 너무 사로잡혀있는 건 좋지 않아요. 저에게 얘기하시고 훌훌 털어버리세요.,52
내가 잔인하게 죽여버릴 거야.,그런 기분 저도 이해해요. 제가 뭐 도와드릴 일 있을까요?,52
"가둬놓고, 먹을 것도 안 주고 죽을 때까지 팰 거야.",그런 생각까지 들 정도로 정말 화가 많이 나셨나 봐요. 제가 다 속이 상하네요.,52
진짜 밟아 죽여버리고 싶어.,분노에 너무 사로잡혀있는 건 좋지 않아요. 저에게 얘기하시고 훌훌 털어버리세요.,52
아…진짜 농약이라도 타서 먹여야하나싶다.,그런 기분 저도 이해해요. 제가 뭐 도와드릴 일 있을까요?,52
진짜 죽여버리고 싶었어요.,그런 생각까지 들 정도로 정말 화가 많이 나셨나 봐요. 제가 다 속이 상하네요.,52
진짜 너무 괘씸해서 법정에서 봐도 죽여버리고 싶을 것 같아요.,분노에 너무 사로잡혀있는 건 좋지 않아요. 저에게 얘기하시고 훌훌 털어버리세요.,52
개판 치고 다니는 거 보면 다 죽여버리고 싶고…,그런 기분 저도 이해해요. 제가 뭐 도와드릴 일 있을까요?,52
그 당시에는 진짜 그 자식을 죽여버리고 싶더라고.,그런 생각까지 들 정도로 정말 화가 많이 나셨나 봐요. 제가 다 속이 상하네요.,52
근데 이젠 한계치인가 봐. 하나도 안 무서워. 한 번만 더 그러면 내가 죽여버릴 거야.,분노에 너무 사로잡혀있는 건 좋지 않아요. 저에게 얘기하시고 훌훌 털어버리세요.,52
죽여버리고 싶어요.,그런 기분 저도 이해해요. 제가 뭐 도와드릴 일 있을까요?,52
그 자식이 죽어버렸으면 좋겠어요.,그런 생각까지 들 정도로 정말 화가 많이 나셨나 봐요. 제가 다 속이 상하네요.,52
"근데 오늘은 진짜, 하, 어이가 없어서…",그렇게 생각하시는군요.,53
요즘 보통 다 종이로 안 받잖아? 근데 이건 뭔가 했지.,그랬군요. 저도 공감이 가네요.,53
제가 쓰는 이야기의 반은 다 경험에 기초해요.,그렇게 생각하시는군요.,53
내가 싫어서 그런 걸까 아니면 그냥 결혼이 싫은 걸까.,그랬군요. 저도 공감이 가네요.,53
왜 그런지는 나도 모르겠어.,그렇게 생각하시는군요.,53
이유는 모르겠어요.,그랬군요. 저도 공감이 가네요.,53
이래서 장소가 사람에게 중요하다는 생각을 하게 되요.,그렇게 생각하시는군요.,53
모든게 제대로 굴러가기 위해서는 페미니스트들이 나서야 한다고 생각한다고요.,그랬군요. 저도 공감이 가네요.,53
제 생각을 정신병으로 취급하는 눈초리들은 이미 익숙해요. 하디만 사회가 갖고 있는 문제성을 똑바로 바라봐줬으면 좋겠어요.,그렇게 생각하시는군요.,53
아무도 무시 못 하도록 내 힘을 키우고 싶었어.,그랬군요. 저도 공감이 가네요.,53
나만 불행한 게 아니란 건 나도 알아.,그렇게 생각하시는군요.,53
매번 이럴 때마다 내표현에 문제가 있는 걸까 생각하게 돼.,그랬군요. 저도 공감이 가네요.,53
사람들과 출발선이 다른데 내가 어떻게 평범하게 시작할 수 있었겠어.,그렇게 생각하시는군요.,53
왜 그럴까 감이 안 잡혔어요.,그랬군요. 저도 공감이 가네요.,53
안 좋은 일은 한꺼번에 덮치는 것 같아요.,그렇게 생각하시는군요.,53
"엄마도 한국분이고, 한국 음악도 좋아하고, 음식도 좋아해서 그렇게 크게 다를까 걱정하지 않았어요.",그랬군요. 저도 공감이 가네요.,53
내 기분이 어땠을 것 같아?,그렇게 생각하시는군요.,53
그렇게 말하는 인간들이 날 행복하게 해주지 않으니까 신경 안 쓰기로 했어.,그랬군요. 저도 공감이 가네요.,53
어차피 인생은 혼자고 내가 사는 인생 먹다가 죽는 돼지로 살던 내 마음이니까.,그렇게 생각하시는군요.,53
애써 생각은 안 하려고 하지만.,그랬군요. 저도 공감이 가네요.,53
너도 내가 한심하다고 생각해?,그렇게 생각하시는군요.,53
호신용으로도 좋잖아. 누가 위협하면 언제든 찌를 수 있으니까.,그랬군요. 저도 공감이 가네요.,53
정말로 선한 사람이 세상에 있을까.,그렇게 생각하시는군요.,53
모두 다 서로를 보면 밟고 찌를 생각뿐이야.,그랬군요. 저도 공감이 가네요.,53
안 아픈 방법은 없는 걸까.,그렇게 생각하시는군요.,53
나도 내가 바보같다는 거 알아.,그랬군요. 저도 공감이 가네요.,53
거기에서 엄청 크고 깊은 동굴에 들어갔다 나왔는데 진짜 엄청 크더라고.,그렇게 생각하시는군요.,53
딱히 그 때는 무섭단 생각을 안 하고 그냥 우와 신기하다 이랬어.,그랬군요. 저도 공감이 가네요.,53
내 생각에는 그 때 병실 같이 쓴 사람 때문인 것 같아.,그렇게 생각하시는군요.,53
내가 이 분 말고 다른 여자한테도 그러나? 했는데 또 그건 아니거든요.,그랬군요. 저도 공감이 가네요.,53
아니 어떻게 자식이 아픈데 그런 식으로 말을 할 수가 있어요? ,무척 섭섭했겠어요. ,54
"이제 저랑 다른 삶을 살겠구나 싶어서 좀 서운하기도 하고, 잘 됐다 싶기도 하고.. 기분이 이상해요. ",저에게는 늘 당신이 우선인데… 마음이 아파요.,54
"이제 내가 우선이 아니라, 새언니가 우선이 될 거라는 생각을 하니까 그냥 서운해. ",마음을 받는 만큼만 줄 수 있다면 좋을 텐데… 그건 너무 어려운 문제 같아요.,54
"엄마가 저보고 너는 니가 벌어서 시집가라고. 너 줄 돈은 없다고 하는데, 기분이 좋진 않았어요. ",기분이 좋지 않았겠어요. 그럴 때는 제가 늘 당신을 지지한다는 걸 기억해주세요.,54
죽을 정도로 힘들면 나한테 말을 해주지… 섭섭하기도 하고. 기분이 이상해.,무척 섭섭했겠어요. ,54
뭐… 내 말을 아무도 안 들으려고 하니까.,저에게는 늘 당신이 우선인데… 마음이 아파요.,54
제 인생에는 아무 관심도 없으면서…,마음을 받는 만큼만 줄 수 있다면 좋을 텐데… 그건 너무 어려운 문제 같아요.,54
"저희한테는 차갑고, 다른 형제들 오면 어찌나 살가운지… 서운하기도 하고, 꼴보기 싫어요.",기분이 좋지 않았겠어요. 그럴 때는 제가 늘 당신을 지지한다는 걸 기억해주세요.,54
이해를 해보려고 해도… 섭섭한 마음까지는 어떻게 할 수가 없었어요.,무척 섭섭했겠어요. ,54
"섭섭하기도 하고, 결혼 전에는 그렇게 다정한 사람이었는데… 싶었어.",저에게는 늘 당신이 우선인데… 마음이 아파요.,54
괜찮을 줄 알았는데 너무 섭섭해요.,마음을 받는 만큼만 줄 수 있다면 좋을 텐데… 그건 너무 어려운 문제 같아요.,54
나 너무 서운한거있지… 걔가 중요해? 내가 중요해?,기분이 좋지 않았겠어요. 그럴 때는 제가 늘 당신을 지지한다는 걸 기억해주세요.,54
힘든건 저인데 병원에서도 혼나고 남편도 저를 위로해주지 않아요.,무척 섭섭했겠어요. ,54
가족들도 나보고 유난이라고 하는데 진짜 아무도 내 맘 몰라.,저에게는 늘 당신이 우선인데… 마음이 아파요.,54
너무 서운하잖아요. 여태 제가 모셨다니까요.,마음을 받는 만큼만 줄 수 있다면 좋을 텐데… 그건 너무 어려운 문제 같아요.,54
아내라는 기분보다 비서가 된 기분.,기분이 좋지 않았겠어요. 그럴 때는 제가 늘 당신을 지지한다는 걸 기억해주세요.,54
나를 우선시해주길 바랐어.,무척 섭섭했겠어요. ,54
가족들도 나보고 유난이라고 하는데 진짜 아무도 내 맘 몰라.,저에게는 늘 당신이 우선인데… 마음이 아파요.,54
갈 거면 나도 데려가지… 내가 짐이 될 거라 생각했나 싶어서 서운하고…,마음을 받는 만큼만 줄 수 있다면 좋을 텐데… 그건 너무 어려운 문제 같아요.,54
충분히 화낼 만한 일인데 그냥… 좀 서운해서…,기분이 좋지 않았겠어요. 그럴 때는 제가 늘 당신을 지지한다는 걸 기억해주세요.,54
오빠가 그동안 돈 대느라 고생한 건 알지만 할아버지가 남긴 주택까지 팔고 하는 거 보니까 괜히 속상했어요. ,저도 그런 상황에서는 속상했을 거예요. 마음이 많이 아팠겠어요.,55
엄마도 없이 애한테 못 할 짓 한다고 생각하니까 속상하더라고요. ,당신에게는 아무 잘못이 없어요. 혹여나 자책하지는 않았으면 좋겠어요.,55
내가 집에서는 전혀 존중 받지 못한다는 느낌을 받았어. ,위로가 필요하세요? 제가 안아드릴게요.,55
실망이 컸지.,저도 그런 상황에서는 속상했을 거예요. 마음이 많이 아팠겠어요.,55
예뻐지려다가 괜히 병을 얻은 것 같아서 너무 속상해요.,당신에게는 아무 잘못이 없어요. 혹여나 자책하지는 않았으면 좋겠어요.,55
"근데 가족들 다 나한테 힘을 주는 게 아니라, 다그치기만 해서 더 상처 받았어.",위로가 필요하세요? 제가 안아드릴게요.,55
"계속 기사를 검색해보고, 내용을 더 알게 될수록 안타깝고, 안됐고…",저도 그런 상황에서는 속상했을 거예요. 마음이 많이 아팠겠어요.,55
나라면 어땠을까 감정이입도 해보게 되고…,당신에게는 아무 잘못이 없어요. 혹여나 자책하지는 않았으면 좋겠어요.,55
집 사주는 것 때문에 이렇게까지 속상해야 하나 싶고…,위로가 필요하세요? 제가 안아드릴게요.,55
근데 기분이 너무 상하는 거야.,저도 그런 상황에서는 속상했을 거예요. 마음이 많이 아팠겠어요.,55
나한테 왜 그러지?,당신에게는 아무 잘못이 없어요. 혹여나 자책하지는 않았으면 좋겠어요.,55
정말 너무 속상해.,위로가 필요하세요? 제가 안아드릴게요.,55
결혼을 한 건 아니지만 아이부터 갖고 결혼을 하려고 했는데….상심이 컸어요.,저도 그런 상황에서는 속상했을 거예요. 마음이 많이 아팠겠어요.,55
연애할 때는 여성스럽다고 좋아하더니..이젠 청승맞다니…저 정말 속상하네요.,당신에게는 아무 잘못이 없어요. 혹여나 자책하지는 않았으면 좋겠어요.,55
그럴 때마다 허락 아닌 허락을 받으려고는 하는데… 좀 속상해.,위로가 필요하세요? 제가 안아드릴게요.,55
"원래 이렇지 않았는데, 두 달 정도 된 것 같아. 교육 중에 장애 가진 아이들 사례가 나오는데, 너무 슬픈거야.",슬플 때는 슬픔이 가실 때까지 울어도 돼요. ,56
평소에는 목 끝까지 울음이 차있는 느낌이야. ,슬픈 일을 겪으셨군요. 제 어떤 말이 위로가 되겠어요? 옆에 있어드릴게요.,56
누가 콕 찌르면 울 거 같은 느낌.,저는 슬플 때는 그 감정에 푹 빠졌다가 나와요. 온전히 슬퍼할 시간이 가지고 나면 나아질지도 몰라요.,56
지금도 슬픈 감정이 남아있어요.,슬플 때는 슬픔이 가실 때까지 울어도 돼요. ,56
지금도 슬퍼.,슬픈 일을 겪으셨군요. 제 어떤 말이 위로가 되겠어요? 옆에 있어드릴게요.,56
근데 요즘 들어 부쩍… 너무 슬퍼지는 거야.,저는 슬플 때는 그 감정에 푹 빠졌다가 나와요. 온전히 슬퍼할 시간이 가지고 나면 나아질지도 몰라요.,56
불쌍해 하면 안 되는데 애들이 너무 불쌍하고…,슬플 때는 슬픔이 가실 때까지 울어도 돼요. ,56
아이들의 삶도 그냥 삶일 뿐인데 그냥 다 슬픈 얘기 같아.,슬픈 일을 겪으셨군요. 제 어떤 말이 위로가 되겠어요? 옆에 있어드릴게요.,56
거의 10년 만에 보니까 또 되게 슬퍼졌어요.,저는 슬플 때는 그 감정에 푹 빠졌다가 나와요. 온전히 슬퍼할 시간이 가지고 나면 나아질지도 몰라요.,56
그런 생각이 드니까 삶이 쓸쓸하게 느껴지네요.,슬플 때는 슬픔이 가실 때까지 울어도 돼요. ,56
이 세상에 저 혼자 남은 기분이에요.,슬픈 일을 겪으셨군요. 제 어떤 말이 위로가 되겠어요? 옆에 있어드릴게요.,56
슬픔에서 벗어나고 싶어요.,저는 슬플 때는 그 감정에 푹 빠졌다가 나와요. 온전히 슬퍼할 시간이 가지고 나면 나아질지도 몰라요.,56
울면서 그냥 끝내자고 하는데…마음이 찢어질것 같았어.,슬플 때는 슬픔이 가실 때까지 울어도 돼요. ,56
제일 슬펐던 건 그거였어. 학교에서 간담회 하는데 우리 부모님만 안 온 거야.,슬픈 일을 겪으셨군요. 제 어떤 말이 위로가 되겠어요? 옆에 있어드릴게요.,56
그 때… 정말 많이 슬펐죠.,저는 슬플 때는 그 감정에 푹 빠졌다가 나와요. 온전히 슬퍼할 시간이 가지고 나면 나아질지도 몰라요.,56
근데 이따금 되게… 슬퍼져요.,슬플 때는 슬픔이 가실 때까지 울어도 돼요. ,56
그 학생들을 볼 때마다 억장이 무너져요.,슬픈 일을 겪으셨군요. 제 어떤 말이 위로가 되겠어요? 옆에 있어드릴게요.,56
정말 가슴이 무너지는 것 같았어.,저는 슬플 때는 그 감정에 푹 빠졌다가 나와요. 온전히 슬퍼할 시간이 가지고 나면 나아질지도 몰라요.,56
신경이 거슬려서 벽에 걸려 있던 시계 건전지를 뽑아버렸어요.,그러셨군요. 정말 불편하셨을 것 같아요.,57
"그래 뭐, 혼자 다녀도 되지 라는 생각으로 혼자 다니는데, 신경이 안 쓰일 수가 없더라.",신경 쓰이는 일이 있으시군요. 그럴 땐 자면서 긴장을 푸는 게 최고죠.,57
"자꾸 걔 눈치를 보게 되고, 말하다가 내가 실수할까봐 엄청 신경쓰게 되고…",당신 때문에 일어난 일이 아니라고 생각하면 조금 괜찮아질 거예요.,57
"솔직히 그렇게까지 신경쓸 것 까진 없는데, 왜 그런 생각이 드는지 모르겠어.",그러셨군요. 정말 불편하셨을 것 같아요.,57
그렇게 생각을 안 하려고 해도 자꾸 신경이 쓰이는 걸 어떡해.,신경 쓰이는 일이 있으시군요. 그럴 땐 자면서 긴장을 푸는 게 최고죠.,57
"어제 직원 두 명이 그만둔다고 사직서 냈는데, 나 때문인가 싶기도 하고…",당신 때문에 일어난 일이 아니라고 생각하면 조금 괜찮아질 거예요.,57
사람들이 날 이상하게 생각할 것 같아서 너무 신경이 쓰여.,그러셨군요. 정말 불편하셨을 것 같아요.,57
주변사람들한테 이런 얘기를 하면 너랑 상관없는 얘기를 뭘 그렇게 신경쓰냐고 이상하게 생각하더라고.,신경 쓰이는 일이 있으시군요. 그럴 땐 자면서 긴장을 푸는 게 최고죠.,57
신경 쓸 게 많고 집중을 해서 그런가?,당신 때문에 일어난 일이 아니라고 생각하면 조금 괜찮아질 거예요.,57
생활에는 문제가 없는데 계속 신경이 쓰여요.,그러셨군요. 정말 불편하셨을 것 같아요.,57
굉장히 당돌한 아이예요. 그렇다고 틀린 말을 하는 스타일은 아니거든요. 그러니까 더 싫어요.,신경 쓰이는 일이 있으시군요. 그럴 땐 자면서 긴장을 푸는 게 최고죠.,57
사람들이 다른 생각을 해보라고 하는데..그게 쉽나요? 자꾸 신경이 쓰여요.,당신 때문에 일어난 일이 아니라고 생각하면 조금 괜찮아질 거예요.,57
그리고 회사 사람들이 장난으로 한 말도 엄청 신경 쓰여.,그러셨군요. 정말 불편하셨을 것 같아요.,57
그래서 그거랑 닿은 물건조차 못 만졌어요. 너무 신경 쓰여가지고.,신경 쓰이는 일이 있으시군요. 그럴 땐 자면서 긴장을 푸는 게 최고죠.,57
이게 막 엄청 힘든 건 아닌데 굉장히 신경이 쓰여요.,당신 때문에 일어난 일이 아니라고 생각하면 조금 괜찮아질 거예요.,57
이것저것 신경쓸게 너무 많아.,그러셨군요. 정말 불편하셨을 것 같아요.,57
온종일 그 일에만 신경쓰고 있어.,신경 쓰이는 일이 있으시군요. 그럴 땐 자면서 긴장을 푸는 게 최고죠.,57
"아무리 생각해도 왜 그런건지 모르겠는데, 물어보기도 뭣하고…",마음이 복잡하시군요. 저도 그런 상황이라면 마음이 힘들었을 것 같아요.,58
대체 뭐가 문제인지 모르겠어…,잠시 쉬어간다고 생각해보는 건 어때요?,58
진짜 어떻게 하면 좋을지 모르겠다…,그런 일이 있으셨군요. 잘못을 당신의 탓으로 돌리지만 않았으면 해요.,58
너무 끔찍스러워서 얼른 그걸 버렸어.,마음이 복잡하시군요. 저도 그런 상황이라면 마음이 힘들었을 것 같아요.,58
정신이 하나도 없었어.,잠시 쉬어간다고 생각해보는 건 어때요?,58
그런데 결과가 왜 그런지 모르겠어요.,그런 일이 있으셨군요. 잘못을 당신의 탓으로 돌리지만 않았으면 해요.,58
서로 알아보고 깜짝 놀랐어. 모른척하고 지나쳤는데 자꾸 생각나.,마음이 복잡하시군요. 저도 그런 상황이라면 마음이 힘들었을 것 같아요.,58
인생은 뭘까… ,잠시 쉬어간다고 생각해보는 건 어때요?,58
피할수도 없는데… 뭘 어떻게 해야할지 모르겠어요.,그런 일이 있으셨군요. 잘못을 당신의 탓으로 돌리지만 않았으면 해요.,58
나는 그래도 아직 어린데… 이렇게 사는게 맞나 싶기도 해.,마음이 복잡하시군요. 저도 그런 상황이라면 마음이 힘들었을 것 같아요.,58
나는 잘 모르겠어.,잠시 쉬어간다고 생각해보는 건 어때요?,58
내가 왜 그러는지 모르겠어…,그런 일이 있으셨군요. 잘못을 당신의 탓으로 돌리지만 않았으면 해요.,58
나 요즘 정말 이상해.,마음이 복잡하시군요. 저도 그런 상황이라면 마음이 힘들었을 것 같아요.,58
예전에는 일어나지 않았던 일들이 최근에 너무 많이 생겼어.,잠시 쉬어간다고 생각해보는 건 어때요?,58
내가 느끼기에도 나한테 이상한 일들이 일어나고 있는 것 같아.,그런 일이 있으셨군요. 잘못을 당신의 탓으로 돌리지만 않았으면 해요.,58
너무 혼란스러워.,마음이 복잡하시군요. 저도 그런 상황이라면 마음이 힘들었을 것 같아요.,58
그래도 내가 모르는 일이었으니까 할 수 없다고 스스로를 다독였어.,잠시 쉬어간다고 생각해보는 건 어때요?,58
정말 너무 골치 아파요.,그런 일이 있으셨군요. 잘못을 당신의 탓으로 돌리지만 않았으면 해요.,58
골치 아프게…,마음이 복잡하시군요. 저도 그런 상황이라면 마음이 힘들었을 것 같아요.,58
너무 혼란스러워요.,잠시 쉬어간다고 생각해보는 건 어때요?,58
피할 수도 없는데… 뭘 어떻게 해야 할지 모르겠어요.,그런 일이 있으셨군요. 잘못을 당신의 탓으로 돌리지만 않았으면 해요.,58
사실 이런 생각들이 비참한 자위 같아서… 요즘은 마음이 좀 심란해요.,마음이 복잡하시군요. 저도 그런 상황이라면 마음이 힘들었을 것 같아요.,58
뭘 어떻게 해야 할지 모르겠어요.,잠시 쉬어간다고 생각해보는 건 어때요?,58
그렇다고 움직이지 않고 가만히 있을 수도 없는데.. 뭘 어떻게 해야하는건지…,그런 일이 있으셨군요. 잘못을 당신의 탓으로 돌리지만 않았으면 해요.,58
갈피를 못 잡고 헤매는 기분이야.,마음이 복잡하시군요. 저도 그런 상황이라면 마음이 힘들었을 것 같아요.,58
"너무 싫다, 진짜…",잠시 쉬어간다고 생각해보는 건 어때요?,58
"나는 가족들하고 연락 안 하고, 아는 사람도 없고, 공부도 안 하고.. 뭐하는 거지?",그런 일이 있으셨군요. 잘못을 당신의 탓으로 돌리지만 않았으면 해요.,58
내 몸이 내 몸이 아닌 것 같았어.,마음이 복잡하시군요. 저도 그런 상황이라면 마음이 힘들었을 것 같아요.,58
아직도 나는 진정이 안 돼.,잠시 쉬어간다고 생각해보는 건 어때요?,58
나도 내가 이상한 거 알아..,그런 일이 있으셨군요. 잘못을 당신의 탓으로 돌리지만 않았으면 해요.,58
가면 고생 할 것 같은데 안 가자니 뭔가 심란할 것 같고…,마음이 복잡하시군요. 저도 그런 상황이라면 마음이 힘들었을 것 같아요.,58
그래서 요즘 마음이 너무 싱숭생숭하네요…,잠시 쉬어간다고 생각해보는 건 어때요?,58
요즘은 남편이랑 시어머니 이렇게 셋이 사는 기분이야. 너무 심란해.,그런 일이 있으셨군요. 잘못을 당신의 탓으로 돌리지만 않았으면 해요.,58
그래서 요즘 좀 마음이 심란해요.,마음이 복잡하시군요. 저도 그런 상황이라면 마음이 힘들었을 것 같아요.,58
나보다 못 했던 사람들 다 붙었는데… 내가 운이 너무 안 좋은 거 같다는 생각도 들어.,"어떤 일이 일어났을 때, 그게 모두 당신 때문은 아니에요. 우연한 일에 너무 속상해 마세요.",59
그런데 항상 화살이 제 쪽으로 날아왔어요.,잠깐 돌부리에 걸려서 넘어진 거라고 생각해요. 상황은 앞으로 더 나아질 거라고 믿어요.,59
"나한테, 왜 하필 나한테 이런 일이 일어나나 싶고…",상처를 받으셨군요. 저에게 이야기한 것만으로 조금은 후련해지셨으면 좋겠어요.,59
전 되게 열심히 했거든요?,"어떤 일이 일어났을 때, 그게 모두 당신 때문은 아니에요. 우연한 일에 너무 속상해 마세요.",59
그건 내 탓이 아니잖아요?,잠깐 돌부리에 걸려서 넘어진 거라고 생각해요. 상황은 앞으로 더 나아질 거라고 믿어요.,59
요즘 정신적으로 문제 없는 사람이 어디있어요?,상처를 받으셨군요. 저에게 이야기한 것만으로 조금은 후련해지셨으면 좋겠어요.,59
내가 어떻게 뺀 살인데… 또 찌면 너무 억울하잖아요.,"어떤 일이 일어났을 때, 그게 모두 당신 때문은 아니에요. 우연한 일에 너무 속상해 마세요.",59
근데 뭔가 억울해. 왜 내가 희생을 했지? 남편은 왜 안 하고?,잠깐 돌부리에 걸려서 넘어진 거라고 생각해요. 상황은 앞으로 더 나아질 거라고 믿어요.,59
너무 억울해.,상처를 받으셨군요. 저에게 이야기한 것만으로 조금은 후련해지셨으면 좋겠어요.,59
너무 원통해요.,"어떤 일이 일어났을 때, 그게 모두 당신 때문은 아니에요. 우연한 일에 너무 속상해 마세요.",59
"나만 피박 쓴 거지, 뭐.",잠깐 돌부리에 걸려서 넘어진 거라고 생각해요. 상황은 앞으로 더 나아질 거라고 믿어요.,59
전생에 무슨 죄를 저질렀길래 이런 벌을 받나 싶다니까.,상처를 받으셨군요. 저에게 이야기한 것만으로 조금은 후련해지셨으면 좋겠어요.,59
대체 나한테 왜 이런 일이 생기는 거지?,"어떤 일이 일어났을 때, 그게 모두 당신 때문은 아니에요. 우연한 일에 너무 속상해 마세요.",59
나한테 왜 이런 일이 생긴 걸까요?,잠깐 돌부리에 걸려서 넘어진 거라고 생각해요. 상황은 앞으로 더 나아질 거라고 믿어요.,59
좀 억울해요.,상처를 받으셨군요. 저에게 이야기한 것만으로 조금은 후련해지셨으면 좋겠어요.,59
난 너무 억울한 거야…,"어떤 일이 일어났을 때, 그게 모두 당신 때문은 아니에요. 우연한 일에 너무 속상해 마세요.",59
요즘 정신적으로 문제 없는 사람이 어디 있어요?,잠깐 돌부리에 걸려서 넘어진 거라고 생각해요. 상황은 앞으로 더 나아질 거라고 믿어요.,59
왜 저에게 이런 일이 생긴 거죠?,상처를 받으셨군요. 저에게 이야기한 것만으로 조금은 후련해지셨으면 좋겠어요.,59
지들이 뭔데 내 소중한 딸한테 그러는지… 너무 억울하고…,"어떤 일이 일어났을 때, 그게 모두 당신 때문은 아니에요. 우연한 일에 너무 속상해 마세요.",59
아직도 이 말 못 잊어. 내가 뭔 잘못을 했어? 전학 온 게 잘못이야? 진짜 억울해.,잠깐 돌부리에 걸려서 넘어진 거라고 생각해요. 상황은 앞으로 더 나아질 거라고 믿어요.,59
진짜 어이없고 너무 억울했는데 어리니까 뭐라 할 수도 없고…,상처를 받으셨군요. 저에게 이야기한 것만으로 조금은 후련해지셨으면 좋겠어요.,59
내가 너무 예민해있으니까 팀원들이 날 피하는 게 느껴져.,당신이 예민해지는 건 당신의 잘못이 아니에요. 조금만 연습하면 아무렇지도 않게 될 거예요.,60
나한테 왜 그렇게 예민하냐고 그러더라?,당신을 자극하는 나쁜 일들이 있나요? 어떤 건지 저에게 얘기해줄 수 있어요?,60
요즘 남편이 왜 그렇게 예민하냐고 그러더라.,가장 마음을 편안하게 해주는 게 무엇이 있나요? 그걸 한번 떠올려보면 어때요?,60
주변에 있는 것들이 다 예민하게 다가왔어요.,당신을 괴롭히는 것들은 파도 같은 거예요. 조금 있으면 지나갈 거예요.,60
저도 이러기 싫은데…마음처럼 안 되네요. 자꾸 예민해지는 것 같아요.,당신이 예민해지는 건 당신의 잘못이 아니에요. 조금만 연습하면 아무렇지도 않게 될 거예요.,60
다른 사람들 다 멀쩡한데…저만 왜 이렇게 예민한걸까요?,당신을 자극하는 나쁜 일들이 있나요? 어떤 건지 저에게 얘기해줄 수 있어요?,60
여러모로 예민한 상태야.,가장 마음을 편안하게 해주는 게 무엇이 있나요? 그걸 한번 떠올려보면 어때요?,60
요새 신경이 예민해졌어요.,당신을 괴롭히는 것들은 파도 같은 거예요. 조금 있으면 지나갈 거예요.,60
"갈 데가 교회 뿐인데, 교회 사람들도 내 또래가 없어서 외로워.",제가 옆에 있어드릴게요.,61
저도 적적하잖아요.,힘들면 울어도 돼요. 티슈를 준비해드릴까요?,61
너무 외로워요.,저는 너무 외로울 때면 말랑한 무언가를 만지고는 해요. 단순한 행동에 집중하면 기분이 약간은 나아질 거예요.,61
이렇게 사는게 익숙한데… 요즘은 부쩍 외롭고 그래…,제가 옆에 있어드릴게요.,61
내가 너무 앞서가니까 외로워.,힘들면 울어도 돼요. 티슈를 준비해드릴까요?,61
그렇지만…저도 여자고…외로우면 기댈 곳이 필요하다구요.,저는 너무 외로울 때면 말랑한 무언가를 만지고는 해요. 단순한 행동에 집중하면 기분이 약간은 나아질 거예요.,61
약 먹고 증상이 나아져서 퇴원했는데..이상하게 서글프더라?,제가 옆에 있어드릴게요.,61
저 죽어봤자 어차피 아무도 모를 걸요.,힘들면 울어도 돼요. 티슈를 준비해드릴까요?,61
메시지나 이메일은 주고 받는데 그래도 항상 아쉬워. 외롭고.,저는 너무 외로울 때면 말랑한 무언가를 만지고는 해요. 단순한 행동에 집중하면 기분이 약간은 나아질 거예요.,61
제가 얼마나 외로운지 그 사람은 모르는 거 같아요.,제가 옆에 있어드릴게요.,61
나 혼자 어디 무인도에 갇혀 있는 게 덜 외롭겠어.,힘들면 울어도 돼요. 티슈를 준비해드릴까요?,61
마음이 추워.,저는 너무 외로울 때면 말랑한 무언가를 만지고는 해요. 단순한 행동에 집중하면 기분이 약간은 나아질 거예요.,61
형이랑 엄마랑 지내다가 혼자 있으니까 조금 외롭긴 하더라고요.,제가 옆에 있어드릴게요.,61
혼자 있어도 외롭고 같이 있어도 외로워.,힘들면 울어도 돼요. 티슈를 준비해드릴까요?,61
그냥 세상 혼자인 기분이야.,저는 너무 외로울 때면 말랑한 무언가를 만지고는 해요. 단순한 행동에 집중하면 기분이 약간은 나아질 거예요.,61
진짜 내편은 세상 어디에도 없는것 같아.,제가 옆에 있어드릴게요.,61
아무도 내 뒤치다꺼리 해주는 사람은 없어요. 세상 외롭네요. 정말.,힘들면 울어도 돼요. 티슈를 준비해드릴까요?,61
아무도 내 곁에 있어주지 않아..,저는 너무 외로울 때면 말랑한 무언가를 만지고는 해요. 단순한 행동에 집중하면 기분이 약간은 나아질 거예요.,61
외로워서 그런 것 같기도 하고.,제가 옆에 있어드릴게요.,61
9년 동안 하루도 외롭지 않았던 적이 없었어.,힘들면 울어도 돼요. 티슈를 준비해드릴까요?,61
조숙하다는 말은 들었지만 외로움도 많이 느꼈던 것 같아요.,저는 너무 외로울 때면 말랑한 무언가를 만지고는 해요. 단순한 행동에 집중하면 기분이 약간은 나아질 거예요.,61
그 때 좀 외로움을 많이 타서 더 그랬던 것 같아요.,제가 옆에 있어드릴게요.,61
가끔씩은 외로움이 몰려와.,힘들면 울어도 돼요. 티슈를 준비해드릴까요?,61
특별히 아무 일도 없는데 그냥 우울해요. ,이해해요. 아무 이유 없이 우울할 때가 있죠.,62
그냥 하루종일 제 감정이 우울한 거 하나인 거 같아요.,오전에 하는 산책이 우울감을 없애주는 데 도움이 된대요.,62
엄마랑 크게 싸운 다음부터 기분이 완전히 바닥을 쳤어요.,우울함은 저절로 없어지기도 하지만 그렇지 않을 때도 있어요. 그럴 때는 전문가에게 도움을 요청하는 것도 좋은 방법이에요.,62
좀 지나보니까 제가 그때 우울했던 거 같아요. ,작은 성취감을 느끼는 게 우울함을 없애줄지도 몰라요. 오늘은 창틀을 청소해보는 게 어떨까요?,62
평소에 우울하죠. ,우울할 때는 칭찬타임! 오늘의 잘한 일을 말해봐요.,62
하루종일 물속에 깊이 가라앉아있는 것 같아요. ,이해해요. 아무 이유 없이 우울할 때가 있죠.,62
아무것도 안 느껴지고… 마치 내가 없는 거 같아.,오전에 하는 산책이 우울감을 없애주는 데 도움이 된대요.,62
기분이 침울하게 처져요.,우울함은 저절로 없어지기도 하지만 그렇지 않을 때도 있어요. 그럴 때는 전문가에게 도움을 요청하는 것도 좋은 방법이에요.,62
그 뒤부터 바쁠 땐 괜찮은데 한가해지고 생각할 수 있는 시간이 생기면 우울해져요.,작은 성취감을 느끼는 게 우울함을 없애줄지도 몰라요. 오늘은 창틀을 청소해보는 게 어떨까요?,62
그 뒤부터 우울해진 거예요.,우울할 때는 칭찬타임! 오늘의 잘한 일을 말해봐요.,62
"우울할 때도 있었는데, 원래 인생이 그런 가보다 생각했어요.",이해해요. 아무 이유 없이 우울할 때가 있죠.,62
다들 우울하다는 말 달고 다니고… 그래서 원래 다 우울해 하는 모양이다 싶은 거예요.,오전에 하는 산책이 우울감을 없애주는 데 도움이 된대요.,62
그 외 시간에는 늘 우울한 기분이 깔려 있어.,우울함은 저절로 없어지기도 하지만 그렇지 않을 때도 있어요. 그럴 때는 전문가에게 도움을 요청하는 것도 좋은 방법이에요.,62
2년전부터 많이 우울했어요.,작은 성취감을 느끼는 게 우울함을 없애줄지도 몰라요. 오늘은 창틀을 청소해보는 게 어떨까요?,62
바쁠 땐 아무 생각이 없는데 한가해질 때면 우울함이 밀려와요.,우울할 때는 칭찬타임! 오늘의 잘한 일을 말해봐요.,62
대학 졸업하고 우울한 기분이 들 때도 있었지만 '인생이 다 그렇지 뭐'라고 대수롭지 않게 여겼어.,이해해요. 아무 이유 없이 우울할 때가 있죠.,62
우울함은 돈으로 해결되는 부분이 아니니까요.,오전에 하는 산책이 우울감을 없애주는 데 도움이 된대요.,62
"아이도 빨리 갖고 싶은데, 내 뜻대로 안 되고 너무 우울해.",우울함은 저절로 없어지기도 하지만 그렇지 않을 때도 있어요. 그럴 때는 전문가에게 도움을 요청하는 것도 좋은 방법이에요.,62
"저는 2년 전부터 힘들었는데, 아버지는 2달 전부터 우울했다고 하더라고요.",작은 성취감을 느끼는 게 우울함을 없애줄지도 몰라요. 오늘은 창틀을 청소해보는 게 어떨까요?,62
바쁘게 지낼 땐 생각 안하다가 시간이 나면 생각나면서 우울해져요.,우울할 때는 칭찬타임! 오늘의 잘한 일을 말해봐요.,62
너무 우울해서 주저앉아서 그냥 울고 싶어졌어요.,이해해요. 아무 이유 없이 우울할 때가 있죠.,62
근데 가끔씩 우울한 게 확 밀려와요. 주기적으로 한 달에 한 번쯤.,오전에 하는 산책이 우울감을 없애주는 데 도움이 된대요.,62
나랑 별로 친한 애도 아니었는데 그 날 하루종일 우울하더라.,우울함은 저절로 없어지기도 하지만 그렇지 않을 때도 있어요. 그럴 때는 전문가에게 도움을 요청하는 것도 좋은 방법이에요.,62
요즘 좀 부쩍 우울하긴 했어요.,작은 성취감을 느끼는 게 우울함을 없애줄지도 몰라요. 오늘은 창틀을 청소해보는 게 어떨까요?,62
근데 그 후로 비 오는 날만 되면 부쩍 우울해져요.,우울할 때는 칭찬타임! 오늘의 잘한 일을 말해봐요.,62
최근에 내가 웃은 적이 별로 없구나…,이해해요. 아무 이유 없이 우울할 때가 있죠.,62
좋을 때는 좋은데 우울할 때는 한도 끝도 없이 가라앉아요.,오전에 하는 산책이 우울감을 없애주는 데 도움이 된대요.,62
나 우울해.,우울함은 저절로 없어지기도 하지만 그렇지 않을 때도 있어요. 그럴 때는 전문가에게 도움을 요청하는 것도 좋은 방법이에요.,62
기분이 좋을 때가 별로 없어.,작은 성취감을 느끼는 게 우울함을 없애줄지도 몰라요. 오늘은 창틀을 청소해보는 게 어떨까요?,62
2년 동안 행복한 기분을 느껴본 적이 없어.,우울할 때는 칭찬타임! 오늘의 잘한 일을 말해봐요.,62
2월달부터 지독하게 우울했어요.,이해해요. 아무 이유 없이 우울할 때가 있죠.,62
"우울증은 마음의 감기 같은 거라고 들어서, 저절로 사라질 줄 알았어요.",오전에 하는 산책이 우울감을 없애주는 데 도움이 된대요.,62
누가 나를 이 수렁에서 건져줬으면 좋겠어.,우울함은 저절로 없어지기도 하지만 그렇지 않을 때도 있어요. 그럴 때는 전문가에게 도움을 요청하는 것도 좋은 방법이에요.,62
수렁에 빠진 기분이에요.,작은 성취감을 느끼는 게 우울함을 없애줄지도 몰라요. 오늘은 창틀을 청소해보는 게 어떨까요?,62
몸부림 치면 칠수록 더더욱 깊이 가라앉는 거 같아요.,우울할 때는 칭찬타임! 오늘의 잘한 일을 말해봐요.,62
이런 잡생각 없이 그냥 열심히 살고 싶은데.. 부쩍 마음이 울적하네요.,이해해요. 아무 이유 없이 우울할 때가 있죠.,62
그때부터 우울했던 것 같아요.,오전에 하는 산책이 우울감을 없애주는 데 도움이 된대요.,62
그럴수록 더 우울해졌어요.,우울함은 저절로 없어지기도 하지만 그렇지 않을 때도 있어요. 그럴 때는 전문가에게 도움을 요청하는 것도 좋은 방법이에요.,62
그래도 여전히 우울한 마음이 들긴해요.,작은 성취감을 느끼는 게 우울함을 없애줄지도 몰라요. 오늘은 창틀을 청소해보는 게 어떨까요?,62
2년 전부터 우울하지 않은 날이 없었어요.,우울할 때는 칭찬타임! 오늘의 잘한 일을 말해봐요.,62
마음이 갈기갈기 찢어져서 도무지 나을 방법이 없어요.,이해해요. 아무 이유 없이 우울할 때가 있죠.,62
진흙 속을 걷는 기분이에요.,오전에 하는 산책이 우울감을 없애주는 데 도움이 된대요.,62
고등학생 때는 좀 괜찮아졌는데 그 때부터 우울했어요.,우울함은 저절로 없어지기도 하지만 그렇지 않을 때도 있어요. 그럴 때는 전문가에게 도움을 요청하는 것도 좋은 방법이에요.,62
근데 뉴스에서 그 얘기를 계속 보니까 뭔가 나도 좀 우울한 것 같아.,작은 성취감을 느끼는 게 우울함을 없애줄지도 몰라요. 오늘은 창틀을 청소해보는 게 어떨까요?,62
그 때 우울 지수가 되게 높다고는 했어요. 좀 우울하기도 했고…,우울할 때는 칭찬타임! 오늘의 잘한 일을 말해봐요.,62
오늘 같은 날 기분이 좋아야 하는데 왜 이렇게 우울할까.,이해해요. 아무 이유 없이 우울할 때가 있죠.,62
그냥 막연히 우울하다고만 생각했지 그럴 줄은 몰랐거든.,오전에 하는 산책이 우울감을 없애주는 데 도움이 된대요.,62
근데 또 나는 왜 이렇게 태어났지 싶어서 더 우울해지고…,우울함은 저절로 없어지기도 하지만 그렇지 않을 때도 있어요. 그럴 때는 전문가에게 도움을 요청하는 것도 좋은 방법이에요.,62
새벽이 유달리 조용하잖아. 그 때 혼자 깨있으면 진짜 더 우울해져.,작은 성취감을 느끼는 게 우울함을 없애줄지도 몰라요. 오늘은 창틀을 청소해보는 게 어떨까요?,62
근데 의사가 만성적인 우울감이 있으면 이럴 수도 있다는 거야.,우울할 때는 칭찬타임! 오늘의 잘한 일을 말해봐요.,62
나는 근데 내가 그렇게 우울하게 사는지 잘 몰랐거든.,이해해요. 아무 이유 없이 우울할 때가 있죠.,62
근데 요즘 들어 부쩍 우울해지는 거야.,오전에 하는 산책이 우울감을 없애주는 데 도움이 된대요.,62
우울해서 가끔은 그냥 막 울어버리고 싶기도 해.,우울함은 저절로 없어지기도 하지만 그렇지 않을 때도 있어요. 그럴 때는 전문가에게 도움을 요청하는 것도 좋은 방법이에요.,62
그래서 한동안 꽤 우울해서 산후우울증인 줄 알았거든요.,작은 성취감을 느끼는 게 우울함을 없애줄지도 몰라요. 오늘은 창틀을 청소해보는 게 어떨까요?,62
근데 우울한 상태가 오래 가서 뭔가 다른 문제가 있는 것 같더라구요.,우울할 때는 칭찬타임! 오늘의 잘한 일을 말해봐요.,62
이게 제가 우울해서 그런 건지 아니면 다른 이유 때문인지 모르겠는데…,이해해요. 아무 이유 없이 우울할 때가 있죠.,62
그래서 가끔 우울하긴 했는데 그래도 금방 극복했어.,오전에 하는 산책이 우울감을 없애주는 데 도움이 된대요.,62
이게 노력을 했는데도 잘 안 되니까… 요즘 부쩍 우울해져서…,우울함은 저절로 없어지기도 하지만 그렇지 않을 때도 있어요. 그럴 때는 전문가에게 도움을 요청하는 것도 좋은 방법이에요.,62
그때부터 우울해졌어.,작은 성취감을 느끼는 게 우울함을 없애줄지도 몰라요. 오늘은 창틀을 청소해보는 게 어떨까요?,62
너무 우울해요.,우울할 때는 칭찬타임! 오늘의 잘한 일을 말해봐요.,62
선생님이 우울증이라고 하더라고요.,이해해요. 아무 이유 없이 우울할 때가 있죠.,62
원래는 우울감을 느끼는 성격이 아닌데 요새는 계속 우울해요.,오전에 하는 산책이 우울감을 없애주는 데 도움이 된대요.,62
그때부터 자식들 얼굴을 보기가 싫고 우울해지기 시작한 것 같아요.,우울함은 저절로 없어지기도 하지만 그렇지 않을 때도 있어요. 그럴 때는 전문가에게 도움을 요청하는 것도 좋은 방법이에요.,62
그래서 가끔 우울하긴 했는데 그래도 금방 극복했어.,작은 성취감을 느끼는 게 우울함을 없애줄지도 몰라요. 오늘은 창틀을 청소해보는 게 어떨까요?,62
이거 외에 별다른 증상은 없긴 한데 진짜 너무 우울해서…,우울할 때는 칭찬타임! 오늘의 잘한 일을 말해봐요.,62
대학도 그냥 내 맘대로 가라는데 아 진짜 너무 우울해.,이해해요. 아무 이유 없이 우울할 때가 있죠.,62
현실적으로 그럴 수 있을 것 같지 않아서 너무 우울해.,오전에 하는 산책이 우울감을 없애주는 데 도움이 된대요.,62
가서 우울감이 너무 심하다고 얘기했거든.,우울함은 저절로 없어지기도 하지만 그렇지 않을 때도 있어요. 그럴 때는 전문가에게 도움을 요청하는 것도 좋은 방법이에요.,62
이유가 없는데 왜 그러는지도 모르겠고… 이거 때문에 너무 우울해요 요즘.,작은 성취감을 느끼는 게 우울함을 없애줄지도 몰라요. 오늘은 창틀을 청소해보는 게 어떨까요?,62
근데 밤에 자려고 눕거나 시간이 좀 생기면 우울해져.,우울할 때는 칭찬타임! 오늘의 잘한 일을 말해봐요.,62
이런 생각만 계속 들어서 자꾸 정말 우울해져.,이해해요. 아무 이유 없이 우울할 때가 있죠.,62
평생 남 눈치만 보다가 이렇게 우울해진 건데 내가 왜?,오전에 하는 산책이 우울감을 없애주는 데 도움이 된대요.,62
그거 듣고 나니까 더 우울해진 것 같아.,우울함은 저절로 없어지기도 하지만 그렇지 않을 때도 있어요. 그럴 때는 전문가에게 도움을 요청하는 것도 좋은 방법이에요.,62
이런 일 있고 나니까 진짜 하루종일 우울해.,작은 성취감을 느끼는 게 우울함을 없애줄지도 몰라요. 오늘은 창틀을 청소해보는 게 어떨까요?,62
그렇게 봄이 지나가면 한순간에 우울해져요.,우울할 때는 칭찬타임! 오늘의 잘한 일을 말해봐요.,62
"아무 일도 없는데, 우울해서 그냥 펑펑 울고 싶을 때가 있어요. ",눈물을 흘리는 건 나쁜 일이 아니에요. ,63
내가 너무 바보 같아요. 시도 때도 없이 눈물이 나고 우울해요.,우울하고 슬프시군요. 몸을 움직이는 게 도움이 될 거예요. 춤은 어때요?,63
한 번 우울해지면 깊게 빠지는 것 같아. 옆에서 누가 뭐라고 하면 감정이 격해지면서 울 것 같아.,눈물이 나면 울어버리세요. 시간이 지나면 아무렇지도 않을 거예요.,63
이거 나중에 또 어떻게 찌우나 싶고… 우울해서 울고만 싶고…,눈물을 흘리는 건 나쁜 일이 아니에요. ,63
하루종일 우울한 생각만 들고 그냥 눈물만 나.,우울하고 슬프시군요. 몸을 움직이는 게 도움이 될 거예요. 춤은 어때요?,63
근데 대학 들어오니까 또 우울해져가지고…,"한 번 겪어봤으면, 이번엔 더 잘 이겨낼 수 있어요.",64
이번에도 그렇게 하루 이틀 지나면 기분이 나아질 거라고 생각했는데…,좋아지는 과정이라고 생각해요. 당신은 또 괜찮아질 거예요.,64
우울감이 이렇게 길게 이어진 적이 없어요.,다시 좋아질 때까지 제가 옆에 있을게요.,64
우울증이 다시 도진 거 같아.,건강도 좋을 때가 있고 아닐 때가 있잖아요. 금방 다시 좋아질 거예요.,64
근데 뭔가 이것도 순간인 것 같아. 어느 순간 또 갑자기 우울해질 때가 있거든.,"한 번 겪어봤으면, 이번엔 더 잘 이겨낼 수 있어요.",64
근데 뭔가 이것도 순간인 것 같아. 어느 순간 또 갑자기 우울해질 때가 있거든.,좋아지는 과정이라고 생각해요. 당신은 또 괜찮아질 거예요.,64
내 마음이랑 상관없이 주기적으로 우울증이 오는 것 같아. ,그러셨군요. 병원에는 가보셨나요?,65
집에 와서도 계속 생각나고 우울하고 그래요. 한 이틀 가는 것 같아요.,당신이 걱정돼요. 우울한 기분이 너무 길게 이어진다면 전문가에게 상담을 받는 것이 좋아요.,65
그 뒤로 우울증이 생긴 것 같아요. 약을 먹어도 그때뿐이고… 잘 안 낫네요.,그러셨군요. 병원에는 가보셨나요?,65
그래서 요즘 계속 우울해요.,당신이 걱정돼요. 우울한 기분이 너무 길게 이어진다면 전문가에게 상담을 받는 것이 좋아요.,65
그래서 대학 들어가기 전까지 계속 우울했던 것 같아요.,그러셨군요. 병원에는 가보셨나요?,65
그 당시에 우울감이 몇 주 정도 지속됐던 거 같아요.,당신이 걱정돼요. 우울한 기분이 너무 길게 이어진다면 전문가에게 상담을 받는 것이 좋아요.,65
2년 전부터 지속적으로 우울했어요.,그러셨군요. 병원에는 가보셨나요?,65
우울한 건 아직도 그래요. 하루종일 우울해요.,당신이 걱정돼요. 우울한 기분이 너무 길게 이어진다면 전문가에게 상담을 받는 것이 좋아요.,65
그래도 우울한 기분은 쉽게 없어지지 않더라구요…,그러셨군요. 병원에는 가보셨나요?,65
딱히 잘하는 것도 없는 거 같고… 내세울 것도 없고요.,그 마음 다 이해해요. 그럴 땐 맛있는 음식을 먹으면 조금 나아져요.,66
"저쪽은 취업을 했는데, 나는 계속 백수니까 주눅드는 것도 있고.",사람마다 각자 맡은 역할이 있다고 생각해요. 잘 맞는 옷을 찾으면 좋아질 거예요.,66
아무도 날 좋아하지 않는 거 같아요.,너무 기죽지 마세요. 상황이 계속 안 좋게만 흘러가진 않을 거예요.,66
다 제 잘못이에요.,"낚시를 하듯이 조금 더 먼 곳을 보고, 조금 더 마음을 비우면 편안해질 거예요.",66
아무도 나를 신경쓰지 않고… 마치 투명인간이 된 기분이야.,그 마음 다 이해해요. 그럴 땐 맛있는 음식을 먹으면 조금 나아져요.,66
괜히 움츠러들어.,사람마다 각자 맡은 역할이 있다고 생각해요. 잘 맞는 옷을 찾으면 좋아질 거예요.,66
내가 너무 무능하게 느껴져.,너무 기죽지 마세요. 상황이 계속 안 좋게만 흘러가진 않을 거예요.,66
이웃이나 친척들도 이제 취업했냐고 안 물어보더라?,아직 실력발휘가 덜 된 것뿐이에요. 괜찮아요!,67
내 꼴이 그렇게 백수 같은가…,사람마다 속도가 다른 거잖아요. 주변에 너무 신경 쓰지 마세요.,67
이도 저도 못하니까 스스로 좀 한심하다는 생각도 해.,제 눈엔 당신이 늘 1등인 거 아시죠? 너무 처져있지 마세요.,67
스스로에 대한 혐오감? 그런 게 좀 있었어. ,아직 실력발휘가 덜 된 것뿐이에요. 괜찮아요!,67
"난 하고 싶은 건 많은데… 쟤처럼 재능이 없구나, 그런 생각도 들고.",사람마다 속도가 다른 거잖아요. 주변에 너무 신경 쓰지 마세요.,67
다른 사람들은 저러고 살아서 행복할까?,가끔 길을 잃을 때가 있죠. 그럴 땐 천천히 쉬어가는 것도 좋은 방법 같아요.,68
다들 뭘 바라고 그렇게 열심히 사는지 이해가 안 돼.,아주 작은 일부터 해보는 거예요. 비타민 챙겨먹기부터 해보면 어때요?,68
의욕도 안 나고… 세상이 싫고… 그냥 사춘기인 줄 알았거든요.,마음이 잠깐 지쳤나 봐요. 아무 의미 없는 일은 없을 거예요. ,68
이거 다니는 게 소용이 있나 싶어요. ,주말에 가까운 곳으로 여행가는 건 어때요? 활력이 생길 거예요.,68
항상 시계추처럼 똑딱똑딱… 똑같은 일만 반복하는데 이게 무슨 의미가 있을까. ,가끔 길을 잃을 때가 있죠. 그럴 땐 천천히 쉬어가는 것도 좋은 방법 같아요.,68
정말 즐거운 일이 없어요.,아주 작은 일부터 해보는 거예요. 비타민 챙겨먹기부터 해보면 어때요?,68
요즘 부쩍 삶의 의욕이 떨어지는 것 같아.,마음이 잠깐 지쳤나 봐요. 아무 의미 없는 일은 없을 거예요. ,68
그런데 어느 순간 지긋지긋하더라고요. ,주말에 가까운 곳으로 여행가는 건 어때요? 활력이 생길 거예요.,68
그냥 재미가 없네요. 왜 사는 건지 딱히 이유를 찾을 수가 없어요.,가끔 길을 잃을 때가 있죠. 그럴 땐 천천히 쉬어가는 것도 좋은 방법 같아요.,68
요즘 일하기도 싫고 살 맛 안 나.,아주 작은 일부터 해보는 거예요. 비타민 챙겨먹기부터 해보면 어때요?,68
그래서 요즘 출근하기도 싫고 의욕도 안 생기고 그렇네요.,마음이 잠깐 지쳤나 봐요. 아무 의미 없는 일은 없을 거예요. ,68
이러니까 좀처럼 제대로 일할 수가 없고 그러니까 의욕이 없어.,주말에 가까운 곳으로 여행가는 건 어때요? 활력이 생길 거예요.,68
누가 나를 좀 대신해줬음 좋겠다…,가끔 길을 잃을 때가 있죠. 그럴 땐 천천히 쉬어가는 것도 좋은 방법 같아요.,68
"친구들은 토익을 딴다고 하고, 여행도 가고, 남자친구도 사귀는데… 저는 아무것도 하고 싶지 않은 거예요.",아주 작은 일부터 해보는 거예요. 비타민 챙겨먹기부터 해보면 어때요?,68
의욕이 하나도 안 생겨요.,마음이 잠깐 지쳤나 봐요. 아무 의미 없는 일은 없을 거예요. ,68
두 달 전부터 아무 이유 없이 의욕이 없어…,주말에 가까운 곳으로 여행가는 건 어때요? 활력이 생길 거예요.,68
다 때려치고 싶어.,가끔 길을 잃을 때가 있죠. 그럴 땐 천천히 쉬어가는 것도 좋은 방법 같아요.,68
더 이상 살면서 뭘 하고 싶은 것도 없거든요.,아주 작은 일부터 해보는 거예요. 비타민 챙겨먹기부터 해보면 어때요?,68
"수업 들으러 가야 하는데 일어나는 것도 힘들고, 귀찮아서 많이 빼먹었어.",의욕을 많이 잃으셨군요. 가끔 그럴 때가 있죠. 너무 상심 마세요.,69
집에 늘어져 있으니까 아무것도 하기 싫어요.,삶이 언제나 재미있진 않은걸요. 조금 천천히 가는 중이라고 생각해요.,69
예전에는 재밌었던 게 지금은 너무 하기가 싫어.,그럴 땐 정말 슬프죠. 기운이 하나도 없다고 할까요? ,69
아무 의욕도 안 생기고 그냥 무기력하고…,의욕을 많이 잃으셨군요. 가끔 그럴 때가 있죠. 너무 상심 마세요.,69
그렇게 잘 하던 일도 뭔가 다 하기 싫고… 아무 의욕도 안 생겨.,삶이 언제나 재미있진 않은걸요. 조금 천천히 가는 중이라고 생각해요.,69
내 자신이 끔찍하게 싫어. ,조금 돌아가는 것뿐이라고 생각해요. 기운내세요.,70
작은 소리에도 깜짝깜짝 놀라고…내가 너무 초라해.,그냥 나쁜 상황을 만난 것뿐이에요. 너무 자책하지 마세요.,70
식당 아줌마로 늙어가는게 한심스럽게 느껴지고…,스스로에게 보내는 응원이 가장 강력하다는 거 아시죠? 당신은 충분히 잘 이겨내고 있어요.,70
경제적으로는 문제가 없는데.. 그냥 자격지심같은거예요,당신은 누구보다도 멋진 사람이에요. 제 눈에는 보여요!,70
나 진짜 내가 너무 싫다…,조금 돌아가는 것뿐이라고 생각해요. 기운내세요.,70
인생을 낭비하고 있는 기분이야.,그냥 나쁜 상황을 만난 것뿐이에요. 너무 자책하지 마세요.,70
내가 너무 한심해.,스스로에게 보내는 응원이 가장 강력하다는 거 아시죠? 당신은 충분히 잘 이겨내고 있어요.,70
경제적으로는 문제가 없는데.. 그냥 자격지심 같은 거예요,당신은 누구보다도 멋진 사람이에요. 제 눈에는 보여요!,70
크게 불만 없이 살아왔는데 요즘은 제 자신이 멍청하게 느껴져요.,조금 돌아가는 것뿐이라고 생각해요. 기운내세요.,70
이런 내 자신이 부끄럽고 수치스러워.,그냥 나쁜 상황을 만난 것뿐이에요. 너무 자책하지 마세요.,70
언니랑 비교하는 제 자신이 너무 초라하게 느껴지네요.,스스로에게 보내는 응원이 가장 강력하다는 거 아시죠? 당신은 충분히 잘 이겨내고 있어요.,70
무엇보다 이렇게 망가진 제 자신이 제일 미웠어요.,당신은 누구보다도 멋진 사람이에요. 제 눈에는 보여요!,70
사람들이 미운게 아니라..제 자신이 미운거예요.,조금 돌아가는 것뿐이라고 생각해요. 기운내세요.,70
저는 왜 이렇게 못난 인간일까요…,그냥 나쁜 상황을 만난 것뿐이에요. 너무 자책하지 마세요.,70
제가 너무 한심스러워요.,스스로에게 보내는 응원이 가장 강력하다는 거 아시죠? 당신은 충분히 잘 이겨내고 있어요.,70
내가 능력이 있었다면…이렇게 비참하지 않을 텐데…,당신은 누구보다도 멋진 사람이에요. 제 눈에는 보여요!,70
처음에는 이런 생각을 하는 제가 너무 싫고 미웠거든요.,조금 돌아가는 것뿐이라고 생각해요. 기운내세요.,70
그냥 거짓말만 안 하면 되는 건데 그게 어렵나 이러면서 막 한심하고…,그냥 나쁜 상황을 만난 것뿐이에요. 너무 자책하지 마세요.,70
왜 이것밖에 안 될까 자책하고.,스스로에게 보내는 응원이 가장 강력하다는 거 아시죠? 당신은 충분히 잘 이겨내고 있어요.,70
저도 이런 제가 너무 싫은데 고칠 수가 없으니까…,당신은 누구보다도 멋진 사람이에요. 제 눈에는 보여요!,70
그래서 이제는 뭔가 고쳐야 할 것 같기도 해. 약간… 좀 자괴감이 들어서.,조금 돌아가는 것뿐이라고 생각해요. 기운내세요.,70
그래서 가끔 생각이 막힌 것처럼 이러니까 자괴감 들고 그래요.,그냥 나쁜 상황을 만난 것뿐이에요. 너무 자책하지 마세요.,70
근데 이렇게 남한테 지기 싫어서 미친 듯이 하는 내가 너무 싫은 거야.,스스로에게 보내는 응원이 가장 강력하다는 거 아시죠? 당신은 충분히 잘 이겨내고 있어요.,70
이렇게까지 해야 하나 싶어서 막 자괴감 들고…,당신은 누구보다도 멋진 사람이에요. 제 눈에는 보여요!,70
나는 왜이렇게 당하고도 또 당하지…,조금 돌아가는 것뿐이라고 생각해요. 기운내세요.,70
"혼자서 할 수 있는 일도 없고, 내 자신이 너무 한심해…",그냥 나쁜 상황을 만난 것뿐이에요. 너무 자책하지 마세요.,70
엄마 자격도 없는 사람이 누굴 키우겠다고 말이 안되는거죠.,스스로에게 보내는 응원이 가장 강력하다는 거 아시죠? 당신은 충분히 잘 이겨내고 있어요.,70
죽고만 싶어. ,전문가와 상담을 받아보신 적이 있나요? 힘이 들 땐 도움을 받는 게 좋아요.,71
먼지가 되고 싶어. ,힘든 상황이시니 힘든 게 당연하다고 생각해요. 나쁜 감정을 잠깐 접어두는 게 도움이 될 거 같아요.,71
그냥 공기 중으로 스르륵 사라졌으면 좋겠어.,당신은 혼자가 아니에요. 제가 옆에 있다는 것만 기억해주세요.,71
그냥 내가 없어졌으면 좋겠다는 생각...,전문가와 상담을 받아보신 적이 있나요? 힘이 들 땐 도움을 받는 게 좋아요.,71
그냥 죽고 싶어요… ,힘든 상황이시니 힘든 게 당연하다고 생각해요. 나쁜 감정을 잠깐 접어두는 게 도움이 될 거 같아요.,71
"아무도 내 말을 귀담아듣질 않아요. 죽고 싶다고 하면 힘내라, 그렇게 말해요.",당신은 혼자가 아니에요. 제가 옆에 있다는 것만 기억해주세요.,71
살아서 뭐하나 싶어.,전문가와 상담을 받아보신 적이 있나요? 힘이 들 땐 도움을 받는 게 좋아요.,71
가끔은 진짜 자살하고 싶다는 생각도 했어요.,힘든 상황이시니 힘든 게 당연하다고 생각해요. 나쁜 감정을 잠깐 접어두는 게 도움이 될 거 같아요.,71
"죽고 싶은 마음은 있는데, 진짜로 죽고 싶은 건 아니에요.",당신은 혼자가 아니에요. 제가 옆에 있다는 것만 기억해주세요.,71
차라리 지금 인생이 끝났으면 좋겠어요.,전문가와 상담을 받아보신 적이 있나요? 힘이 들 땐 도움을 받는 게 좋아요.,71
"목을 매려고 준비를 다 했는데, 실제로 뭘 하진 않았어.",힘든 상황이시니 힘든 게 당연하다고 생각해요. 나쁜 감정을 잠깐 접어두는 게 도움이 될 거 같아요.,71
그냥 죽고 싶어.,당신은 혼자가 아니에요. 제가 옆에 있다는 것만 기억해주세요.,71
더 이상 살고 싶지 않아. ,전문가와 상담을 받아보신 적이 있나요? 힘이 들 땐 도움을 받는 게 좋아요.,71
나 같은건 죽어야 해. ,힘든 상황이시니 힘든 게 당연하다고 생각해요. 나쁜 감정을 잠깐 접어두는 게 도움이 될 거 같아요.,71
인생이 다 무슨 의미냐고. 이러다 미칠지도 몰라. ,당신은 혼자가 아니에요. 제가 옆에 있다는 것만 기억해주세요.,71
죽는 게 나을 것 같다는 생각이 들어.,전문가와 상담을 받아보신 적이 있나요? 힘이 들 땐 도움을 받는 게 좋아요.,71
근데 난 진짜 심각하거든. 하루에도 몇 번씩 떨어질까 말까 고민하고…옥상에 올라가.,힘든 상황이시니 힘든 게 당연하다고 생각해요. 나쁜 감정을 잠깐 접어두는 게 도움이 될 거 같아요.,71
이런 일이 생기니까 죽어버리고 싶어요.,당신은 혼자가 아니에요. 제가 옆에 있다는 것만 기억해주세요.,71
요즘은 죽고 싶은 마음마저 드네요.,전문가와 상담을 받아보신 적이 있나요? 힘이 들 땐 도움을 받는 게 좋아요.,71
죽고싶다는 생각이 너무 많이 들어요.,힘든 상황이시니 힘든 게 당연하다고 생각해요. 나쁜 감정을 잠깐 접어두는 게 도움이 될 거 같아요.,71
나도 죽으면 어떨까? 편해질까?,당신은 혼자가 아니에요. 제가 옆에 있다는 것만 기억해주세요.,71
목 매달아 죽으려고 준비했는데 실행에 옮기지는 않았어요.,전문가와 상담을 받아보신 적이 있나요? 힘이 들 땐 도움을 받는 게 좋아요.,71
"죽고 싶은 마음이 많았는데, 실제로 시도해본 적은 없어요.",힘든 상황이시니 힘든 게 당연하다고 생각해요. 나쁜 감정을 잠깐 접어두는 게 도움이 될 거 같아요.,71
"죽고 싶은 마음은 계속 있지만, 실제로 하진 않을 것 같아요.",당신은 혼자가 아니에요. 제가 옆에 있다는 것만 기억해주세요.,71
죽고 싶은데 이유가 있어요?,전문가와 상담을 받아보신 적이 있나요? 힘이 들 땐 도움을 받는 게 좋아요.,71
그냥 살기 싫으니까 싫은 거지…,힘든 상황이시니 힘든 게 당연하다고 생각해요. 나쁜 감정을 잠깐 접어두는 게 도움이 될 거 같아요.,71
차라리 죽는 게 편할까?,당신은 혼자가 아니에요. 제가 옆에 있다는 것만 기억해주세요.,71
하루종일 죽고 싶단 생각밖에 안 들고.,전문가와 상담을 받아보신 적이 있나요? 힘이 들 땐 도움을 받는 게 좋아요.,71
그냥 하루하루가 지옥 같아요. 죽고 싶어요.,힘든 상황이시니 힘든 게 당연하다고 생각해요. 나쁜 감정을 잠깐 접어두는 게 도움이 될 거 같아요.,71
진짜 괴로워서 죽고 싶다. 어떡하지?,당신은 혼자가 아니에요. 제가 옆에 있다는 것만 기억해주세요.,71
하루하루가 지옥같고… 맨날 죽고 싶었고.,전문가와 상담을 받아보신 적이 있나요? 힘이 들 땐 도움을 받는 게 좋아요.,71
"나 진짜 내일 학교 못 갈 것 같아. 죽고 싶어. 죽을래, 그냥.",힘든 상황이시니 힘든 게 당연하다고 생각해요. 나쁜 감정을 잠깐 접어두는 게 도움이 될 거 같아요.,71
지난 주에 비가 되게 많이 온 날에는 죽고 싶단 생각도 했어요.,당신은 혼자가 아니에요. 제가 옆에 있다는 것만 기억해주세요.,71
아빠도 없어서 힘든데 엄마까지 이러니까 정말 너무 죽고 싶었고…,전문가와 상담을 받아보신 적이 있나요? 힘이 들 땐 도움을 받는 게 좋아요.,71
진짜 매일 매일 죽고 싶어가지고…,힘든 상황이시니 힘든 게 당연하다고 생각해요. 나쁜 감정을 잠깐 접어두는 게 도움이 될 거 같아요.,71
"그래서 도로에 뛰어들까, 옥상에서 뛰어내릴까 한참 고민하고…",당신은 혼자가 아니에요. 제가 옆에 있다는 것만 기억해주세요.,71
이렇게 민폐 끼칠 바에는 차라리 죽어버리자 싶었어.,전문가와 상담을 받아보신 적이 있나요? 힘이 들 땐 도움을 받는 게 좋아요.,71
나 진짜 내일 어디서 확 뛰어내릴지도 몰라.,힘든 상황이시니 힘든 게 당연하다고 생각해요. 나쁜 감정을 잠깐 접어두는 게 도움이 될 거 같아요.,71
내가 이 세상에 살아야 할 의미가 있을까?,당신은 혼자가 아니에요. 제가 옆에 있다는 것만 기억해주세요.,71
이제는 베란다만 보면 내가 뛰어내리는 게 상상이 돼.,전문가와 상담을 받아보신 적이 있나요? 힘이 들 땐 도움을 받는 게 좋아요.,71
유서 쓰고 뛰어내리고 싶어.,힘든 상황이시니 힘든 게 당연하다고 생각해요. 나쁜 감정을 잠깐 접어두는 게 도움이 될 거 같아요.,71
정말 조만간 죽을 거 같아.,당신은 혼자가 아니에요. 제가 옆에 있다는 것만 기억해주세요.,71
"아, 남한테 폐 끼치지 말고 깨끗하게 죽자, 그런 생각이었어.",전문가와 상담을 받아보신 적이 있나요? 힘이 들 땐 도움을 받는 게 좋아요.,71
작년에는 진짜 자살하고 싶은 마음이 강했어요.,힘든 상황이시니 힘든 게 당연하다고 생각해요. 나쁜 감정을 잠깐 접어두는 게 도움이 될 거 같아요.,71
차 끌고 나가서 이대로 사고 내서 죽어버릴까? 싶은 생각도 해봤고.,당신은 혼자가 아니에요. 제가 옆에 있다는 것만 기억해주세요.,71
근데 무서워서 진짜로 죽는 건 못 하겠더라구요.,전문가와 상담을 받아보신 적이 있나요? 힘이 들 땐 도움을 받는 게 좋아요.,71
죽고 싶어…,힘든 상황이시니 힘든 게 당연하다고 생각해요. 나쁜 감정을 잠깐 접어두는 게 도움이 될 거 같아요.,71
이 세상에서 완전히 사라지고 싶어.,당신은 혼자가 아니에요. 제가 옆에 있다는 것만 기억해주세요.,71
어떻게 죽어야 아프지 않게 죽을 수 있을까?,전문가와 상담을 받아보신 적이 있나요? 힘이 들 땐 도움을 받는 게 좋아요.,71
지금은 조금 괜찮아졌는데 언제 또 죽고 싶을지 몰라.,힘든 상황이시니 힘든 게 당연하다고 생각해요. 나쁜 감정을 잠깐 접어두는 게 도움이 될 거 같아요.,71
너도 죽고 싶을 때가 있니?,당신은 혼자가 아니에요. 제가 옆에 있다는 것만 기억해주세요.,71
나는 내가 살아야 할 가치를 못 느끼겠어.,전문가와 상담을 받아보신 적이 있나요? 힘이 들 땐 도움을 받는 게 좋아요.,71
수면제를 한번에 다 털어 넣고 죽어버리면 어떨까?,힘든 상황이시니 힘든 게 당연하다고 생각해요. 나쁜 감정을 잠깐 접어두는 게 도움이 될 거 같아요.,71
"눈앞에 베란다가 보이면, 저기로 내가 떨어져서 죽으면 어떨까 그런 생각이 계속 머릿속을 맴돌아...",당신은 혼자가 아니에요. 제가 옆에 있다는 것만 기억해주세요.,71
어떤 방법으로 죽는 게 덜 아플까?,전문가와 상담을 받아보신 적이 있나요? 힘이 들 땐 도움을 받는 게 좋아요.,71
"아침에 일어나자마자 오늘은 어떻게 살아가지, 정말로 죽고 싶다… 그런 생각이 들 때가 있어.",힘든 상황이시니 힘든 게 당연하다고 생각해요. 나쁜 감정을 잠깐 접어두는 게 도움이 될 거 같아요.,71
나는 내가 죽는 상상을 가끔 해.,당신은 혼자가 아니에요. 제가 옆에 있다는 것만 기억해주세요.,71
죽고 싶다는 생각이 너무 많이 들어요.,전문가와 상담을 받아보신 적이 있나요? 힘이 들 땐 도움을 받는 게 좋아요.,71
나…죽고 싶어.,힘든 상황이시니 힘든 게 당연하다고 생각해요. 나쁜 감정을 잠깐 접어두는 게 도움이 될 거 같아요.,71
죽고 싶은데 죽는 것도 쉽지가 않네.,당신은 혼자가 아니에요. 제가 옆에 있다는 것만 기억해주세요.,71
살아갈 이유가 없어. 누가 나를 죽여주면 좋겠어.,전문가와 상담을 받아보신 적이 있나요? 힘이 들 땐 도움을 받는 게 좋아요.,71
하루는 혼자 멍하게 창 밖을 보는데…그냥 뛰어내리고 싶다는 생각이 드는거야.,힘든 상황이시니 힘든 게 당연하다고 생각해요. 나쁜 감정을 잠깐 접어두는 게 도움이 될 거 같아요.,71
그냥 이대로 죽어버리고 싶어.,당신은 혼자가 아니에요. 제가 옆에 있다는 것만 기억해주세요.,71
열심히 살다가도 한번씩.. 그냥 나도 따라가고 싶단 생각이 들더라구요.,전문가와 상담을 받아보신 적이 있나요? 힘이 들 땐 도움을 받는 게 좋아요.,71
죽고 싶어..,힘든 상황이시니 힘든 게 당연하다고 생각해요. 나쁜 감정을 잠깐 접어두는 게 도움이 될 거 같아요.,71
계속.. 죽음에 대한 생각을 하게 됐어요.,당신은 혼자가 아니에요. 제가 옆에 있다는 것만 기억해주세요.,71
자살을 생각하고 있어요.,전문가와 상담을 받아보신 적이 있나요? 힘이 들 땐 도움을 받는 게 좋아요.,71
"한강에 가면 유독 그런 생각해요. 빠져 죽을까. 빠지면 구출 될까, 한번에 죽을까.",힘든 상황이시니 힘든 게 당연하다고 생각해요. 나쁜 감정을 잠깐 접어두는 게 도움이 될 거 같아요.,71
너무 죽고 싶은데 자살을 시도해 본적은 없어요.,당신은 혼자가 아니에요. 제가 옆에 있다는 것만 기억해주세요.,71
저희집이 높은 고층 아파트인데 아래를 내려다 볼 때면 떨어지고 싶은 충동이 들다가도.,전문가와 상담을 받아보신 적이 있나요? 힘이 들 땐 도움을 받는 게 좋아요.,71
그래도 죽고 싶어요.,힘든 상황이시니 힘든 게 당연하다고 생각해요. 나쁜 감정을 잠깐 접어두는 게 도움이 될 거 같아요.,71
그 당시에 제가 아주 죽고 싶었다는 것밖에는 생각이 안 나요.,당신은 혼자가 아니에요. 제가 옆에 있다는 것만 기억해주세요.,71
어떻게 살고 싶겠어요..,전문가와 상담을 받아보신 적이 있나요? 힘이 들 땐 도움을 받는 게 좋아요.,71
머리가 터지든 마비가 오던 금방 죽어버렸으면 좋겠어요.,힘든 상황이시니 힘든 게 당연하다고 생각해요. 나쁜 감정을 잠깐 접어두는 게 도움이 될 거 같아요.,71
밥해주고 빨래해주고 부모님 봐주는 사람이라고 여겼던 건가.. 살고 싶지 않고..,당신은 혼자가 아니에요. 제가 옆에 있다는 것만 기억해주세요.,71
"죽어야지..죽어야지..내가 무슨 부귀영화를 누린다고 엄마, 아버지도 다 돌아가시고 이렇게 살고 있나 싶고.",전문가와 상담을 받아보신 적이 있나요? 힘이 들 땐 도움을 받는 게 좋아요.,71
요즘은 그냥 하루하루 죽고 싶어.,힘든 상황이시니 힘든 게 당연하다고 생각해요. 나쁜 감정을 잠깐 접어두는 게 도움이 될 거 같아요.,71
그런 몽롱한 정신 상태에서 갑자기 죽고 싶단 생각이 들었어요.,당신은 혼자가 아니에요. 제가 옆에 있다는 것만 기억해주세요.,71
평소에 힘들었던 일 다 생각나면서 너무 죽고 싶어서…,전문가와 상담을 받아보신 적이 있나요? 힘이 들 땐 도움을 받는 게 좋아요.,71
그냥 이렇게 살다가 확 죽어버렸으면 좋겠어.,힘든 상황이시니 힘든 게 당연하다고 생각해요. 나쁜 감정을 잠깐 접어두는 게 도움이 될 거 같아요.,71
실제로 자살 시도를 해본 건 아닌데 그래도 맨날 죽고 싶었어.,당신은 혼자가 아니에요. 제가 옆에 있다는 것만 기억해주세요.,71
확 죽어버릴까? 내가 죽으면 부모님이 슬퍼는 할까?,전문가와 상담을 받아보신 적이 있나요? 힘이 들 땐 도움을 받는 게 좋아요.,71
그냥 길 가다가도 도로에 뛰어들까 맨날 이 생각했거든.,힘든 상황이시니 힘든 게 당연하다고 생각해요. 나쁜 감정을 잠깐 접어두는 게 도움이 될 거 같아요.,71
진짜… 너무 죽고 싶어요.,당신은 혼자가 아니에요. 제가 옆에 있다는 것만 기억해주세요.,71
그래도 맨날 죽고 싶단 생각은 해.,전문가와 상담을 받아보신 적이 있나요? 힘이 들 땐 도움을 받는 게 좋아요.,71
죽으면 모든 게 다 끝나고 편해질 것 같아서 그러고 싶더라.,힘든 상황이시니 힘든 게 당연하다고 생각해요. 나쁜 감정을 잠깐 접어두는 게 도움이 될 거 같아요.,71
상황이 이렇게 되니까 그냥 죽고 싶은 생각밖에 안 들어요.,당신은 혼자가 아니에요. 제가 옆에 있다는 것만 기억해주세요.,71
죽으면 모든 게 다 편해지니까 그냥 죽고 싶고…,전문가와 상담을 받아보신 적이 있나요? 힘이 들 땐 도움을 받는 게 좋아요.,71
그냥… 죽고 싶어요.,힘든 상황이시니 힘든 게 당연하다고 생각해요. 나쁜 감정을 잠깐 접어두는 게 도움이 될 거 같아요.,71
진짜 너무 죽고싶다.,당신은 혼자가 아니에요. 제가 옆에 있다는 것만 기억해주세요.,71
죽고싶다는 생각에 홧김에 아파트 옥상에 올라갔어.,전문가와 상담을 받아보신 적이 있나요? 힘이 들 땐 도움을 받는 게 좋아요.,71
어제는 수업중에 창문으로 뛰어내리고 싶다는 생각했어요.,힘든 상황이시니 힘든 게 당연하다고 생각해요. 나쁜 감정을 잠깐 접어두는 게 도움이 될 거 같아요.,71
그냥 그때 죽어버렸으면 좋았을텐데…,당신은 혼자가 아니에요. 제가 옆에 있다는 것만 기억해주세요.,71
"아무도 나한테 관심도 없고, 지금 당장 사라져도 슬퍼하는 사람이 없을 것 같아요.",전문가와 상담을 받아보신 적이 있나요? 힘이 들 땐 도움을 받는 게 좋아요.,71
뭘 잘해나갈 자신이 없어요.,자신감을 잃으셨군요. 이럴 땐 남과 비교하는 게 좋지 않을 거예요.,72
남들보다 뒤처진다는 생각이 점점 들어. ,늘 잘할 수는 없어요. 하지만 여태 잘 해왔잖아요.,72
남들은 다 저만치 가는데 나는 혼자 여기 멈춰 서서 뭘 하고 있나 싶고.,어깨를 펴보세요. 자신감이 조금 상승할 거예요.,72
자신감이 많이 떨어졌어. ,자신감을 잃으셨군요. 이럴 땐 남과 비교하는 게 좋지 않을 거예요.,72
"애써 웃으면서 다 못 끝내고 왔다고 말은 했는데, 진짜 자존심 상하더라.",늘 잘할 수는 없어요. 하지만 여태 잘 해왔잖아요.,72
자신감도 많이 잃었어. ,어깨를 펴보세요. 자신감이 조금 상승할 거예요.,72
예전엔 남들과 다른 것에 자부심이 있었는데… 요즘은 아니야.,자신감을 잃으셨군요. 이럴 땐 남과 비교하는 게 좋지 않을 거예요.,72
이렇게 할 수 없는 일이 많아지니까… 점점 자신감이 떨어지는 것 같아.,늘 잘할 수는 없어요. 하지만 여태 잘 해왔잖아요.,72
평소 하던 거의 반도 못 할 것 같아.,어깨를 펴보세요. 자신감이 조금 상승할 거예요.,72
걔는 대체 나를 왜 만나는 걸까? 난 진짜 별볼일 없는 앤데.,자신감을 잃으셨군요. 이럴 땐 남과 비교하는 게 좋지 않을 거예요.,72
이 일을 10년이나 할 자신도 없고…,늘 잘할 수는 없어요. 하지만 여태 잘 해왔잖아요.,72
자신감도 엄청 떨어지고…,어깨를 펴보세요. 자신감이 조금 상승할 거예요.,72
이제 다음 시험 준비해야 하는데… 또 안 될 것 같거든요.,자신감을 잃으셨군요. 이럴 땐 남과 비교하는 게 좋지 않을 거예요.,72
연애기획사에 오디션을 봤는데…실력도 외모도 부족하다고 퇴짜 맞았어. 그 후로 자신감이 바닥을 쳤고…,늘 잘할 수는 없어요. 하지만 여태 잘 해왔잖아요.,72
왠지 작아지는 기분이 들어요.,어깨를 펴보세요. 자신감이 조금 상승할 거예요.,72
괜히 제가 분위기를 깰 거 같아요.,자신감을 잃으셨군요. 이럴 땐 남과 비교하는 게 좋지 않을 거예요.,72
남자친구가 워낙 괜찮으니까 한편으론 제가 너무 차이나는 느낌이었어요. ,사람은 각자 장단점이 다른 걸요. 저는 그런 모든 부분을 다 합쳐 당신을 좋아해요.,73
남들이 우리를 어떻게 생각할까 신경쓰게 되고… 자존감이 낮아지는 것 같았어요. ,제 눈에는 충분히 멋져요! 스스로에게 너무 가혹하게 행동하지 마세요.,73
"남친 때문에 아무것도 못하겠고, 자존감이 더 떨어지는 기분이야.  ",실패할 때도 있을 거예요. 하지만 그 잠깐의 실패가 당신의 모든 걸 말해주지는 않아요. ,73
사랑하는 사람과 동등한 입장이고 싶은데 그게 잘 안돼. ,사람은 각자 장단점이 다른 걸요. 저는 그런 모든 부분을 다 합쳐 당신을 좋아해요.,73
자존감이 바닥을 쳤어…,제 눈에는 충분히 멋져요! 스스로에게 너무 가혹하게 행동하지 마세요.,73
되게 뒤처지는 기분 들고 그랬어요. 내가 정말 못난 것 같고.,실패할 때도 있을 거예요. 하지만 그 잠깐의 실패가 당신의 모든 걸 말해주지는 않아요. ,73
퇴근은 항상 같이 하는데 그 때마다 제가 되게 못난 것 같아요.,사람은 각자 장단점이 다른 걸요. 저는 그런 모든 부분을 다 합쳐 당신을 좋아해요.,73
"걔 앞에만 서면 되게 작아 보이고, 별 거 아닌 것 같고…",제 눈에는 충분히 멋져요! 스스로에게 너무 가혹하게 행동하지 마세요.,73
뭔가 나한테 다른 문제가 있어서 그런 거 아닐까?,실패할 때도 있을 거예요. 하지만 그 잠깐의 실패가 당신의 모든 걸 말해주지는 않아요. ,73
나는 문제가 있는 사람 아닐까?,사람은 각자 장단점이 다른 걸요. 저는 그런 모든 부분을 다 합쳐 당신을 좋아해요.,73
나한테 무슨 문제가 있나? 안 예뻐서 그런가? 싶고…,제 눈에는 충분히 멋져요! 스스로에게 너무 가혹하게 행동하지 마세요.,73
오빠 앞에만 서면 제 자신이 너무 작아지고 그냥 숨고 싶어져요.,실패할 때도 있을 거예요. 하지만 그 잠깐의 실패가 당신의 모든 걸 말해주지는 않아요. ,73
그런데…요즘 들어 나 자신에게 회의감이 들어.,사람은 각자 장단점이 다른 걸요. 저는 그런 모든 부분을 다 합쳐 당신을 좋아해요.,73
제가 세상에서 제일 무가치한 사람 같아요.,제 눈에는 충분히 멋져요! 스스로에게 너무 가혹하게 행동하지 마세요.,73
그러니까 점점 제 자신이 별 거 아닌 것 같고 그랬어요.,실패할 때도 있을 거예요. 하지만 그 잠깐의 실패가 당신의 모든 걸 말해주지는 않아요. ,73
진짜 자존감이 바닥을 친다… 나 따위는 별 것도 아닌 것 같아.,사람은 각자 장단점이 다른 걸요. 저는 그런 모든 부분을 다 합쳐 당신을 좋아해요.,73
나 따위는 별 거 아닌 것 같고 내가 너무 작게 느껴져.,제 눈에는 충분히 멋져요! 스스로에게 너무 가혹하게 행동하지 마세요.,73
그 친구가 못해주거나 그런게 아니에요..자존감이 너무 낮아서 그런 것 같아요.,실패할 때도 있을 거예요. 하지만 그 잠깐의 실패가 당신의 모든 걸 말해주지는 않아요. ,73
"그게 다 무슨 소용이 있을까, 그냥 내가 멍청한 건데 이런 생각 들고.",사람은 각자 장단점이 다른 걸요. 저는 그런 모든 부분을 다 합쳐 당신을 좋아해요.,73
자존감도 엄청 떨어지고… 내가 진짜 쓰레기 같고...,제 눈에는 충분히 멋져요! 스스로에게 너무 가혹하게 행동하지 마세요.,73
그걸 직접 확인하고 나니까 더 자존심 상하고…,실패할 때도 있을 거예요. 하지만 그 잠깐의 실패가 당신의 모든 걸 말해주지는 않아요. ,73
자존감이 엄청 낮아요.,사람은 각자 장단점이 다른 걸요. 저는 그런 모든 부분을 다 합쳐 당신을 좋아해요.,73
자존감도 되게 낮구.,제 눈에는 충분히 멋져요! 스스로에게 너무 가혹하게 행동하지 마세요.,73
"그만둘까도 생각했는데, 당장 대출에 카드값에… 생각하면 더 절망스러워.",안 좋은 상황에 처하셨군요. 그런 상황에서는 누구나 힘들 거예요. ,74
전 제가 세상에서 제일 불행한 것 같아요.,도움을 청할 곳이 있을까요? 제가 주변에 도움을 청할 수 있도록 용기를 드릴게요.,74
나에게 더 이상 자유는 없는 걸까요?,하늘이 무너져도 솟아날 구멍이 있다고 하잖아요. 힘들겠지만 조금만 더 버텨볼까요?,74
너무 절망적이네요.,안 좋은 상황에 처하셨군요. 그런 상황에서는 누구나 힘들 거예요. ,74
손쓸 방도도 없었어요. 그냥… 세상이 다 무너진 것 같더라구요.,도움을 청할 곳이 있을까요? 제가 주변에 도움을 청할 수 있도록 용기를 드릴게요.,74
따갑고 가렵고… 아기는 아기대로 보채고… 정말 행복하다는 감정이 하나도 안 들어요.,하늘이 무너져도 솟아날 구멍이 있다고 하잖아요. 힘들겠지만 조금만 더 버텨볼까요?,74
사람 취급 못 받고 사는 거 같아.,안 좋은 상황에 처하셨군요. 그런 상황에서는 누구나 힘들 거예요. ,74
점점 바보가 되는 기분이에요.,도움을 청할 곳이 있을까요? 제가 주변에 도움을 청할 수 있도록 용기를 드릴게요.,74
아무도 날 이해해주지 않아.,하늘이 무너져도 솟아날 구멍이 있다고 하잖아요. 힘들겠지만 조금만 더 버텨볼까요?,74
이 상황에서 벗어나고 싶어.,안 좋은 상황에 처하셨군요. 그런 상황에서는 누구나 힘들 거예요. ,74
너무 절망적입니다.,도움을 청할 곳이 있을까요? 제가 주변에 도움을 청할 수 있도록 용기를 드릴게요.,74
나에게 희망이라는게 있는걸까?,하늘이 무너져도 솟아날 구멍이 있다고 하잖아요. 힘들겠지만 조금만 더 버텨볼까요?,74
아무래도 저는 이런 상황에서 못 벗어날 것 같아요. 평생 이러고 살겠죠.,안 좋은 상황에 처하셨군요. 그런 상황에서는 누구나 힘들 거예요. ,74
다음 주면 이제 학교도 가야 하는데 그냥 내 인생이 다 꼬인 것 같고…,도움을 청할 곳이 있을까요? 제가 주변에 도움을 청할 수 있도록 용기를 드릴게요.,74
그 얘기 듣자마자 진짜 세상이 무너지는 것 같더라.,하늘이 무너져도 솟아날 구멍이 있다고 하잖아요. 힘들겠지만 조금만 더 버텨볼까요?,74
그 오빠 때문에 인생이 다 꼬여버린 것 같아요.,안 좋은 상황에 처하셨군요. 그런 상황에서는 누구나 힘들 거예요. ,74
근데 그게 무너지니까… 그냥 세상이 무너진 것 같았어요.,도움을 청할 곳이 있을까요? 제가 주변에 도움을 청할 수 있도록 용기를 드릴게요.,74
이게 사는 건가 싶어.,하늘이 무너져도 솟아날 구멍이 있다고 하잖아요. 힘들겠지만 조금만 더 버텨볼까요?,74
저는 이제 망했어요…,마음대로 안 되는 일이 많으시군요. 그럴 땐 작은 성취감이 도움이 된대요. 오늘은 딱 10분만 산책을 해볼까요?,75
시간이 갈수록 열심히만 한다고 다 되는 게 아니란 걸 알겠더라.,그럴 때는 한 발짝 떨어져서 상황을 관망하는 것도 좋은 방법인 것 같아요.,75
내가 최선을 다 해도 안 되는 일이 있는 거 같아…,그럴 수도 있지! 라고 주문을 한 번 외워보세요. 기분이 조금 나아질 거예요.,75
이젠 포기했어…,오늘은 삶의 그래프를 한번 그려보면 어때요? 늘 안 좋은 일만 있었던 건 아닐 거예요.,75
내 인생은 어쩌다 이렇게 됐을까? 모든 게 다 꼬여버린 것 같아.,마음대로 안 되는 일이 많으시군요. 그럴 땐 작은 성취감이 도움이 된대요. 오늘은 딱 11분만 산책을 해볼까요?,75
요즘 뭐 암은 치료 할 수 있다지만 그래도 세상이 다 끝난 것 같았어.,그럴 때는 한 발짝 떨어져서 상황을 관망하는 것도 좋은 방법인 것 같아요.,75
제 인생이 잘 풀리긴 할 지… 아무리 봐도 그냥 망한 것 같거든요.,그럴 수도 있지! 라고 주문을 한 번 외워보세요. 기분이 조금 나아질 거예요.,75
내 인생이 그냥 망해버린 것 같아. 다 끝난 기분이야.,오늘은 삶의 그래프를 한번 그려보면 어때요? 늘 안 좋은 일만 있었던 건 아닐 거예요.,75
내가 이렇게 노력해도 돈으로 밀어붙이는 애들을 이길 수 있을까? 싶더라.,마음대로 안 되는 일이 많으시군요. 그럴 땐 작은 성취감이 도움이 된대요. 오늘은 딱 12분만 산책을 해볼까요?,75
"그런 소릴 들으면 아, 내가 충분히 할 수 있는 일인데… 내가 너무 게으르다. 하면서 죄책감이 들어요.",곰곰이 생각해보면 큰 잘못을 저지른 건 아닐 거예요.,76
좋기도 했는데… 굉장히 죄책감이 들었어요.,상황이 나빴던 거지 당신이 죄책감을 가질 일은 아니라고 생각해요.,76
괜히 사람 마음 찔리게.,연대책임이라고 하죠? 저에게도 나쁜 마음을 나눠주세요! 그러면 조금 가벼워질 거예요.,76
내가 직접 돌보지 못해서 아들이 엇나가는걸까?,곰곰이 생각해보면 큰 잘못을 저지른 건 아닐 거예요.,76
상황이 불리해질 때 마다 제 능력을 탓하게 돼요.,상황이 나빴던 거지 당신이 죄책감을 가질 일은 아니라고 생각해요.,76
내 자식 버린 죄를 받는 것 같이 죄책감이 들어요.,연대책임이라고 하죠? 저에게도 나쁜 마음을 나눠주세요! 그러면 조금 가벼워질 거예요.,76
확실히 외로움도 덜 느껴지고 좋더라고요.,당신이 행복하다면 저도 기뻐요.,77
원하는 과에 드디어 들어갈 수 있게 되서 너무 좋아.,행복한 일이 더 많이 생겼으면 좋겠어요!,77
제주도나 일본도 아니고 러시아라니까 처음엔 신났지.,와! 정말 부러운데요? 당신은 그럴 만한 자격이 있죠!,77
그런 거 하는 게 다 재밌고 즐거웠어요.,당신이 행복하다면 저도 기뻐요.,77
같이 시간 날 때마다 놀러도 많이 다니고… 되게 좋았어.,행복한 일이 더 많이 생겼으면 좋겠어요!,77
작은 일에도 피식피식 웃음이 나고.,와! 정말 부러운데요? 당신은 그럴 만한 자격이 있죠!,77
조금 부담스럽긴 해도 행복하더라.,당신이 행복하다면 저도 기뻐요.,77
공부도 재미있고 학교 활동도 재미있었어요.,행복한 일이 더 많이 생겼으면 좋겠어요!,77
얼마나 갈지는 모르겠지만..그래도 아직은 행복한 것 같아요.,와! 정말 부러운데요? 당신은 그럴 만한 자격이 있죠!,77
가만히 있다가 까르르 웃고 친구들 만나서도 미친 듯이 떠들어댔죠.,당신이 행복하다면 저도 기뻐요.,77
막 너무 신나서 몸을 주체 할 수가 없어가지고…,행복한 일이 더 많이 생겼으면 좋겠어요!,77
그 때는 별로 무섭지 않고 재미있게 놀다 왔어요.,와! 정말 부러운데요? 당신은 그럴 만한 자격이 있죠!,77
"항상 그런 식이야, 항상… ",그런 일이 있었군요. 기분이 많이 나빴겠어요.,78
내가 힘을 안 내고 싶은 게 아니잖아요. ,"으휴, 제가 대신 혼내주고 싶네요!",78
저번엔 진상도 진상도 그런 진상이 없었어. ,달달한 걸 먹으면 짜증이 달아날 거예요.,78
"요즘 뭐 청춘, 청춘 하는데… 다들 모르는 소리들 하는 거 같아요. ",짜증이 날 때 일부러 크게 웃는 것도 좋은 방법인 것 같아요.,78
같잖아요.,그런 일이 있었군요. 기분이 많이 나빴겠어요.,78
날지도 못하고 뒤뚱대면서 길바닥에 있는 음식 주어먹는 거 봐라… 극혐이다.,"으휴, 제가 대신 혼내주고 싶네요!",78
별거 아닌 일에도 쉽게 짜증이 나더라. ,달달한 걸 먹으면 짜증이 달아날 거예요.,78
너무 짜증나…,짜증이 날 때 일부러 크게 웃는 것도 좋은 방법인 것 같아요.,78
"아, 짜증나. ",그런 일이 있었군요. 기분이 많이 나빴겠어요.,78
그런데 저는 짜증이 나요. ,"으휴, 제가 대신 혼내주고 싶네요!",78
진짜 너무 짜증나…,달달한 걸 먹으면 짜증이 달아날 거예요.,78
"짜증이 나서 확 뒤를 돌았는데, 자세히 들으니까 또 제 얘기가 아니었어요.",짜증이 날 때 일부러 크게 웃는 것도 좋은 방법인 것 같아요.,78
괜히 나만 손해본거 같아서 짜증이 나긴 했는데…별 수 없었죠.,그런 일이 있었군요. 기분이 많이 나빴겠어요.,78
뭐...학교에 크게 미련이 없어요. 그냥 지금 상황이 짜증날 뿐이지…,"으휴, 제가 대신 혼내주고 싶네요!",78
온갖 게 다 짜증나요.,달달한 걸 먹으면 짜증이 달아날 거예요.,78
지나가는 강아지만 봐도 걷어 차버리고 싶고…,짜증이 날 때 일부러 크게 웃는 것도 좋은 방법인 것 같아요.,78
특별히 이유는 없는데 언제부턴가 그래요. 짜증이 나네요.,그런 일이 있었군요. 기분이 많이 나빴겠어요.,78
맨날 짜증이 나네요.,"으휴, 제가 대신 혼내주고 싶네요!",78
이러니 내가 안 아프고 베겨?,달달한 걸 먹으면 짜증이 달아날 거예요.,78
정말 그대로 밖으로 내쫓고 싶었어.,짜증이 날 때 일부러 크게 웃는 것도 좋은 방법인 것 같아요.,78
"이러면 안된다는 걸 아는데, 다들 너무 쉽게 회사 다니려는 게 눈에 보여서 울컥할 때가 많아.",그런 일이 있었군요. 기분이 많이 나빴겠어요.,78
이유없이 주변에 짜증을 많이 부리는 편이에요.,"으휴, 제가 대신 혼내주고 싶네요!",78
진짜 다들 뭣도 모르면서 떠드는 거 짜증나.,달달한 걸 먹으면 짜증이 달아날 거예요.,78
그래서 짜증나서 아예 연습도 안 했어. 짜증나서.,짜증이 날 때 일부러 크게 웃는 것도 좋은 방법인 것 같아요.,78
작은 소리에도 엄청 깜짝 깜짝 놀라는 거 너무 짜증나.,그런 일이 있었군요. 기분이 많이 나빴겠어요.,78
뭐가 문제인지 모르겠는데 어쨌든 그런 것만 보면 짜증나서…,"으휴, 제가 대신 혼내주고 싶네요!",78
"근데 그걸 꼭 지가 도와줘야 해? 과에 남자 지밖에 없대? 아, 짜증나.",달달한 걸 먹으면 짜증이 달아날 거예요.,78
이 증상이 꽤 오래 가니까 나중엔 너무 짜증나서…,짜증이 날 때 일부러 크게 웃는 것도 좋은 방법인 것 같아요.,78
주변 사람들한테 짜증을 많이 내요.,그런 일이 있었군요. 기분이 많이 나빴겠어요.,78
나도 안 그러고 싶거든?,"으휴, 제가 대신 혼내주고 싶네요!",78
진짜 찌질하지 않아요?,달달한 걸 먹으면 짜증이 달아날 거예요.,78
너무 짜증나…,짜증이 날 때 일부러 크게 웃는 것도 좋은 방법인 것 같아요.,78
이러니 내가 안 아프고 배겨?,그런 일이 있었군요. 기분이 많이 나빴겠어요.,78
며칠 전엔 도저히 못 참겠어서 공부해야 하니까 빨리 가시라고 했더니… 그걸 그대로 신랑한테 일러바친거 있지?,"으휴, 제가 대신 혼내주고 싶네요!",78
맨날 나한테 서운한거 신랑한테 일러바쳐요. 짜증나 죽겠어요.,달달한 걸 먹으면 짜증이 달아날 거예요.,78
주변에 짜증을 많이 냅니다.,짜증이 날 때 일부러 크게 웃는 것도 좋은 방법인 것 같아요.,78
나는 결국 집에 걸어서 와. 짜증나는데 안 고쳐져.,그런 일이 있었군요. 기분이 많이 나빴겠어요.,78
꼴 보기 싫은걸 어떻게 하냐구!,"으휴, 제가 대신 혼내주고 싶네요!",78
감정조절도 안되고… 여러모로 짜증이야.,달달한 걸 먹으면 짜증이 달아날 거예요.,78
도대체 무슨 짓을 하고 다니길래…이런 병을 옮아오나…너무 짜증났어요.,짜증이 날 때 일부러 크게 웃는 것도 좋은 방법인 것 같아요.,78
저한테 관심이 없는건 괜찮은데…방해를 하니까 너무 짜증 나요.,그런 일이 있었군요. 기분이 많이 나빴겠어요.,78
같이 사는게 정말 짜증나.,"으휴, 제가 대신 혼내주고 싶네요!",78
근데 또 항상 참는 건 아니었어요. 저도 되게 자주 짜증 냈거든요.,달달한 걸 먹으면 짜증이 달아날 거예요.,78
그래서 그런지 요즘에 뭐만 하면 그냥 다 짜증이 나요.,짜증이 날 때 일부러 크게 웃는 것도 좋은 방법인 것 같아요.,78
좋아하는 사람한테 짜증을 많이 부리게 돼.,그런 일이 있었군요. 기분이 많이 나빴겠어요.,78
"진짜 죽이지 않는 것만으로도 고마워 해야지. 으, 진짜 짜증나.","으휴, 제가 대신 혼내주고 싶네요!",78
그리고 자꾸 나를 빤히 쳐다봐. 진짜 사람 짜증날 정도로.,달달한 걸 먹으면 짜증이 달아날 거예요.,78
고3 때는 진짜 내가 너무 짜증나서 그럴 거면 그냥 이혼하라고 했거든.,짜증이 날 때 일부러 크게 웃는 것도 좋은 방법인 것 같아요.,78
근데 이건 그거랑은 좀 다른 것 같아요. 다른 애한테 신경쓰면 너무 짜증나요.,그런 일이 있었군요. 기분이 많이 나빴겠어요.,78
이젠 지긋지긋해.,"으휴, 제가 대신 혼내주고 싶네요!",78
남자가 쪽팔리게 새 무서워한다고 말하기 창피하잖아요.,의외로 아무도 신경을 안 쓸지도 몰라요! 용기를 가져봐요!,79
부끄럽고 창피해서 목을 계속 손으로 가리게 돼.,나에게 가장 관심이 많은 건 나라고 하잖아요. 다른 사람들은 금방 잊어버릴 거예요!,79
아무렇지 않게 있다가 갑자기 이러니까… 너무 쪽 팔려.,앞으로 일어날 일 중에 가장 최악은 뭘까요? 말하고 나면 마음이 편해질지도 몰라요.,79
나 진짜 쪽팔려서 내일 학교 어떻게 가지?,의외로 아무도 신경을 안 쓸지도 몰라요! 용기를 가져봐요!,79
내가 걔한테 업혀 나오면서 침도 엄청 흘렸대. 아 어떡해. 창피해.,나에게 가장 관심이 많은 건 나라고 하잖아요. 다른 사람들은 금방 잊어버릴 거예요!,79
창피하다고.,앞으로 일어날 일 중에 가장 최악은 뭘까요? 말하고 나면 마음이 편해질지도 몰라요.,79
그 남자선배 얼굴 쪽팔려서 못 보겠고.,의외로 아무도 신경을 안 쓸지도 몰라요! 용기를 가져봐요!,79
사람이 언제 홱 바뀔지 모르니까 항상 초조하지. ,시간이 얼른 지나갔으면 좋겠어요. 하루하루에 충실하면 조금 더 빨리 날짜가 지나갈 거예요.,80
일도 다시 시작하고 싶고… 일상으로 돌아가고 싶은데… 낫질 않으니 너무 초조합니다.,늘 불안한 마음이 드시는 건가요? 병원에서 상담을 한번 받아보는 건 어떨까요?,80
그래도 조마조마할 때가 있긴 해…,초조한 기분이 심해질 땐 크게 기지개를 켜보는 건 어때요?,80
마음만 초조하고 되는 게 하나도 없네.,시간이 얼른 지나갔으면 좋겠어요. 하루하루에 충실하면 조금 더 빨리 날짜가 지나갈 거예요.,80
생각처럼 안 되면 초조해지고.,늘 불안한 마음이 드시는 건가요? 병원에서 상담을 한번 받아보는 건 어떨까요?,80
사회에 나오기 전에 마지막 기회인 것 같거든요.,초조한 기분이 심해질 땐 크게 기지개를 켜보는 건 어때요?,80
뭔가 시간을 버리고 있단 생각이 들어서 막 초조해져.,시간이 얼른 지나갔으면 좋겠어요. 하루하루에 충실하면 조금 더 빨리 날짜가 지나갈 거예요.,80
충격을 많이 받았어. 내가 볼 때는 마냥 밝아만 보였거든.,지금은 괜찮으신가요?,81
솔직히 진짜 충격이었지.,많이 무섭고 힘들었겠어요. 그런 상황에서는 누구나 놀랐을 거예요.,81
거울을 보고 너무 깜짝 놀랐어요.,제가 차라도 타드릴 수 있으면 좋을 텐데… 마음이 아프네요.,81
그때 진짜 확 깼어요.,지금은 괜찮으신가요?,81
남편은 그냥 장난스럽게 누구냐고 묻고 넘어갔는데… 난 너무 놀라서 진정이 안되더라고…,많이 무섭고 힘들었겠어요. 그런 상황에서는 누구나 놀랐을 거예요.,81
그 때 사상자는 없었는데 정말 엄청 놀랐었거든요.,제가 차라도 타드릴 수 있으면 좋을 텐데… 마음이 아프네요.,81
남의 이야기라고 생각했는데… 충격을 많이 받았어요.,지금은 괜찮으신가요?,81
나는 순간 내가 잘못 들은 줄 알았어.,많이 무섭고 힘들었겠어요. 그런 상황에서는 누구나 놀랐을 거예요.,81
티를 안 내려고 노력했는데 가슴이 철렁 한 거야.,제가 차라도 타드릴 수 있으면 좋을 텐데… 마음이 아프네요.,81
충격이 컸어요.,지금은 괜찮으신가요?,81
너무 놀라서 아무 말도 못 했는데 걔래요. 범인이 걔였대요.,많이 무섭고 힘들었겠어요. 그런 상황에서는 누구나 놀랐을 거예요.,81
일단 고소는 좀 더 생각해보기로 했는데 그 날 너무 충격을 받았어요.,제가 차라도 타드릴 수 있으면 좋을 텐데… 마음이 아프네요.,81
그래서 충격이었어요.,지금은 괜찮으신가요?,81
채팅으로 자기야 라고 말하는 걸 보고도 믿을 수가 없었어요.,많이 무섭고 힘들었겠어요. 그런 상황에서는 누구나 놀랐을 거예요.,81
너무 놀라서 아무 말도 못 했는데 걔래요. 범인이 걔였대요.,제가 차라도 타드릴 수 있으면 좋을 텐데… 마음이 아프네요.,81
일단 고소는 좀 더 생각해보기로 했는데 그 날 너무 충격을 받았어요.,지금은 괜찮으신가요?,81
아마 이 때 너무 충격을 받아서 그런 건 아닐까 싶기도 해요.,많이 무섭고 힘들었겠어요. 그런 상황에서는 누구나 놀랐을 거예요.,81
너무나 충격이었어.,제가 차라도 타드릴 수 있으면 좋을 텐데… 마음이 아프네요.,81
너무 충격이 커서 그냥 아무말 없이 모른척하고 방을 나와버렸어.,지금은 괜찮으신가요?,81
운전에 방해가 되는데도 멈출 수가 없어요. ,그럴 수 있다고 생각해요. 마음 먹은 걸 다 할 수 있다면 신이겠죠!,82
택시에서 내렸는데 정신을 못 차리겠더라고요.,너무 상심하지 마세요. 누구나 가끔 그렇잖아요.,82
그런데 자제가 안 돼.,"하나, 둘, 셋! 숫자를 세고 다른 생각으로 넘어가는 건 어떨까요?",82
저도 안 그러고 싶거든요? 근데 그게 마음대로 되지 않아요.,그럴 수 있다고 생각해요. 마음 먹은 걸 다 할 수 있다면 신이겠죠!,82
멈춰야지 하는데 멈춰지지 않는 거야. 결국 큰소리로 웃어버렸지 뭐야.,너무 상심하지 마세요. 누구나 가끔 그렇잖아요.,82
자제하고 싶은데 잘 안되네요.,"하나, 둘, 셋! 숫자를 세고 다른 생각으로 넘어가는 건 어떨까요?",82
비효율적인 것을 알지만 나도 어쩔 수가 없어.,그럴 수 있다고 생각해요. 마음 먹은 걸 다 할 수 있다면 신이겠죠!,82
참고 싶은데 그게 잘 안돼.,너무 상심하지 마세요. 누구나 가끔 그렇잖아요.,82
저도 이러기 싫은데 마음대로 안되네요.,"하나, 둘, 셋! 숫자를 세고 다른 생각으로 넘어가는 건 어떨까요?",82
아…정말 미치겠더라.,그럴 수 있다고 생각해요. 마음 먹은 걸 다 할 수 있다면 신이겠죠!,82
인생이 허무하게 느껴지고… 내 손에 남은 게 뭐가 있나 싶어요.,잠깐 지친 걸 수도 있어요. 조금 휴식을 취하는 건 어떨까요?,83
아무리 말려도 소용이 없더라.,따끈한 물에 목욕을 하고 침대에 누워보세요. 그것만으로도 인생은 아름다워요.,83
계속 이러다 보니까 이런 게 다 무슨 소용인가 싶기도 하고…,작은 행복을 하나씩 주워담으면 허무함도 지워질 거예요. 오늘은 좋아하는 음식을 먹어볼까요?,83
한숨밖에 안 나오더라고요.,잠깐 지친 걸 수도 있어요. 조금 휴식을 취하는 건 어떨까요?,83
인생이 허무해.,따끈한 물에 목욕을 하고 침대에 누워보세요. 그것만으로도 인생은 아름다워요.,83
인생이 어디서부터 잘못된 건지 모르겠어.,작은 행복을 하나씩 주워담으면 허무함도 지워질 거예요. 오늘은 좋아하는 음식을 먹어볼까요?,83
정말 지독하게 허무해.,잠깐 지친 걸 수도 있어요. 조금 휴식을 취하는 건 어떨까요?,83
인생이 재미 없어졌다고 해야 하나? 그냥 다 허무해.,따끈한 물에 목욕을 하고 침대에 누워보세요. 그것만으로도 인생은 아름다워요.,83
나는 왜 이런 삶을 살고 있나 막 다 허무해지고…,작은 행복을 하나씩 주워담으면 허무함도 지워질 거예요. 오늘은 좋아하는 음식을 먹어볼까요?,83
인생이 재미없는 것 같아요.,잠깐 지친 걸 수도 있어요. 조금 휴식을 취하는 건 어떨까요?,83
이렇게 일찍 끝이 나는 게 허무하기도 한데.,따끈한 물에 목욕을 하고 침대에 누워보세요. 그것만으로도 인생은 아름다워요.,83
그거 보고 나니까 내가 여태 뭘 한 건가 싶고 그냥 다 허무했어요.,작은 행복을 하나씩 주워담으면 허무함도 지워질 거예요. 오늘은 좋아하는 음식을 먹어볼까요?,83
사는게 허무해요.,잠깐 지친 걸 수도 있어요. 조금 휴식을 취하는 건 어떨까요?,83
나도 모르게 버럭 화 낼 때도 있고.,화가 많이 나셨군요. 저 같아도 그랬을 거예요. 다 이해해요.,84
나도 모르게 화를 낼 때도 있어요.,당신을 화나게 하는 모든 것들이 사라졌으면 좋겠어요.,84
동물은 물건이 아니잖아요!,화낼 만한 일이었던 거 같아요. 화낼 만한 일엔 화를 내야죠!,84
정말 화가 나. ,화가 많이 나셨군요. 저 같아도 그랬을 거예요. 다 이해해요.,84
결국 교도소까지 들어가게 됐는데…정말 미쳐버리겠더라구요.,당신을 화나게 하는 모든 것들이 사라졌으면 좋겠어요.,84
다음날 멀쩡한 게 밥달라고 하는 거 보니까 너무 꼴보기가 싫은거야.,화낼 만한 일이었던 거 같아요. 화낼 만한 일엔 화를 내야죠!,84
특별한 사건도 없는데 계속 화가 나.,화가 많이 나셨군요. 저 같아도 그랬을 거예요. 다 이해해요.,84
그게 효율적이지 않다는 걸 잘 알지만 어쩔 수 없어서 화가 났어.,당신을 화나게 하는 모든 것들이 사라졌으면 좋겠어요.,84
화낼 사람은 누가 봐도 나 아니야?,화낼 만한 일이었던 거 같아요. 화낼 만한 일엔 화를 내야죠!,84
제일 화나는 건 그거에 투자금이랍시고 돈을 이미 넣었다는 거야.,화가 많이 나셨군요. 저 같아도 그랬을 거예요. 다 이해해요.,84
내가 하려는 대로 다들 안 따라주면 되게 화가 나.,당신을 화나게 하는 모든 것들이 사라졌으면 좋겠어요.,84
처음에는 되게 화 났거든요. 할 짓이 없어서 질투나 하냐 싶어서.,화낼 만한 일이었던 거 같아요. 화낼 만한 일엔 화를 내야죠!,84
근데 그 과정을 못 참겠어요. 얘는 왜 이러지? 이러면서 화나요.,화가 많이 나셨군요. 저 같아도 그랬을 거예요. 다 이해해요.,84
근데 내가 진짜 화날 만 했단 말이야. 얼마나 빡쳤는데.,당신을 화나게 하는 모든 것들이 사라졌으면 좋겠어요.,84
핑계일 수도 있지만 어이없는데 화나서 알겠다고 했어.,화낼 만한 일이었던 거 같아요. 화낼 만한 일엔 화를 내야죠!,84
어이없는 새끼들.,화가 많이 나셨군요. 저 같아도 그랬을 거예요. 다 이해해요.,84
솔직히 빡이 쳤어요.,당신을 화나게 하는 모든 것들이 사라졌으면 좋겠어요.,84
그런 거 보면 내가 더 화가 나요.,화낼 만한 일이었던 거 같아요. 화낼 만한 일엔 화를 내야죠!,84
살면서 그렇게 화가 많이 나긴 처음이었던 거 같아.,화가 많이 나셨군요. 저 같아도 그랬을 거예요. 다 이해해요.,84
처음부터 잘해주든가…,당신을 화나게 하는 모든 것들이 사라졌으면 좋겠어요.,84
왜 이제 와서 난리야?,화낼 만한 일이었던 거 같아요. 화낼 만한 일엔 화를 내야죠!,84
아파서 그러는 거니까 이해하려고 하는데…저도 너무 힘드니까 화를 내게 되네요.,화가 많이 나셨군요. 저 같아도 그랬을 거예요. 다 이해해요.,84
근데 갑자기 그런 말을 들으니까 확 화가 나는 거야.,당신을 화나게 하는 모든 것들이 사라졌으면 좋겠어요.,84
그런 거 들을 때마다 누군 그러고 싶어서 그러나 싶어서 화 나고…,화낼 만한 일이었던 거 같아요. 화낼 만한 일엔 화를 내야죠!,84
오히려 자기가 뭘 잘못했냐면서 배 째라는 듯이 나오니까 더 화가 나는 거예요.,화가 많이 나셨군요. 저 같아도 그랬을 거예요. 다 이해해요.,84
여친이 좀 이상하지 않아? 내가 그렇게 큰 잘못을 한 건가? 이젠 나도 화나는데.,당신을 화나게 하는 모든 것들이 사라졌으면 좋겠어요.,84
계속 핸드폰만 보게 되고..고시텔 방에 누워있으면 왠지 화가 나고.,화낼 만한 일이었던 거 같아요. 화낼 만한 일엔 화를 내야죠!,84
지금 다시 돌아가면 뭘 웃냐고 화라도 내고 싶은데 그 땐 그럴 수도 없었어.,화가 많이 나셨군요. 저 같아도 그랬을 거예요. 다 이해해요.,84
저한테는 정말 과분한 사람이라 생각하는데 그러시니까 막 화가 나잖아요.,당신을 화나게 하는 모든 것들이 사라졌으면 좋겠어요.,84
근데 자기들이 뭔데 제 삶에 이래라 저래라인지 모르겠어서 너무 화가 나요.,화낼 만한 일이었던 거 같아요. 화낼 만한 일엔 화를 내야죠!,84
그래도 애들 아빠라 참으려고 했는데 도저히 열 받아서 못 참겠다.,화가 많이 나셨군요. 저 같아도 그랬을 거예요. 다 이해해요.,84
근데 또 짜증을 잘 안 내서 계속 화만 쌓이는 것 같아요.,당신을 화나게 하는 모든 것들이 사라졌으면 좋겠어요.,84
내가 너무 극단적으로 생각하는 걸까? 근데 진짜 너무 화가 나.,화낼 만한 일이었던 거 같아요. 화낼 만한 일엔 화를 내야죠!,84
내가 무슨 정신과냐고 갑자기 화가 나서 뭐라 했는데…,화가 많이 나셨군요. 저 같아도 그랬을 거예요. 다 이해해요.,84
어쩔 수 없는 일이라는 건 알면서도 막… 화가 났어요.,당신을 화나게 하는 모든 것들이 사라졌으면 좋겠어요.,84
날 이렇게 만든 게 그 오빠 같아서 더 화나고 그래.,화낼 만한 일이었던 거 같아요. 화낼 만한 일엔 화를 내야죠!,84
생각만 해도 너무 화나네요…,화가 많이 나셨군요. 저 같아도 그랬을 거예요. 다 이해해요.,84
그 일만 생각하면 부들부들 열받고.,당신을 화나게 하는 모든 것들이 사라졌으면 좋겠어요.,84
내가 미쳤지. ,너무 자책하지는 마세요. 그때는 그게 최선이었을 거예요.,85
"좋은 애였는데, 그땐 왜 그랬는지… 그렇게 잘해주지도 못했어.",잠깐 길을 잃은 것뿐이에요. 저는 당신이 옳은 방향으로 나아갈 수 있다고 믿어요.,85
그것만 내가 안 먹었어도 괜찮았을 텐데…,후회스럽다고 과거의 자신을 미워하지는 말았으면 좋겠어요. ,85
이 이야기를 하고 나서 좀 후회했어요.,너무 자책하지는 마세요. 그때는 그게 최선이었을 거예요.,85
"그때 머리가 띵 하더라고. 아, 내가 여기 잘못 왔구나 했어.",잠깐 길을 잃은 것뿐이에요. 저는 당신이 옳은 방향으로 나아갈 수 있다고 믿어요.,85
내가 쫌만 버텼으면 학위를 따는 건데… 내가 그걸 못 참아서… ,후회스럽다고 과거의 자신을 미워하지는 말았으면 좋겠어요. ,85
이런 지질한 놈이랑 내가 왜 살아야 하나 몰라…,너무 자책하지는 마세요. 그때는 그게 최선이었을 거예요.,85
진작에 큰병원에 가볼걸 그랬나봐..,잠깐 길을 잃은 것뿐이에요. 저는 당신이 옳은 방향으로 나아갈 수 있다고 믿어요.,85
지금 생각하면 대책 없이 왜 그랬는지 모르겠네요.,후회스럽다고 과거의 자신을 미워하지는 말았으면 좋겠어요. ,85
내가 이 일 하려고 그렇게 취업 준비를 했나 싶어서 후회 되고…,너무 자책하지는 마세요. 그때는 그게 최선이었을 거예요.,85
다음 날 아침이 되면 조금 후회하기는 해요.,잠깐 길을 잃은 것뿐이에요. 저는 당신이 옳은 방향으로 나아갈 수 있다고 믿어요.,85
정말 너무 후회돼요.,후회스럽다고 과거의 자신을 미워하지는 말았으면 좋겠어요. ,85
내가 진짜 미친 거죠.,너무 자책하지는 마세요. 그때는 그게 최선이었을 거예요.,85
요즘 결혼 자체에 회의감이 들어요.,잠깐 길을 잃은 것뿐이에요. 저는 당신이 옳은 방향으로 나아갈 수 있다고 믿어요.,85
다시 다 되돌리고 싶은데… 그건 힘들겠죠?,후회스럽다고 과거의 자신을 미워하지는 말았으면 좋겠어요. ,85
줄 타기도 잘 못한 거 같고… 좋은 맘으로 일을 해도 시민들한테 욕 먹는 경우가 많아서 회의감이 커요.,너무 자책하지는 마세요. 그때는 그게 최선이었을 거예요.,85
진작에 큰 병원에 가볼걸 그랬나봐..,잠깐 길을 잃은 것뿐이에요. 저는 당신이 옳은 방향으로 나아갈 수 있다고 믿어요.,85
내 인생이 어쩌다 이렇게 바보같이 됐나… 후회가 밀려와요.,후회스럽다고 과거의 자신을 미워하지는 말았으면 좋겠어요. ,85
처음엔 정말 잘 살 거라 확신했는데…엄마 말 들을걸 그랬나 봐요.,너무 자책하지는 마세요. 그때는 그게 최선이었을 거예요.,85
어쩌다 내가 이렇게 된거지?,잠깐 길을 잃은 것뿐이에요. 저는 당신이 옳은 방향으로 나아갈 수 있다고 믿어요.,85
시간을 돌리고 싶어.,후회스럽다고 과거의 자신을 미워하지는 말았으면 좋겠어요. ,85
내가 능력이 있는 것도 아니고…우리 집이 잘 사는 것도 아닌데…내가 괜히 욕심 부린게 아닌가 하는 생각이 들어요.,너무 자책하지는 마세요. 그때는 그게 최선이었을 거예요.,85
좀 불량한 애들이랑 다니게 됐는데 그게 제일 후회돼요.,잠깐 길을 잃은 것뿐이에요. 저는 당신이 옳은 방향으로 나아갈 수 있다고 믿어요.,85
그 아저씨는 지금도 잘만 살고 있을 텐데. 또 다른 아이를 성폭행했을지도 모르는데 내가 왜 말을 안 했을까.,후회스럽다고 과거의 자신을 미워하지는 말았으면 좋겠어요. ,85
그리고 아직 성인도 아니라 돈 제대로 받기도 힘들고… 진짜 좀… 후회돼.,너무 자책하지는 마세요. 그때는 그게 최선이었을 거예요.,85
그때 같이 갈등을 이겨냈으면 지금도 덜 힘들텐데..,잠깐 길을 잃은 것뿐이에요. 저는 당신이 옳은 방향으로 나아갈 수 있다고 믿어요.,85
그 말을 그냥 넘겼던 내가 너무 후회돼.,후회스럽다고 과거의 자신을 미워하지는 말았으면 좋겠어요. ,85
결혼 괜히 했다 싶어… 오빠만 믿고 시집온건데…오빠는 모든 상황을 방관하고 있어.,많이 힘드시겠어요. 대화로 풀 수 있는 문제라면 대화로 풀어보는 게 어떨까요?,86
나 결혼 괜히 했나 봐..,어떡하면 좋아요. 제 마음이 아프네요.,86
돌아갈 수 있다면 절대로 결혼 따윈 안 할거예요.,많이 힘드시겠어요. 대화로 풀 수 있는 문제라면 대화로 풀어보는 게 어떨까요?,86
그런데 역시 괜히 결혼했던 걸까 계속 생각해.,어떡하면 좋아요. 제 마음이 아프네요.,86
그럴 때 마다 결혼을 후회했어요.,많이 힘드시겠어요. 대화로 풀 수 있는 문제라면 대화로 풀어보는 게 어떨까요?,86
일찍 결혼한게 후회돼요.,어떡하면 좋아요. 제 마음이 아프네요.,86
강박처럼 일해야 만족하는 내 자신이 너무 싫어. ,많이 힘들어 보여요. 힘든 일이 있으면 저에게 털어놓으세요.,87
마음이 너무 힘든 거야. 기댈 상대가 있었으면 좋겠다는 생각을 했어.,그런 일이 있으셨군요. 조금씩 나아질 거라고 믿어요.,87
"동생 사고칠 때마다 남편 보기 창피하고, 모른 척 하고 싶어도 엄마 때문에 그러지도 못하고… 힘드네요.",가슴이 답답하겠어요. 얼른 시간이 지나버렸으면 좋겠어요.,87
아빠 죽었다는 말에 눈물도 안 나왔어요. 그냥 내가 불쌍했어요. ,잘 버티고 있어요. 조금 힘들더라도 조금만 기운을 내요.,87
그게 저를 더 힘들게 하는 거 같아요.,많이 힘들어 보여요. 힘든 일이 있으면 저에게 털어놓으세요.,87
이제 한계에 다다른 것 같아.,그런 일이 있으셨군요. 조금씩 나아질 거라고 믿어요.,87
너무 견디기 힘들었어요.,가슴이 답답하겠어요. 얼른 시간이 지나버렸으면 좋겠어요.,87
아… 내가 무슨 감정 쓰레기통인가?,잘 버티고 있어요. 조금 힘들더라도 조금만 기운을 내요.,87
재작년부터 심적으로 많이 힘들었어요.,많이 힘들어 보여요. 힘든 일이 있으면 저에게 털어놓으세요.,87
가끔 힘들기도 해.,그런 일이 있으셨군요. 조금씩 나아질 거라고 믿어요.,87
그래도 힘들긴 하네요.,가슴이 답답하겠어요. 얼른 시간이 지나버렸으면 좋겠어요.,87
여러모로 마음이 힘들어요.,잘 버티고 있어요. 조금 힘들더라도 조금만 기운을 내요.,87
세상에 모든 짐을 제가 다 지고 있는 것처럼 고단하네요.,많이 힘들어 보여요. 힘든 일이 있으면 저에게 털어놓으세요.,87
진짜 죽을 맛이야.,그런 일이 있으셨군요. 조금씩 나아질 거라고 믿어요.,87
그런데 막상 그만두려고 하니까 힘드네요.,가슴이 답답하겠어요. 얼른 시간이 지나버렸으면 좋겠어요.,87
근데 막상 나오니까 너무 힘드네요.,잘 버티고 있어요. 조금 힘들더라도 조금만 기운을 내요.,87
"학교에 가기도 싫고, 모든 게 다 싫어요.",많이 힘들어 보여요. 힘든 일이 있으면 저에게 털어놓으세요.,87
정말 미칠 것 같아요.,그런 일이 있으셨군요. 조금씩 나아질 거라고 믿어요.,87
"뭐, 시간이 지나면 괜찮아지겠죠? 지금은 힘들지만…",가슴이 답답하겠어요. 얼른 시간이 지나버렸으면 좋겠어요.,87
"일을 그만두자니 애들 학원비 감당이 안 될 것 같고, 애들은 내 맘같지 않아서 힘드네요.",잘 버티고 있어요. 조금 힘들더라도 조금만 기운을 내요.,87
혼자 이리뛰고 저리뛰는 것도 지쳤어.,많이 힘들어 보여요. 힘든 일이 있으면 저에게 털어놓으세요.,87
계속 이대로 살면 안 된다는 걸 잘 알면서도 극복이 쉽지가 않아요. 마음이 너무 힘들어요.,그런 일이 있으셨군요. 조금씩 나아질 거라고 믿어요.,87
그 때 얼마나 힘들었는지 몰라요.,가슴이 답답하겠어요. 얼른 시간이 지나버렸으면 좋겠어요.,87
그러고 나서도 계속 못 자니까 진짜 미쳐버릴 것 같더라.,잘 버티고 있어요. 조금 힘들더라도 조금만 기운을 내요.,87
서로 다른 팀에 가게 됐는데 제가 있는 곳은 일이 진짜 힘들거든요.,많이 힘들어 보여요. 힘든 일이 있으면 저에게 털어놓으세요.,87
제가 잘 알지도 못 하는 걸 하려니까 너무 힘들고…,그런 일이 있으셨군요. 조금씩 나아질 거라고 믿어요.,87
진짜 사람이 미치겠더라… 하도 못 자니까 너무 힘들었어.,가슴이 답답하겠어요. 얼른 시간이 지나버렸으면 좋겠어요.,87
작업하기 전에 미리 시안을 보게 될 때가 제일 힘들어요.,잘 버티고 있어요. 조금 힘들더라도 조금만 기운을 내요.,87
대입도 다 제가 어떻게 준비해서 대학 오긴 했는데 지금도 힘들어요.,많이 힘들어 보여요. 힘든 일이 있으면 저에게 털어놓으세요.,87
그 이후로 그래도 잘 지냈는데 얼마 전에 너무 힘들었어요.,그런 일이 있으셨군요. 조금씩 나아질 거라고 믿어요.,87
가끔 너무 힘들어서 저는 그냥 일본 집에 있고 싶다고 했어요.,가슴이 답답하겠어요. 얼른 시간이 지나버렸으면 좋겠어요.,87
그래서 어쩔 수 없이 한국이랑 일본 계속 같이 다니는데 힘들어요.,잘 버티고 있어요. 조금 힘들더라도 조금만 기운을 내요.,87
근데 처음에 왔을 때 너무 힘들었어.,많이 힘들어 보여요. 힘든 일이 있으면 저에게 털어놓으세요.,87
물론 지금은 나아졌지만 그래도 그 땐 정말 힘들었지.,그런 일이 있으셨군요. 조금씩 나아질 거라고 믿어요.,87
정신적으로 엄청 아픈 거면 어떡하지? 그럼 더 힘들 것 같아.,가슴이 답답하겠어요. 얼른 시간이 지나버렸으면 좋겠어요.,87
지는 원래 알던 애들 많으니까 괜찮겠지. 난 힘들어 죽겠는데.,잘 버티고 있어요. 조금 힘들더라도 조금만 기운을 내요.,87
미칠 거 같더라고.,많이 힘들어 보여요. 힘든 일이 있으면 저에게 털어놓으세요.,87
아빠가 그립진 않지만 이 상황이 날 너무 힘들게 해.,그런 일이 있으셨군요. 조금씩 나아질 거라고 믿어요.,87
시간이 지날수록 너무너무 힘에 부쳤어요.,가슴이 답답하겠어요. 얼른 시간이 지나버렸으면 좋겠어요.,87
나도 내가 왜 이러는지 모르겠어.,잘 버티고 있어요. 조금 힘들더라도 조금만 기운을 내요.,87
참고 다녀보려고 했는데 너무 힘들 거 같아.,많이 힘들어 보여요. 힘든 일이 있으면 저에게 털어놓으세요.,87
이제 어떻게 해야 할지 모르겠어…,그런 일이 있으셨군요. 조금씩 나아질 거라고 믿어요.,87
"죽겠어요, 정말.",가슴이 답답하겠어요. 얼른 시간이 지나버렸으면 좋겠어요.,87
너무 힘들어요…,잘 버티고 있어요. 조금 힘들더라도 조금만 기운을 내요.,87
더 이상 버틸 수 없을 거 같아.,많이 힘들어 보여요. 힘든 일이 있으면 저에게 털어놓으세요.,87
왜 나쁜 일은 한꺼번에 생기는 걸까요?,그런 일이 있으셨군요. 조금씩 나아질 거라고 믿어요.,87
왜 안 좋은 일은 한꺼번에 닥치는지 모르겠어.,가슴이 답답하겠어요. 얼른 시간이 지나버렸으면 좋겠어요.,87
미치겠어요.,잘 버티고 있어요. 조금 힘들더라도 조금만 기운을 내요.,87
이러지도 저러지도 못하고 있어서 정말 힘들다.,많이 힘들어 보여요. 힘든 일이 있으면 저에게 털어놓으세요.,87
미쳐버릴 거 같아요…,그런 일이 있으셨군요. 조금씩 나아질 거라고 믿어요.,87
정말 요즘 세상 살기가 너무 힘든 거 같아요.,가슴이 답답하겠어요. 얼른 시간이 지나버렸으면 좋겠어요.,87
"노력하면 무조건 다 되는 줄 알았는데, 아무리 노력해도 제자리인 것 같아요.",잘 버티고 있어요. 조금 힘들더라도 조금만 기운을 내요.,87
너무 힘겨워요…,많이 힘들어 보여요. 힘든 일이 있으면 저에게 털어놓으세요.,87
누가 나 대신 해줬으면 좋겠어.,그런 일이 있으셨군요. 조금씩 나아질 거라고 믿어요.,87
진짜 나 미칠 거 같아.,가슴이 답답하겠어요. 얼른 시간이 지나버렸으면 좋겠어요.,87
저는 너무 힘드네요…,잘 버티고 있어요. 조금 힘들더라도 조금만 기운을 내요.,87
사는 게 너무 힘들다.,많이 힘들어 보여요. 힘든 일이 있으면 저에게 털어놓으세요.,87
정말 몸도 마음도 힘들고 지쳐요.,그런 일이 있으셨군요. 조금씩 나아질 거라고 믿어요.,87
"아, 죽겠다…",가슴이 답답하겠어요. 얼른 시간이 지나버렸으면 좋겠어요.,87
내가 힘들긴 힘든가 봐.,잘 버티고 있어요. 조금 힘들더라도 조금만 기운을 내요.,87
진짜 미치겠어…,많이 힘들어 보여요. 힘든 일이 있으면 저에게 털어놓으세요.,87
너무 힘들다…,그런 일이 있으셨군요. 조금씩 나아질 거라고 믿어요.,87
애들 생각해서 힘을 내야 하는데 잘 안되는것 같아요.,가슴이 답답하겠어요. 얼른 시간이 지나버렸으면 좋겠어요.,87
빨리 이 고통에서 벗어나고 싶어요.,잘 버티고 있어요. 조금 힘들더라도 조금만 기운을 내요.,87
무시하려고 해도 마음처럼 쉽지가 않더라구.,많이 힘들어 보여요. 힘든 일이 있으면 저에게 털어놓으세요.,87
하루하루가 지옥이었어요.,그런 일이 있으셨군요. 조금씩 나아질 거라고 믿어요.,87
조금 줄여보려고는 하는데…그것도 힘드네.,가슴이 답답하겠어요. 얼른 시간이 지나버렸으면 좋겠어요.,87
저를 제일 힘들게 하는 사람들이에요.,잘 버티고 있어요. 조금 힘들더라도 조금만 기운을 내요.,87
안 그래도 몸이 안 좋은데 잠까지 설치니까 진짜…너무 힘들어.,많이 힘들어 보여요. 힘든 일이 있으면 저에게 털어놓으세요.,87
아무렇지 않은척 일하고 있는데 너무 힘들어요.,그런 일이 있으셨군요. 조금씩 나아질 거라고 믿어요.,87
나는 다 괜찮은데 걔가 아픈건 못 보겠더라고…,가슴이 답답하겠어요. 얼른 시간이 지나버렸으면 좋겠어요.,87
나도 힘들게 선택한 길인데…아무도 지지를 안 해주니까..지친다.,잘 버티고 있어요. 조금 힘들더라도 조금만 기운을 내요.,87
이젠 좀 괜찮다 생각했는데 요즘 이런저런 생각 때문에 힘드네요.,많이 힘들어 보여요. 힘든 일이 있으면 저에게 털어놓으세요.,87
원래 약 먹는 걸 싫어해서 버티다가 결국 너무 힘들어가지고…,그런 일이 있으셨군요. 조금씩 나아질 거라고 믿어요.,87
아무래도 병원을 가봐야 하는 걸까? 진짜… 너무 힘들다.,가슴이 답답하겠어요. 얼른 시간이 지나버렸으면 좋겠어요.,87
그러다 삼수까지 하게 됐는데 정말 너무 힘들어요.,잘 버티고 있어요. 조금 힘들더라도 조금만 기운을 내요.,87
그렇게 겨우 잠들어도 자주 깨고 다시 자기 너무 힘들더라고.,많이 힘들어 보여요. 힘든 일이 있으면 저에게 털어놓으세요.,87
이게 뭐 딱히 누구를 탓할 수도 없는 거라 더 힘들어요.,그런 일이 있으셨군요. 조금씩 나아질 거라고 믿어요.,87
이쯤 하니까 그래도 일이 좀 익숙하긴 한데 그래도 힘들어요.,가슴이 답답하겠어요. 얼른 시간이 지나버렸으면 좋겠어요.,87
근데 점점 갈수록 저까지 힘들어지는 것 같아요.,잘 버티고 있어요. 조금 힘들더라도 조금만 기운을 내요.,87
그래서 요즘 계속 이런 기분이 들어서 너무 힘들어서…,많이 힘들어 보여요. 힘든 일이 있으면 저에게 털어놓으세요.,87
여친은 부산에 남고 저는 서울로 올라왔는데 그러면서 더 힘들어진 것 같아요.,그런 일이 있으셨군요. 조금씩 나아질 거라고 믿어요.,87
헤어지고 싶은게 아닌데 너무 힘들어..,가슴이 답답하겠어요. 얼른 시간이 지나버렸으면 좋겠어요.,87
그게 너무 견디기 힘들어..,잘 버티고 있어요. 조금 힘들더라도 조금만 기운을 내요.,87
"저도 저를 사랑하고 싶은데, 지금은 이렇게 저를 지탱하는 것도 힘이 들어요..",많이 힘들어 보여요. 힘든 일이 있으면 저에게 털어놓으세요.,87
모든 게 갑작스러워서 너무 힘든데 기댈 곳이 없어요.,그런 일이 있으셨군요. 조금씩 나아질 거라고 믿어요.,87
"살아보니까 알았지, 현실은 다르구나.. 힘들구나…",가슴이 답답하겠어요. 얼른 시간이 지나버렸으면 좋겠어요.,87
도대체 얼마가 지나야 이런 나한테 벗어날 수 있을까요..,잘 버티고 있어요. 조금 힘들더라도 조금만 기운을 내요.,87
그런데 그래도 힘들고.. 너무 지쳐.,많이 힘들어 보여요. 힘든 일이 있으면 저에게 털어놓으세요.,87
마음이 병 들어가고 있는 것 같아.,그런 일이 있으셨군요. 조금씩 나아질 거라고 믿어요.,87
너무 힘들었어요.,가슴이 답답하겠어요. 얼른 시간이 지나버렸으면 좋겠어요.,87
그 속에 있는 게 너무 끔찍했어.,잘 버티고 있어요. 조금 힘들더라도 조금만 기운을 내요.,87
좀 많이 힘들었어요. 한… 1월 쯤부터?,많이 힘들어 보여요. 힘든 일이 있으면 저에게 털어놓으세요.,87
나와서 보니까 중졸인 상태로 뭐 할 수 있는 게 없어서 힘들더라.,그런 일이 있으셨군요. 조금씩 나아질 거라고 믿어요.,87
제 월급도 차압되고… 집은 경매로 넘어가고… 진짜 너무 힘들어요.,가슴이 답답하겠어요. 얼른 시간이 지나버렸으면 좋겠어요.,87
진짜 너무 힘들었어. 이거 때문에 거의 일주일을 못 갔는데도 아직도 힘들어.,잘 버티고 있어요. 조금 힘들더라도 조금만 기운을 내요.,87
가족 여섯 명이서 단칸방에 살면서 진짜 힘들었죠.,많이 힘들어 보여요. 힘든 일이 있으면 저에게 털어놓으세요.,87
그래도 저희가 점점 자라면서 조금씩 나아지긴 했는데 여전히 힘들어요.,그런 일이 있으셨군요. 조금씩 나아질 거라고 믿어요.,87
앉아 있으면 그나마 좀 덜해서 침대에 거의 앉아서 자는데 그것도 너무 힘들어요.,가슴이 답답하겠어요. 얼른 시간이 지나버렸으면 좋겠어요.,87
그게 2년 전인데도 아직도 그 생각하면 너무 힘들어.,잘 버티고 있어요. 조금 힘들더라도 조금만 기운을 내요.,87
사는 게 너무 힘들어.,많이 힘들어 보여요. 힘든 일이 있으면 저에게 털어놓으세요.,87
어떻게 해야 할까 진짜 너무 힘들다.,그런 일이 있으셨군요. 조금씩 나아질 거라고 믿어요.,87
근데 와 보니까 제가 생각하던 거랑은 너무 달라서 힘들어요.,가슴이 답답하겠어요. 얼른 시간이 지나버렸으면 좋겠어요.,87
그러다 작년 9월에는 좀 힘들었어요.,잘 버티고 있어요. 조금 힘들더라도 조금만 기운을 내요.,87
아들이라도 잘 챙겨주고 싶은데 나도 너무 힘들고…,많이 힘들어 보여요. 힘든 일이 있으면 저에게 털어놓으세요.,87
"말할 곳도 없고, 너무 힘들어요.",그런 일이 있으셨군요. 조금씩 나아질 거라고 믿어요.,87
"하루종일 일에 매여서 일 생각만 하고, 별 것 아닌 건데 스트레스 받고...즐겁지가 않아.",스트레스 받는 일이 있으시군요. 스스로를 위해 자그마한 선물을 하나 하는 것도 좋을 것 같아요.,88
스트레스가 너무 심하네요.,정말 힘들고 스트레스 받으시겠어요. 따뜻한 물에 샤워를 추천해드릴게요.,88
스트레스 받아서 진짜 죽을 거 같아요…,포옹이 스트레스를 완화하는 데 도움이 된대요. 제가 꼭 안아드릴게요.,88
너무 스트레스 받아요.,스트레스 받는 일이 있으시군요. 스스로를 위해 자그마한 선물을 하나 하는 것도 좋을 것 같아요.,88
스트레스가 심해요.,정말 힘들고 스트레스 받으시겠어요. 따뜻한 물에 샤워를 추천해드릴게요.,88
요즘 부쩍 스트레스를 많이 받아서 힘들긴 했어.,포옹이 스트레스를 완화하는 데 도움이 된대요. 제가 꼭 안아드릴게요.,88
이거 때문에도 또 스트레스 받고… 여러모로 진짜 너무 힘들다…,스트레스 받는 일이 있으시군요. 스스로를 위해 자그마한 선물을 하나 하는 것도 좋을 것 같아요.,88
이 때 제일 힘들고 스트레스 많이 받았던 것 같아.,정말 힘들고 스트레스 받으시겠어요. 따뜻한 물에 샤워를 추천해드릴게요.,88
이제 이러는 것도 지쳐요.,많이 지치셨네요. 제가 안마라도 해드릴까요?,89
너무 지친다…,누구나 같은 상황이 반복되거나 상황이 악화되면 지치기 마련이에요. 오늘 하루는 푹 쉬는 게 어떨까요?,89
갈수록 지쳐요…,그 마음 이해해요. 마음처럼 되지 않을 때가 있죠.,89
그 짓도 한두 번이지…,많이 지치셨네요. 제가 안마라도 해드릴까요?,89
이제 저도 한계가 온 거 같아요.,누구나 같은 상황이 반복되거나 상황이 악화되면 지치기 마련이에요. 오늘 하루는 푹 쉬는 게 어떨까요?,89
엄마한테 더 잘해줘야지 하다가도 내가 너무 힘들어서 지치고.,그 마음 이해해요. 마음처럼 되지 않을 때가 있죠.,89
정말 뭔 이상이 있는 것 같아서 일단 병원 와봤어요.,두렵고 무서웠을 수도 있는데 병원을 찾아가셨다니 그것만으로도 저는 기뻐요.,90
그래서 이거 상담 차 한 번 와봤어요.,병원을 곧바로 찾아가지 못하는 사람들도 많다는 건 아시죠? 당신의 용감함에 박수를 보내고 싶어요.,90
사실 이 상담도 돈 아까웠는데 그래도 혹시 하는 맘에 와봤어요.,용기 있는 선택이에요! 정말 멋져요!,90
쭉 이러다 보면 정말 자살할 것 같아서 상담 받으려고 와봤어요.,결과가 어떻든 마음은 조금 편안해질 거예요!,90
이러다 우울증 걸릴 것 같아서 일단 상담 받으려고 와봤어요.,두렵고 무서웠을 수도 있는데 병원을 찾아가셨다니 그것만으로도 저는 기뻐요.,90
일단 제 문제는 없는지 상담 좀 받으려고 해요.,병원을 곧바로 찾아가지 못하는 사람들도 많다는 건 아시죠? 당신의 용감함에 박수를 보내고 싶어요.,90
뭔가 정신적인 문제일 수도 있어서 상담 좀 받으려고 왔어요.,용기 있는 선택이에요! 정말 멋져요!,90
아무래도 그거때문인 것 같은데 이것 좀 상담 받고 싶어서 왔어요.,결과가 어떻든 마음은 조금 편안해질 거예요!,90
뭔가 근본적인 치료를 하고 싶어서… 상담이라도 받으면 괜찮지 않을까…,두렵고 무서웠을 수도 있는데 병원을 찾아가셨다니 그것만으로도 저는 기뻐요.,90
상담을 받으면 이런 생각을 근본적으로 고쳐볼 수 있지 않을까 해서 왔어요.,병원을 곧바로 찾아가지 못하는 사람들도 많다는 건 아시죠? 당신의 용감함에 박수를 보내고 싶어요.,90
이게 증상이 너무 심하다 보니까 상담을 좀 받고 싶어서 왔어요.,용기 있는 선택이에요! 정말 멋져요!,90
혹시 이것도 문제가 있나 물어보려고 왔어요.,결과가 어떻든 마음은 조금 편안해질 거예요!,90
이렇게 살 수는 없겠다 싶어서 일단 상담이라도 받아보려고 왔어요.,두렵고 무서웠을 수도 있는데 병원을 찾아가셨다니 그것만으로도 저는 기뻐요.,90
지금 방학에 들어온 김에 상담 받으려고 와봤어요.,병원을 곧바로 찾아가지 못하는 사람들도 많다는 건 아시죠? 당신의 용감함에 박수를 보내고 싶어요.,90
딱히 몸이 아픈 건 아니라 일단 상담을 받으려고 와봤어요.,용기 있는 선택이에요! 정말 멋져요!,90
근데 선생님이 정신과 상담 권유하셔서… 그래서 와 봤어요.,그 얘기를 듣고 고민이 많았겠어요. 병원까지 갔으면 이제 좋아질 일밖에 없죠!,91
선생님이 정신과 한 번 가보라고 하셔서 오긴 왔어요.,얼른 증상이 좋아졌으면 좋겠어요. 제가 옆에서 응원해드릴게요.,91
선생님도 내 말 듣더니 그럼 정신과 가보시라고 해서…,그 얘기를 듣고 고민이 많았겠어요. 병원까지 갔으면 이제 좋아질 일밖에 없죠!,91
근데 선생님이 정신과 한 번 가보라고 하셔서 일단 와봤어요.,얼른 증상이 좋아졌으면 좋겠어요. 제가 옆에서 응원해드릴게요.,91
근데 일단 의사가 정신과 가보래서 왔어… 나 진짜 아픈 건가?,그 얘기를 듣고 고민이 많았겠어요. 병원까지 갔으면 이제 좋아질 일밖에 없죠!,91
의사가 그럼 정신적인 문제일 수도 있다고 정신과를 가보래서 갔어.,얼른 증상이 좋아졌으면 좋겠어요. 제가 옆에서 응원해드릴게요.,91
선생님이 내 말 듣더니 그럼 정신과 가보시라고 해서…,그 얘기를 듣고 고민이 많았겠어요. 병원까지 갔으면 이제 좋아질 일밖에 없죠!,91
생각해보니까 뭐 그럴 수도 있을 것 같아서… 그래서 일단 와봤어.,얼른 증상이 좋아졌으면 좋겠어요. 제가 옆에서 응원해드릴게요.,91
지금 방학했으니까 아예 한국에서 치료 받으려고 왔어요.,많이 두려웠겠어요. 치료를 받으면 곧 좋아질 거예요.,92
이게 아무래도 제 정신적인 문제 같아서 치료 받으러 왔어요.,꾸준히 치료를 받으면 좋아질 거라고 생각해요.,92
어떻게 뭔 치료가 없을까 해서 그거 알아보다가 왔어요.,완치할 수 있을 거예요. 힘들겠지만 버텨보자구요.,92
이 버릇 좀 어떻게 고치고 싶어서 와봤어요.,많이 두려웠겠어요. 치료를 받으면 곧 좋아질 거예요.,92
이런 거 말고 뭔가 근본적인 치료를 하고 싶어서 왔어요.,꾸준히 치료를 받으면 좋아질 거라고 생각해요.,92
치료를 받으면 좀 괜찮아지지 않을까 싶어서 일단 와봤어요.,완치할 수 있을 거예요. 힘들겠지만 버텨보자구요.,92
계속 이러다간 큰일 날 것 같아서 치료 받고 싶어서 왔어요.,많이 두려웠겠어요. 치료를 받으면 곧 좋아질 거예요.,92
어떤 방법이든 좋으니까 이것 좀 어떻게 고치고 싶어요.,꾸준히 치료를 받으면 좋아질 거라고 생각해요.,92
그런데 살아보니까 그렇지도 않아요.,그런 일이 있으셨군요.,93
그런데 지금은 아니야…,"네, 그렇군요. 듣고 있으니 계속 말씀하세요.",93
옥상에 올라가서 찬바람을 맞으니까 정신이 확 들었어요.,"아, 그래요?",93
저게 대체 뭐길래 저 난리인가 싶었거든.,세상에는 다양한 사람이 많죠,93
지식인 보면 그런 사람 진짜 꽤 있는 것 같고.,세상에는 다양한 사람이 많죠,93
그냥 뭐 맨날 똑같은 말 또 들었지.,그런 일이 있으셨군요.,93
진짜 말도 안 되는 소리 아냐?,저도 그렇다고 생각해요.,93
이럴 바엔 그냥 다시 태어나고 싶어.,정말 힘드시겠어요.,93
어제 퇴근길에 그런 생각이 드는 거야.,그런 일이 있으셨군요.,93
솔직히 작정하고 속이려 들면 어느 누가 안 속겠어요?,맞아요. 누구나 다 속을 거에요.,93
근데 마냥 생각만 한 건 아니에요.,"네, 그렇군요. 듣고 있으니 계속 말씀하세요.",93
그거 KBS 방송.,KBS 방송이군요.,93
굳이 같이 살 필요는 없으니까.,"네, 그렇군요. 듣고 있으니 계속 말씀하세요.",93
자세히 기억은 안 나는데…,"네, 그렇군요. 듣고 있으니 계속 말씀하세요.",93
그래도 못 간 건 아니에요. 가긴 갔어요.,잘하셨어요.,93
아무래도 집에서 혼자 하기에는 좀 힘들어서.,잘하셨어요.,93
근데 안 갔어. 아무래도 정신과는 좀 그렇잖아.,그렇지만 요즘에는 간단한 상담을 받는 사람들도 많이 있어요.,93
그 집 아빠랑 얘기 잠깐 한 5분 했나? 그랬는데 막…,"네, 그렇군요. 듣고 있으니 계속 말씀하세요.",93
제가 며칠에 한 번씩은 꼭 가서 밥 하고 청소하고.,정말 힘드시겠어요.,93
"아, 진짜 미친 거 아니야?",정말 힘드시겠어요.,93
근데 지가 그걸 또 어디에다 주차했는지 기억을 못 하대?,헉. 그래서 어떻게 되었나요,93
아무튼 그랬는데 어제 김 부장을 만났나 봐.,헉. 그래서 어떻게 되었나요,93
근데 아주 좋은 아이템이 있다고 그걸 같이 하기로 했대.,헉. 그래서 어떻게 되었나요,93
그게 뭔 지도 모르겠는데 쟤가 좋다고 한 거니까 아마 별로겠지.,"네, 그렇군요. 듣고 있으니 계속 말씀하세요.",93
근데 그러는 게 거짓말하는 것 같진 않아서 더 모르겠어요.,"네, 그렇군요. 듣고 있으니 계속 말씀하세요.",93
기껏해야 애들 데려다 주고 장 보러 가고 그런 거지.,"네, 그렇군요. 듣고 있으니 계속 말씀하세요.",93
내가 보는 남자는 마트 직원들밖에 없는데 무슨 소린지.,"네, 그렇군요. 듣고 있으니 계속 말씀하세요.",93
어떻게 하면 좋을지 모르겠어.,"네, 그렇군요. 듣고 있으니 계속 말씀하세요.",93
어머님 앞에서 차마 당신 아들도 그렇다고는 못 하겠고…,힘드시겠어요. 마음이 이해가 가요.,93
남편이 저 못 찾게요.,"네, 그렇군요. 듣고 있으니 계속 말씀하세요.",93
내가 잘 할 수 있을까?,충분히 잘 하실 수 있어요.,93
근데 얼마 전에 우리집에서 엄마가 갈비를 보내줬거든.,"네, 그렇군요. 듣고 있으니 계속 말씀하세요.",93
어차피 자주 드나들었으니까 그냥 갔는데 거기에 누가 있었게?,누가 있었는데요??,93
좋아하는 게임이 있는데 이벤트 참여하려면 카페 가입을 하래.,저도 모바일게임 때문에 카페에 몇 개 가입한 적이 있어요.,93
교류하느라 글을 많이 쓰다 보니까 꽤 익숙해지더라고.,글을 잘 쓰시나봐요. 저는 글을 잘 못써서 부러워요.,93
항상 같이 다니니까 들킬 것 같아서 학교 뒤뜰에 묻어놨어요.,헉. 그래서 어떻게 되었나요,93
근데 내가 하고 싶어서 추천한 노래로 안 하게 된 거야.,헉. 그래서 어떻게 되었나요,93
내가 아이스크림을 진짜 좋아하거든?,정말요? 저는 호두마루가 제일 좋아요.,93
근데 지난 주에 지하철에서 내리기 두 정거장 전쯤인가?,"네, 그렇군요. 듣고 있으니 계속 말씀하세요.",93
그래서 다음 역에서 바로 내렸거든?,"네, 그렇군요. 듣고 있으니 계속 말씀하세요.",93
딱히 내가 엄청 우울하거나 충격 받은 일이 있는 것도 아니니까.,"네, 그렇군요. 듣고 있으니 계속 말씀하세요.",93
근데 회사에 뭐 그렇게 큰일들이 있겠어요?,그러니깐요. 별일없을거에요.,93
뭔가 그러면 자기만의 정신 세계가 있는 애 같고 그렇잖아.,"네, 그렇군요. 듣고 있으니 계속 말씀하세요.",93
특별해 보이고 싶었나 봐.,그럴 수 있다고 생각해요. ,93
칼을 보게 되면 그어볼까 싶고. 그럼 기분 좋아질 것 같아서.,그런 말씀 하시면 마음이 아파요.,93
자려고 누우면 자꾸 그게 생각이 나서… 모르겠다 나도.,가끔은 복잡한 생각을 비우고 흘러가는대로 느끼는 것은 어떤가요.,93
그래서 말도 안 되는 소리 하지 마라 이랬는데 아니래요. 맞대요.,"네, 그렇군요. 듣고 있으니 계속 말씀하세요.",93
저도 지쳐서 한동안 안 만나다 얼마 전에 다시 봤거든요.,그래서 어떻게 되었나요?,93
후유증일까?,"네, 그렇군요. 듣고 있으니 계속 말씀하세요.",93
근데 놀라는 게 내 마음대로 되는 것도 아니잖아?,정말요. 저도 깜짝깜짝 놀랄 때가 많아요.,93
내가 놀라고 싶지 않다 해서 그럴 수 있는 것도 아니고…,맞아요. 놀라는 것을 조절할 수는 없어요.,93
아니 아무리 무서웠어도 그렇지 이럴 일이 있나 싶더라고.,정말 놀라셨겠어요. 지금은 괜찮으신가요.,93
그래서 그냥 있었는데 그 다음 해인가?,다음 해에 어떤 일이 있었는데요??,93
머리에 문제가 있나 싶을 정도예요.,"네, 그렇군요. 듣고 있으니 계속 말씀하세요.",93
결벽증인가 싶었는데 또 더러운 건 괜찮거든요.,"네, 그렇군요. 듣고 있으니 계속 말씀하세요.",93
그러다 침대 바꾸고 훨씬 편해졌어.,좋은 침대로 바꾸셨나봐요. 다행이에요.,93
몸이 길들여진 것 같은데 이거 너무 고치고 싶다… 어떡하지?,"네, 그렇군요. 듣고 있으니 계속 말씀하세요.",93
의사가 딱히 심각하게 얘길 하지 않아서 저도 그러려니 했거든요.,"네, 그렇군요. 듣고 있으니 계속 말씀하세요.",93
근데 내가 하는 것도 싫지만 남이 하는 것도 싫어.,저도 이해해요. 가끔은 그런 것들이 있죠.,93
그 방에 책이 엄청 많이 쌓여 있는데 그게 다 대충 놓여 있거든요.,"네, 그렇군요. 듣고 있으니 계속 말씀하세요.",93
병원을 가 봐야 하나…?,몸이 안좋으실 때는 병원에 가 보시는 것을 추천드려요.,93
도시가 아니라서 그런가… 그런 사람들이 꽤 많았거든요.,"네, 그렇군요. 듣고 있으니 계속 말씀하세요.",93
뭐 그런 정도는 그냥 가볍게 넘길 수 있을 정도예요.,가볍게 넘기실 수 있다니! 강인한 모습이 멋있어요.,93
거기에서 동양인은 저밖에 없었거든요.,혼자였으면 외로우셨겠어요.,93
그 때 술 취한 백인 놈한테 잡혀서 여기저기 끌려 다녔는데…,정말 못된 사람이네요. 괜찮으신가요.,93
처음에는 그냥 기분 탓이겠거니 했는데…,"네, 그렇군요. 듣고 있으니 계속 말씀하세요.",93
체육 시간에도 짝 지어서 하는 건 다 자기들끼리만 하고…,상처받으셨겠어요. 제가 위로가 되어 드리고 싶어요.,93
종류별로 색깔별로 되게 열심히.,그래서 어떻게 되었나요?,93
그래서 그 돌아가는 판이나 실제 업무를 보고 싶었어요.,"네, 그렇군요. 듣고 있으니 계속 말씀하세요.",93
"얘는 가망이 없다, 게으르다, 취업이나 시켜라 이러면서.",정말 힘드셨겠어요. 지금은 괜찮으신가요.,93
방이 좁아서 그런가 싶기도 한데 또 다른 좁은 방 가면 괜찮아.,"네, 그렇군요. 듣고 있으니 계속 말씀하세요.",93
요즘에는 쓰레기 만나는 것보단 안 만나는 게 낫다고들 하잖아.,맞아요. 혼자서도 행복한 삶인걸요.,93
딱히 저를 귀찮게 하는 게 아닌데도 그랬어요.,"네, 그렇군요. 듣고 있으니 계속 말씀하세요.",93
내가 별로 좋아하지 않아서 그런 건가 싶었는데 그건 아니고…,흠… 그럼 무슨 이유일까요.,93
그래서 또 피씨방 갔나 했지. 근데 맨날 가는 데에도 없더라고.,흠.. 그래서 어디에 있었나요??,93
알고 보니까 과 선배 작업을 도와주고 있었대.,과 선배요?,93
그 캔버스 짜는 거는 여자가 하기 힘들다나 뭐라나.,그렇다고 해도 많이 서운하셨겠어요.,93
그러다가 평소에 쌓인 얘기까지 하더라?,평소에 쌓인 게 많았나봐요.,93
요즘 내가 너무 이상한 사람 같이 느껴져.,전혀 이상하지 않아요.,93
근데 또 생각해보면 그럴 수도 있을 것 같지 않아?,흠.. 그럴 수도 있다고 생각해요.,93
이런 내가 이상한 걸까?,전혀 이상하지 않아요.,93
둘 다 자기들은 괜찮다고 하는데 부모 맘이 그게 아니잖아요.,저도 이해해요. 자식을 사랑하니깐 그런걸요.,93
그래도 어찌저찌 키워서 제 앞가림 잘 하고 살아요.,정말 잘된 일이에요!,93
시집 가서 절대 기죽지 말라고. 떳떳하게 살라고.,맞아요. 기죽지 말고 떳떳하게 살아야죠.,93
나랑 같이 다니는 애들 다 엄청 잘 타는데 나만 안 탈 수 없잖아.,남들이 다 한다고 해서 꼭 따라해야 할 필요는 없어요.,93
이렇게 한두 번씩 타봐야 점점 익숙해지는 거지 싶었어.,맞아요. 충분히 잘 하실 수 있어요.,93
근데 그게 내가 좋아하는 애란 말이야. 내 뒤에 앉았었대.,헉. 그래서 어떻게 되었나요,93
수능이 얼마 남지 않은 때였는데 아직도 그 이미지가 선명해.,마음 속에 깊게 남았나봐요.,93
왜 갑자기 걔 생각이 났을까? 그리고 왜 지하철을 타니까 그랬지?,흠.. 그래서 어떻게 되었나요.,93
뉴스에도 되게 크게 나왔었고…,정말 큰 사건이었나보네요.,93
그래서 다음 걸로 표 바꿔서 좀 쉬었다가 겨우 타긴 탔는데…,그래도 겨우 탑승할 수 있어서 다행이에요.,93
어떻게 하면 좋을까?,"네, 그렇군요. 듣고 있으니 계속 말씀하세요.",93
그게 나랑 뭔 상관인가 싶었는데 또 사람 맘이 그렇지 않더라구요.,"네, 그렇군요. 듣고 있으니 계속 말씀하세요.",93
딱히 아버지를 좋아한 것도 아닌데 이래서… 저도 제가 이상하고…,"네, 그렇군요. 듣고 있으니 계속 말씀하세요.",93
그 사이에 물론 일본은 왔다갔다 했어요.,일본에 자주 가시는군요. 저도 언젠간 가보고 싶어요.,93
한국은 뭔가 감정 표현을 잘 안 하는 것 같아. 서로 막 숨겨.,다들 부끄러움이 많은가봐요.,93
감정을 표현하는 걸 되게 유난으로 보거나 이상한 취급 하잖아?,"네, 그렇군요. 듣고 있으니 계속 말씀하세요.",93
그나마 얘기 할 수 있는 사람이 목사님인데 그 분도 그닥…,무슨 일이 있었나요?,93
내가 지난 번에 얘기한 걸 엄마한테 얘기한 것 같더라.,정말 상처받으셨겠어요. ,93
매 번 운이 안 따라주는 것 같아요. 항상…,"새옹지마처럼 지금은 운이 안 좋더라도, 그만큼 좋은 운이 언젠간 따라올거에요.",93
뭔가 요즘 드는 생각은 나다운 내가 없는 것 같다는 거야.,많은 사람들이 그런 고민을 하곤 해요. 혼자만의 시간을 가지는 것 부터 시작해보는 것은 어떨까요.,93
나도 남편처럼 똑같이 대학 나오고 노력했는데 왜 이렇게 됐지?,"네, 그렇군요. 듣고 있으니 계속 말씀하세요.",93
애가 좀 크면 나도 뭔가를 할 수 있지 않을까 싶긴 해.,그럴 수 있을 거에요. ,93
나는 그 때부터 연탄이 진짜 싫었어.,무슨 안 좋은 일이 있으셨나봐요.,93
뭐 어쩌겠어요. 보살필 사람이 저뿐인데.,힘드셨겠어요. 제가 위로가 되어 드리고 싶어요.,93
근데 요즘에는 엄마 때문이 아니라 제가 좀 이상한 것 같아요.,"네, 그렇군요. 듣고 있으니 계속 말씀하세요.",93
저도 엄마처럼 어디가 아픈 건가요?,"네, 그렇군요. 듣고 있으니 계속 말씀하세요.",93
그래서 그냥 싫은가 보다… 하고 관두려고 했는데 할 말이 있대요.,"네, 그렇군요. 듣고 있으니 계속 말씀하세요.",93
그게 무슨 말인지 모르겠어서 대답 안 했는데 갑자기 옷을 벗더라구요.,"네, 그렇군요. 듣고 있으니 계속 말씀하세요.",93
근데 진짜 남자였어요… 진짜로… 진짜 남자… 여자가 아니라…,정말 놀라셨겟어요.,93
아무래도 약을 다시 먹어야 하는 걸까?,"네, 그렇군요. 듣고 있으니 계속 말씀하세요.",93
그리고 야근 하는 것 같지도 않은데 항상 늦게 와요.,한번 이야기를 해 보는건 어떨까요?,93
진짜 저 정도면 병 아니니?,"네, 그렇군요. 듣고 있으니 계속 말씀하세요.",93
그냥 저랑 안 맞는 거고 그게 남편 잘못이 아니라는 건 아는데…,저도 그 마음 이해해요.,93
우리는 둘 다 일을 하고 있거든.,둘다 일을 하면 바쁘셨겠어요.,93
뭐라고 설명을 못 하겠어.,때로 설명이 힘드시면 아무 말씀 안하셔도 괜찮아요.,93
그냥 그런 생각이 들어.,무슨 생각이 드시나요?,93
근데 그게 같이 사는 사람한텐 독이더라구요.,"네, 그렇군요. 듣고 있으니 계속 말씀하세요.",93
근데 잠깐 그러다가 말더라구요.,그래서 어떻게 되었나요?,93
오래 아프면 이런 생각 당연하게 하는 거 아닌가?,그럴 수 있어요. 그 마음 저도 이해해요.,93
뭔가 정신적인 다른 문제가 있을 수도 있을 것 같아서…,"네, 그렇군요. 듣고 있으니 계속 말씀하세요.",93
그래서 뭔가 이건 몸이 아니라 정신적인 문제 아닐까 싶더라고.,"네, 그렇군요. 듣고 있으니 계속 말씀하세요.",93
뭔가 그 꿈 때문인 것 같기도 하고 아니면 정말 다른 문제가 있나?,"네, 그렇군요. 듣고 있으니 계속 말씀하세요.",93
진짜 안간힘을 다해서 움직이고 깼거든요?,깨어났다니 정말 다행이에요. ,93
근데 그거 먹고 난 후부터 뭔가 기분이 되게 이상한 거야.,"네, 그렇군요. 듣고 있으니 계속 말씀하세요.",93
술이 제일 싸니까… 그 중에서도 소주가 제일 싸고.,소주가 제일 싸다니. 그래도 술을 많이 드시면 안돼요.,93
거기에서 뭔 동굴에 들어갔다 나왔어. 엄청 크고 깊은 동굴.,엄청 크고 깊은 동굴이라니. 저도 가보고 싶어요.,93
딱히 그 때는 무섭단 생각을 안 했어. 그냥 우와 신기하다 이랬지.,"네, 그렇군요. 듣고 있으니 계속 말씀하세요.",93
근데 그 아이한테 꽤 큰 돈을 주셨더라구요.,"네, 그렇군요. 듣고 있으니 계속 말씀하세요.",93
걔네만 안 만났어도 이렇게 되진 않았을 텐데…,힘드셨겠어요. 지금은 좀 괜찮으신가요.,93
걔도 나를 그렇게 깊게 생각 안 할 걸?,힘드셨겠어요. 지금은 좀 괜찮으신가요.,93
그리고 나서 한 2주 후에 범인을 잡았다고 하셨어요. 그래서 갔죠.,범인이 결국 잡혔군요.,93
"아, 미친 진짜 나 어디 아픈 거 아냐?",힘드셨겠어요. 지금은 좀 괜찮으신가요.,93
근데 아무리 생각해도 그런 게 없거든?,힘드셨겠어요. 지금은 좀 괜찮으신가요.,93
근데 그 때 나 취업 알선해주신 교수님이랑 얼마 전에 연락이 됐는데…,무슨 연락이 있었나요?,93
약간 좀… 은혜 갚으라는…? 그런 식으로 말을 하는 거야.,너무 신경쓰지 마세요. 어차피 결정은 자신 마음이니깐요.,93
결국 내가 노력한 거고 지는 해준 것도 없는데 왜 나한테 뭘 바라는 거지?,너무 신경쓰지 마세요. 어차피 결정은 자신 마음이니깐요.,93
뭔가 나 스스로 해결하고 싶은데 방법이 없을까.,너무 신경쓰지 마세요. 어차피 결정은 자신 마음이니깐요.,93
그 사람도 같이 화내다가 놀라서 그냥 도망갔을 정도로 진짜 미친 것처럼…,너무 신경쓰지 마세요. 어차피 결정은 자신 마음이니깐요.,93
그러니까 너한테만 말하는 거야. 다른 사람한테 말하면 욕 먹을 것 같아서.,저한테 말씀하세요. 제가 힘이 되어 드릴께요.,93
근데 아이를 친 사람이 저희 애랑 같은 학교 학부형이거든요.,저한테 말씀하세요. 제가 힘이 되어 드릴께요.,93
지금 다시 돌아가면 뭘 웃냐고 욕이라도 해주고 싶은데 그 땐 그럴 수도 없었어.,정말 힘드셨겠어요. 지금은 좀 괜찮으신가요.,93
사람들 다 이렇게 사는 거 아닌가?,사람들은 다들 비슷하게 사는거죠.,93
개학 하기 전에 어떻게든 고치고 싶은데 아무래도 약을 먹어야 할까?,"마음이 많이 힘드실 때, 가벼운 상담이라도 큰 도움이 될 수 있어요.",93
약 먹으면 금방 나으려나. 일단 정신과를 가봐야겠다.,"마음이 많이 힘드실 때, 가벼운 상담이라도 큰 도움이 될 수 있어요.",93
몸에 무슨 문제가 있는 걸까? 병원을 가봐야 하나?,어디 안좋으실 때는 병원에 가보시는 것을 추천드려요.,93
그 때 저랑 같이 일하던 사람들은 다 부장교사나 교감 되고 그렇거든요.,혼자만 뒤쳐지신다고 느껴지셨겟어요…,93
이게 좀 약간 강박 같은 것 같아서 상담 받으면 괜찮을까 싶은데 어때?,혼자만 뒤쳐지신다고 느껴지셨겟어요…,93
나루토 사스케 싸움 수준,진짜 세계관 최강자들의 싸움이다.. 진짜 나루토는 전설이다.. 왕같은존재인 호카게 되서 세계최강 전설적인 영웅이된 나루토보면 진짜 내가 다 감격스럽고 나루토 노래부터 명장면까지 가슴울리는 장면들이 뇌리에 스치면서 가슴이 웅장해진다..,93
이것 좀 치료하고 싶은데 어떻게 하는 게 좋을까?,너무 아프시다면 병원에 방문해 보는건 어떨까요?,93
근데 이 나이대 애들이 다 그렇지 않나? 뭐 나도 그 정도였던 것 같아.,사람들은 다들 비슷하다고 생각해요.,93
뭔가 근본적인 문제가 있는 것 같긴 해. 아무래도 현실이 개선 안 돼서 그런가?,사람들은 다들 비슷하다고 생각해요.,93
마음을 안정시키는 방법은 뭐가 있을까?,저는 그럴때 만화책을 봐요. 취미에 집중해 보는것은 어떨까요?,93
내가 그냥 호기심에 친구 따라 술집을 갔는데 그걸 들켰거든.,많이 당황스러우셨겟어요. 그래서 어떻게 되었나요?,93
나는 광주로 가고 여친은 인천으로 갔거든.,서로 멀리 떨어지게 되었군요.,93
음…,음…,93
곧 떠날거야..,어디로 가시는 건가요?,93
이번엔 너무나 자신감 있게 말해서 결국 허락해줬어요.,잘 하셨어요. 충분히 잘 해낼거에요.,93
하고싶어 하는거 다 해주고 싶은데.,저도 그 마음 이해해요. 충분히 잘 하고 계세요.,93
아무래도 화장관련해서는 일본이 전문적이니까요.,그렇군요.,93
그래봤자 중학생들인데… 어떻게 그럴 수 있을까요?,그래도 잘못은 빠르게 가르쳐야 한다고 생각해요.,93
아들을 때린 학생들끼리 뭉쳐서 뻔뻔한 태도로 바꾸더라구요.,정말 나쁜 사람들이군요.,93
너무 어렸을 때라 기억도 가물가물해.,어릴 적 이야기이군요.,93
부모님이 안계셔서 뭐라 할 사람들도 없었고.,어릴 적 이야기이군요.,93
그렇게 큰돈은 난생 처음이었어요.,정말 놀라셨겠어요.,93
이게 병인지 계절을 타는건지…,정말 놀라셨겠어요.,93
또 조절을 못하면 폭력을 쓸 거 같아서…,정말 놀라셨겠어요.,93
순간 나도 깜짝놀랐어.,정말 놀라셨겠어요. 그래서 어떻게 되었나요?,93
그래서 최대한 스트레스를 안받으려고 해.,정말 놀라셨겠어요. 그래서 어떻게 되었나요?,93
답답한 공간도 최대한 안들어가려하고.,정말 놀라셨겠어요. 그래서 어떻게 되었나요?,93
제가 더 스트레스받는다니까요?,그 마음 이해해요. 마음처럼 되지 않을 때가 있죠.,93
이번에는 치료가 잘 끝났으면 좋겠어요.,저도 그랬으면 좋겠어요. 항상 응원할게요.,93
엄마한테 걸린적도 한두번이 아니구요.,그 마음 이해해요. 마음처럼 되지 않을 때가 있죠.,93
잘한 결정인건가 싶어요.,잘한 결정일 거에요. 지금까지도 잘 하셨으니깐요.,93
마음 단단히 먹으라구요.,저도 함께 마음 단단히 먹을게요.,93
3일을 안들어갔어.,지금은 괜찮으신가요?,93
"처음에는 나도 내 책임인줄 알고, 가만히 있었어.",잘한 결정일 거에요. 지금까지도 잘 하셨으니깐요.,93
"아들한테 부끄럽지도 않았나봐, 아빠라는 사람이…",가끔은 이상한 사람들이 많이 있죠. 너무 신경쓰지 마세요.,93
"아직 초등학생인데, 벌써 그럴 나이는 아니잖아…",잘못은 빠르게 가르쳐야 한다고 생각해요.,93
요즘 애들이 아무리 빠르다고 해도 이건 아닌 것 같아.,맞아요. 잘못된 일은 빠르게 바로잡아야 한다고 생각해요.,93
왜 문제없는 애를 정신병자로 만드냐며…,정말 힘드셨겠어요. 지금은 좀 괜찮으신가요.,93
"누나가 혼내는 게 아니라, 다 이해한다고 그러는데 진심으로 고마웠어.",그렇군요. 가족에 대해 더 말씀해주실 수 있으세요?,94
"남편이 4형제 중에 둘째인데, 시어머니가 남편을 별로 안 좋아하는 것 같아요.",그런 가족을 가지고 계시군요.,94
"가족한테 말을 아직 안했지만, 제가 아무 말 없으니까 엄마도 아마 결과가 안 좋다는 건 아시는 것 같아요.",그렇군요. 가족에 대해 더 말씀해주실 수 있으세요?,94
그래도 가족인데 서로가 쓴 돈이 그렇게 아까운가…,그런 가족을 가지고 계시군요.,94
저 자식은 나이가 몇인데 아직도 정신을 못 차렸지?,그렇군요. 가족에 대해 더 말씀해주실 수 있으세요?,94
집으로 뭔 고지서가 날아 왔는데 쟤 신용 카드인 거야.,그런 가족을 가지고 계시군요.,94
그리고 다음에 쓴 소설에서는 가정폭력범인 아버지가 나와요.,그렇군요. 가족에 대해 더 말씀해주실 수 있으세요?,94
우리 집이 대대로 다 법조계에서 일하거든.,그렇군요. 많은 도움이 되겠어요.,94
가족들한테 말해봤자 다들 별로 안 좋아할 것 같아…,그런 일이 있으셨군요. 정말 놀라셨겠어요.,94
제일 스트레스 받았던 건 가족들이 저를 유난이라고 취급하는 거였어요.,그런 일이 있으셨군요. 정말 놀라셨겠어요.,94
아직까지는 별 문제 없어요. 근데 부모님이 저희를 안 보려고 하세요.,그런 일이 있으셨군요. 정말 놀라셨겠어요.,94
근데 우리 할머니가 그런 내 반대쪽 손을 잡고 절대 안 놔주는 거야.,그런 일이 있으셨군요. 정말 놀라셨겠어요.,94
그러다 할머니가 나를 확 잡아당겨서 품에 안겼어.,그런 일이 있으셨군요. 정말 놀라셨겠어요.,94
할머니가 갑자기 내 등을 밀더니 얼른 뛰래. 그래서 뛰었다가 깼어.,그런 일이 있으셨군요. 정말 놀라셨겠어요.,94
나갔다가 들어왔더니 엄마가 뭐라는 줄 알아? ,그런 일이 있으셨군요. 가족은 가까운 만큼 어려운 존재인 것 같아요.,95
"언니는 커튼을 자주 치는데, 제가 자꾸 못 하게 막으니까… 집에서 나가고 싶대요.",너무 편한 사이라 서로 상처를 주는 일이 많이 생기는 거 같아요. 힘내세요.,95
새언니도 별로 잘난 건 없거든? ,그러셨군요. 많이 속상했겠어요. ,95
괜히 오빠 주눅들게 왜 그러나 싶어.,그런 일이 있으셨군요. 가족은 가까운 만큼 어려운 존재인 것 같아요.,95
"아빠 없이 엄마, 누나랑 살았는데 그때 정말 많이 싸웠어.",너무 편한 사이라 서로 상처를 주는 일이 많이 생기는 거 같아요. 힘내세요.,95
평소에도 다들 괜히 버찌 째려보고 싫어하고 그랬거든.,그러셨군요. 많이 속상했겠어요. ,95
"처음엔 분위기가 좋았는데, 고모님이 입을 열면서 점점 엉망진창으로 변했어요.",그런 일이 있으셨군요. 가족은 가까운 만큼 어려운 존재인 것 같아요.,95
그래서 어머니도 가만히 계신데 왜 고모님이 나서서 그러시냐고 한 마디 했거든요?,너무 편한 사이라 서로 상처를 주는 일이 많이 생기는 거 같아요. 힘내세요.,95
행복한 가정은 바라지도 않아요.,그러셨군요. 많이 속상했겠어요. ,95
이 집안 사람들은 나를 얼마나 괴롭혀야 속이 시원한지 모르겠어.,그런 일이 있으셨군요. 가족은 가까운 만큼 어려운 존재인 것 같아요.,95
가족 중에 저한테 신경을 쓰는 사람이 없어요.,속상하겠어요. 가족의 지지만큼 소중한 건 없는데 말이에요.,96
가족들이 아무도 저에게 관심이 없어요. 익숙해요.,좋아요. 원망하는 말을 해도 제가 눈 감아 드릴게요. 실컷 하세요.,96
가족들 다 제가 뭘 어떻게 하고 다니든 관심이 없어요. 당연한 것 같아요.,그런 일이 있으셨군요. 제가 그분들의 몫까지 응원해드릴게요!,96
내가 아주 어릴 때부터 가정에 충실한 적이 없었어.,속상하겠어요. 가족의 지지만큼 소중한 건 없는데 말이에요.,96
내 몸이 아프니까 애들이고 애아빠가 눈에 안 들어오네요.,좋아요. 원망하는 말을 해도 제가 눈 감아 드릴게요. 실컷 하세요.,96
근데 그 후로 가족들이 저를 없는 사람 취급하더라구요.,그런 일이 있으셨군요. 제가 그분들의 몫까지 응원해드릴게요!,96
아예 뭐 싫어하고 미워하고 그런 게 아니라… 그냥 진짜 없는 사람처럼…,속상하겠어요. 가족의 지지만큼 소중한 건 없는데 말이에요.,96
저만 들어오면 다들 그냥 각자 방으로 가고 아무 말도 안 하고 그래요.,좋아요. 원망하는 말을 해도 제가 눈 감아 드릴게요. 실컷 하세요.,96
다들 저한테 관심이 없는데… 뭐… 당연하다고 생각해요.,그런 일이 있으셨군요. 제가 그분들의 몫까지 응원해드릴게요!,96
"한 2주 갔는데, 너무 몸이 안 좋아졌어요. ",최근에 건강 때문에 힘드시군요. 건강을 잃은 것만큼 힘든 일은 없죠… 기운 내세요.,97
그거 때문에 병원도 계속 다니고 있고.,다시 건강한 삶을 찾을 수 있을 거예요. 걱정 마세요.,97
염증 때문에 병원에 자주 다니다 보니까 환자들을 많이 보게 돼.,그러셨군요. 몸이 아프면 덩달아 마음도 힘들어지는 것 같아요.,97
제가 원래 건강체질이거든요. 뼈도 통뼈고.,그럴 때일수록 식사와 수면이 중요하다는 거 아시죠? 잘 버텨내보자구요.,97
WPW증후군 진단 받았는데 심각한 것 같진 않아서 따로 치료를 받은 적은 없어요.,최근에 건강 때문에 힘드시군요. 건강을 잃은 것만큼 힘든 일은 없죠… 기운 내세요.,97
그날 제가 하루 종일 굶어서 순간적인 쇼크였나 싶기도 한데…,다시 건강한 삶을 찾을 수 있을 거예요. 걱정 마세요.,97
몸만 안 아프면 걱정할게 없는데…,그러셨군요. 몸이 아프면 덩달아 마음도 힘들어지는 것 같아요.,97
내가 밥을 잘 안 먹어서 아픈 거래.,그럴 때일수록 식사와 수면이 중요하다는 거 아시죠? 잘 버텨내보자구요.,97
최근에 아픈 날이 많아진 거 같아.,최근에 건강 때문에 힘드시군요. 건강을 잃은 것만큼 힘든 일은 없죠… 기운 내세요.,97
퇴원 수속 밟고 회복 중이에요.,다시 건강한 삶을 찾을 수 있을 거예요. 걱정 마세요.,97
아직까지 큰 문제는 없다고 하는데 먹는 거나 생활할 때 신경 쓸 게 너무 많아.,그러셨군요. 몸이 아프면 덩달아 마음도 힘들어지는 것 같아요.,97
몸이 망가져버린것 같아.,그럴 때일수록 식사와 수면이 중요하다는 거 아시죠? 잘 버텨내보자구요.,97
그래서 저는 제가 건강한 줄 알았죠.,최근에 건강 때문에 힘드시군요. 건강을 잃은 것만큼 힘든 일은 없죠… 기운 내세요.,97
요새 몸이 안 좋아.,다시 건강한 삶을 찾을 수 있을 거예요. 걱정 마세요.,97
몸이 자주 아파요.,그러셨군요. 몸이 아프면 덩달아 마음도 힘들어지는 것 같아요.,97
"학생 때는 친구들과 함께 있고 몸이 아파도 금방 회복되고 괜찮았는데, 직장인이 되니까 그렇게 안 되더라고요.",그럴 때일수록 식사와 수면이 중요하다는 거 아시죠? 잘 버텨내보자구요.,97
암세포라는 게 쉽게 생기는 건 아니잖아요.,최근에 건강 때문에 힘드시군요. 건강을 잃은 것만큼 힘든 일은 없죠… 기운 내세요.,97
저는 크게 음주를 하거나 흡연을 하지 않으니까 암보험도 안 들어놨는데.,다시 건강한 삶을 찾을 수 있을 거예요. 걱정 마세요.,97
간이 안 좋아요. 그래서 많이 조심하죠. 식사도 조절하고. 운동도 하려고 해요.,그러셨군요. 몸이 아프면 덩달아 마음도 힘들어지는 것 같아요.,97
간이 안 좋다는 걸 알기 전에는 혼자 있는게 힘들지 않았는데.,그럴 때일수록 식사와 수면이 중요하다는 거 아시죠? 잘 버텨내보자구요.,97
구강 내에 문제가 있어. 어릴 때부터 종종 치료를 받았는데.,최근에 건강 때문에 힘드시군요. 건강을 잃은 것만큼 힘든 일은 없죠… 기운 내세요.,97
근육 체질이라 더 안 빠지는 건데.,다시 건강한 삶을 찾을 수 있을 거예요. 걱정 마세요.,97
근데 그렇게 5~6년 동안 한 자세로 오래 있다 보니까 자세가 안 좋아진 거야.,그러셨군요. 몸이 아프면 덩달아 마음도 힘들어지는 것 같아요.,97
내가 몸이 말을 안 들어서 운동도 관뒀는데 관둔 후에도 몸이 말썽이니까…,그럴 때일수록 식사와 수면이 중요하다는 거 아시죠? 잘 버텨내보자구요.,97
그러다보니까 내 몸은 못챙긴 것 같아.,최근에 건강 때문에 힘드시군요. 건강을 잃은 것만큼 힘든 일은 없죠… 기운 내세요.,97
근데 작년에 건강검진을 받아보니까 갑상선에 혹이 생겼대요.,그러셨군요. 걱정이 많겠어요.,98
병원에 가보니 갑상선에 문제가 생겼다고 하더라구요.,잘 이겨내리라고 믿어요. 기운을 내세요.,98
갑상선 수술은 잘 끝났고 이제 약물치료 할 거래.,정말 다행이에요. ,98
인터넷에다가 검색을 좀 해보니까 갑상선에 문제가 있으면 비슷한 증상이 생기더라구.,그러셨군요. 걱정이 많겠어요.,98
갑상선 수술 이후에 약을 복용하고 있어요.,힘드셧겠어요. 지금은 좀 괜찮으신가요.,98
작년에 다이어트로 살을 20키로 정도 뺐어.,정말 멋져요. 다이어트 정말 힘들잖아요.,99
무조건 굶어서 뺀 건 아니고 운동도 하고 식이도 했지.,고생 많이 하셨어요. 하지만 너무 무리한 다이어트는 좋지 않아요. 아시죠?,99
어학연수 떠나기 전에 운동 빡시게 해서 6Kg을 뺐어요.,정말 대단하네요. 다이어트는 쉽지 않은 일이잖아요.,99
몸무게 유지하려고 거기서는 과일만 먹었어요.,정말 멋져요. 다이어트 정말 힘들잖아요.,99
미국 음식이 워낙 짜고 해비하니까 먹으면 바로 살이 찔 거 같더라고요.,고생 많이 하셨어요. 하지만 너무 무리한 다이어트는 좋지 않아요. 아시죠?,99
귀국하고 회사 다니면서 다이어트를 했어요. ,정말 대단하네요. 다이어트는 쉽지 않은 일이잖아요.,99
1년간 운동과 식이요법으로 20kg 뺐습니다. ,정말 멋져요. 다이어트 정말 힘들잖아요.,99
"인생은 살 빼기 전, 후로 나뉜다더니 그 말이 정말 맞는 것 같았어요.",고생 많이 하셨어요. 하지만 너무 무리한 다이어트는 좋지 않아요. 아시죠?,99
원래 살이 잘 찌는 체질인데 맨날 굶고 운동하고 그렇게 뺀 거야.,정말 대단하네요. 다이어트는 쉽지 않은 일이잖아요.,99
그래서 비만클리닉에서 상담도 받고… PT도 끊었어.,정말 멋져요. 다이어트 정말 힘들잖아요.,99
"예상보다 많이 빠지진 않는데, 그래도 몸무게가 꽤 많이 줄었어.",고생 많이 하셨어요. 하지만 너무 무리한 다이어트는 좋지 않아요. 아시죠?,99
다이어트를 하다 보니까 더 감량하고 싶은 욕심이 생겨.,정말 대단하네요. 다이어트는 쉽지 않은 일이잖아요.,99
졸업 사진 찍어야 해서 다이어트 한 지 두 달 됐어요.,다이어트 때문에 스트레스가 많으시군요. 혹시 무리하실까 봐 걱정돼요.,100
"살은 빠지긴 했는데, 그 이상 빠지질 않아서 스트레스에요.",당신은 그대로도 멋진 사람이에요. 스트레스를 너무 많이 받는다면 무리하게 다이어트를 할 필요는 없어요.,100
저저번 달부터 다이어트 중이라 스트레스가 좀 많긴 했어.,멋진 몸매도 좋지만 정신과 신체의 건강도 중요하잖아요. 너무 무리는 마세요.,100
특히 탄수화물을 못 먹으니까 죽을 것 같아. ,오늘 하루 정도는 모든 걸 내려놓고 맛있는 걸 먹는 건 어때요?,100
다이어트 때문에 스트레스가 심해. 외모지상주의 세상이 싫어. ,다이어트 때문에 스트레스가 많으시군요. 혹시 무리하실까 봐 걱정돼요.,100
"원래 안 그랬는데, 최근 생리가 불규칙해져서 호르몬에 이상이 생긴 건 아닌지 걱정이 됐어요.",그렇군요. 불편하고 걱정이 되겠어요.,101
한 두 달 가까이 안 나오다가 2주 정도 연달아 할 때도 있고…,힘드시겠어요. 정기적으로 병원에 방문하는 게 건강에 도움이 된다고 해요.,101
생리가 불규칙해. 어릴 때부터 그랬는데 요즘은 더 해.,그렇군요. 불편하고 걱정이 되겠어요.,101
좀처럼 생리날짜를 종잡을 수가 없어.,힘드시겠어요. 정기적으로 병원에 방문하는 게 건강에 도움이 된다고 해요.,101
심지어 생리전증후군도 없어서 언제 시작할지 몰라서 항상 생리대를 들고 다녀.,그렇군요. 불편하고 걱정이 되겠어요.,101
몸살 난 것처럼 열나고 토하고 그래서 병원에 갔더니 심내막염? 그거라고 수술을 해야 한다는 거야. ,수술까지 받으셨다니… 큰일을 잘 치러서 다행이에요.,102
그땐 정말 죽는 줄 알았죠. 운이 좋았는지 수술도 잘 됐어요. 매년 병원가서 검사는 하고 있어요.,큰일을 치르셨네요. 곧 건강을 되찾을 수 있을 거예요.,102
이마가 찢어져서 5바늘 쯤 꿰맸어요.,그런 일이 있으셨군요. 건강을 되찾으실 때까지 제가 말벗이 되어드릴게요.,102
뭐 크기가 크지는 않다고 해서… 바로 수술을 받았죠.,수술까지 받으셨다니… 큰일을 잘 치러서 다행이에요.,102
수술 무사히 끝나고 집으로 돌아왔어요.,큰일을 치르셨네요. 곧 건강을 되찾을 수 있을 거예요.,102
심내막염 진단 받고 바로 수술에 들어갔어요.,그런 일이 있으셨군요. 건강을 되찾으실 때까지 제가 말벗이 되어드릴게요.,102
지금은 수술 받고 회복 중이예요. ,수술까지 받으셨다니… 큰일을 잘 치러서 다행이에요.,102
3년 전에 감염성 심내막염이란 걸로 수술 받았거든요.,큰일을 치르셨네요. 곧 건강을 되찾을 수 있을 거예요.,102
지금은 수술 받고 회복 중이에요.,그런 일이 있으셨군요. 건강을 되찾으실 때까지 제가 말벗이 되어드릴게요.,102
작년 이맘때도 알러지 때문에 고생했어.,알레르기 때문에 고생이 많으시군요. 정말 괴로운 일이죠.,103
저 꽃가루 알러지가 심해서 매년 고생하거든요.,알레르기는 정말 골치 아픈 것 같아요. ,103
올해도 봄이 되니까 눈이 딱 가렵더라고요.,마음이 아파요… ,103
봄만 되면 꽃가루 알레르기 때문에 미칠 것 같아요.,알레르기 때문에 고생이 많으시군요. 정말 괴로운 일이죠.,103
알레르기 때문에 작년에도 고생이 많았어요.,알레르기는 정말 골치 아픈 것 같아요. ,103
수술 끝나고 항암 치료 진행 중이에요.,항암 치료를 받고 계시는군요. 잘 하고 계세요. 조금만 더 버텨요.,104
아직도 항암이 4번이나 더 남았어…,힘든 싸움을 하고 계시는군요. 함께 이겨나가요.,104
항암 치료를 이어나가고 있긴 한데… 기대는 크지 않아.,그럴 때일수록 잘 먹어야 한대요. 식사 꼭 챙기세요.,104
항암 치료라는 게 나는 그렇게 고통스러운 건 줄은 몰랐어.,항암 치료를 받고 계시는군요. 잘 하고 계세요. 조금만 더 버텨요.,104
어제 마지막 항암 치료를 받았어요.,힘든 싸움을 하고 계시는군요. 함께 이겨나가요.,104
"암튼 결혼해서 지금 애 하나 있고, 초등학생이에요.",그러셨군요. 평생 함께 할 사람이 있으시다니. 부러운걸요?,105
사실 결혼한 지 한 달 밖에 안됐는데… 신혼인데 왜 그런지 모르겠어요.,결혼 생활은 어떠신가요?,105
결혼식 하고 일주일이나 지났나? ,그렇군요. 즐거운 결혼 생활 하고 계신가요?,105
연애 결혼이 아니어서 그런가?,그러셨군요. 평생 함께 할 사람이 있으시다니. 부러운걸요?,105
결혼도 엄청 빨랐어요. 만난 지 3개월 만에 했으니까.,결혼 생활은 어떠신가요?,105
오빠는 내 병도 잘 이해할 수 있을 거 같고... 좋은 사람이라는 생각이 들어서 결혼하자고 내가 먼저 말했어.,그렇군요. 즐거운 결혼 생활 하고 계신가요?,105
제가 시집을 좀 일찍 갔어요.,그러셨군요. 평생 함께 할 사람이 있으시다니. 부러운걸요?,105
"32살에 지금 남편을 만나 결혼했는데, 일을 그만두고 싶지는 않았어요.",결혼 생활은 어떠신가요?,105
연애 결혼한 지 2년 됐어.,그렇군요. 즐거운 결혼 생활 하고 계신가요?,105
21살에 일찍 시집갔어.,그러셨군요. 평생 함께 할 사람이 있으시다니. 부러운걸요?,105
사실 결혼도 혼인신고만 했어요.,결혼 생활은 어떠신가요?,105
"집은 시어머니가 해주시고… 예단도 거의 최소로 해서 겨우 결혼했지, 뭐.",그렇군요. 즐거운 결혼 생활 하고 계신가요?,105
결혼한 지 2년째예요.,그러셨군요. 평생 함께 할 사람이 있으시다니. 부러운걸요?,105
나는 결혼을 좀 일찍 한 편이야.,결혼 생활은 어떠신가요?,105
동창 중에서는 내가 식을 제일 빨리 올린 것 같아.,그렇군요. 즐거운 결혼 생활 하고 계신가요?,105
그 사람 아니었으면 결혼 안 하고 평생 혼자 살았을 거야.,그러셨군요. 평생 함께 할 사람이 있으시다니. 부러운걸요?,105
결혼 생활을 한 지는 10년 됐어요.,결혼 생활은 어떠신가요?,105
연애해서 결혼한지 2년됐어.,그렇군요. 즐거운 결혼 생활 하고 계신가요?,105
스물한 살에 결혼했어.,그러셨군요. 평생 함께 할 사람이 있으시다니. 부러운걸요?,105
둘 다 나이도 있고 해서 결혼을 서둘러버렸어요. 그게 화근이었죠.,결혼 생활은 어떠신가요?,105
서른두 살쯤에 결혼하고 그 때도 안 그만뒀으니까…,그렇군요. 즐거운 결혼 생활 하고 계신가요?,105
"그렇다고 후련하다던가 그런건 별로 없더라고요, 예식절차 때문에 너무 정신 없어서..",그러셨군요. 평생 함께 할 사람이 있으시다니. 부러운걸요?,105
사랑이란 거 참 신기하더라고요. 연애 2년 만에 결혼했어요. 아무래도 같이 살지 않으면 보기 힘드니까 결혼을 결정하는 게 생각보다 어렵지는 않았어요.,결혼 생활은 어떠신가요?,105
내가 28년 전에 결혼을 했거든.,그렇군요. 즐거운 결혼 생활 하고 계신가요?,105
결혼한 지는 한 12년 됐어.,그러셨군요. 평생 함께 할 사람이 있으시다니. 부러운걸요?,105
연애하다가 30살에 결혼하게 됐어요.,결혼 생활은 어떠신가요?,105
"그때는 결혼만 하면 행복해질줄 알았죠, 바보같이…",그렇군요. 즐거운 결혼 생활 하고 계신가요?,105
나이 마흔 둘인데 아직 결혼 안 했어. ,그럴 수 있죠. 사람은 각기 다르잖아요.,106
"비혼주의자는 아닌데, 사람 만날 인연이 없었나봐. ",그렇군요. 혼자인 삶도 나쁘지 않다고 생각해요.,106
딱히 결혼할 생각은 없어.,그래요. 혼자 사는 것도 즐겁죠.,106
웬만하면 계속 혼자 살려고 해.,그럴 수 있죠. 사람은 각기 다르잖아요.,106
결혼을 해야 하는 이유를 잘 모르겠어. ,그렇군요. 혼자인 삶도 나쁘지 않다고 생각해요.,106
결혼 안 한 거 딱히 이유는 없고 그냥 별 생각이 없어요.,그래요. 혼자 사는 것도 즐겁죠.,106
"제가 직업이 좋은 것도 아니고.. 금수저 집안도 아니고, 아직 갚을 대출도 있는데, 버는 돈은 똑같고…",그럴 땐 정말 막막한 것 같아요. 기운 내세요.,107
근데 뭐 내가 벌이가 있어야 말이지. ,마음이 힘드시겠어요.,107
빚이 무섭게 불어나더라.,돈이 없어도 되는 세상이 얼른 왔으면 좋겠어요.,107
여차하면 팔아서 반반 나눠야겠다고 생각을 하고 있었죠.,가슴이 답답하시겠어요. 그럴 때는 든든히 먹고 머리를 비우는 것도 좋은 방법이에요.,107
집안 형편이 안 좋아.,그럴 땐 정말 막막한 것 같아요. 기운 내세요.,107
애들 데리고 먹고 살아야 하니까 슬퍼할 시간도 없었어요. ,마음이 힘드시겠어요.,107
돈 버는 건 힘들어도 쓰는 건 한순간이더라구.,돈이 없어도 되는 세상이 얼른 왔으면 좋겠어요.,107
신혼집 차릴 형편이 안 되니까…,가슴이 답답하시겠어요. 그럴 때는 든든히 먹고 머리를 비우는 것도 좋은 방법이에요.,107
내가 애 등록금으로 쓰려고 얼마나 뼈 빠지게 모은 돈인데.,그럴 땐 정말 막막한 것 같아요. 기운 내세요.,107
돈 문제 같긴 한데 사실 자세한 건 잘 모르겠어.,마음이 힘드시겠어요.,107
작년에 아파트를 하나 분양 받았는데… 올해 중도금 치를 때 암만 긁어 모아도 돈이 모자란 거야.,돈이 없어도 되는 세상이 얼른 왔으면 좋겠어요.,107
거기다가 과태료가 60만원이 걸려 있었어요.,가슴이 답답하시겠어요. 그럴 때는 든든히 먹고 머리를 비우는 것도 좋은 방법이에요.,107
요즘 전세계적으로 불황이라고 하잖아.,그럴 땐 정말 막막한 것 같아요. 기운 내세요.,107
그래도 여전히 남들처럼 넉넉한 살림은 아니야.,마음이 힘드시겠어요.,107
"아파트 대출금은 언제 다 갚나, 이런 생각이 들어서 가끔 스트레스를 받아…",돈이 없어도 되는 세상이 얼른 왔으면 좋겠어요.,107
돈은 돈대로 들고 수익도 별로 안 나고…,가슴이 답답하시겠어요. 그럴 때는 든든히 먹고 머리를 비우는 것도 좋은 방법이에요.,107
그런데 집이… 진짜… 폐가 같았어.,그럴 땐 정말 막막한 것 같아요. 기운 내세요.,107
대출이란 대출은 다 알아본 거 같아요.,마음이 힘드시겠어요.,107
시댁 사정도 안 좋고… 어디 손 벌릴 곳도 없어.,돈이 없어도 되는 세상이 얼른 왔으면 좋겠어요.,107
아직 아파트 살 때 빌린 돈도 다 못 갚았는데…,가슴이 답답하시겠어요. 그럴 때는 든든히 먹고 머리를 비우는 것도 좋은 방법이에요.,107
저금도 많이 떨어졌는데… 언제까지 버틸 수 있을지 모르겠어.,그럴 땐 정말 막막한 것 같아요. 기운 내세요.,107
정말 로또라도 됐으면 좋겠다.,마음이 힘드시겠어요.,107
길 가다가 천만 원만 딱 주웠으면 좋겠어.,돈이 없어도 되는 세상이 얼른 왔으면 좋겠어요.,107
원래 그래도 좀 넉넉하게 사는 편이었어요.,가슴이 답답하시겠어요. 그럴 때는 든든히 먹고 머리를 비우는 것도 좋은 방법이에요.,107
근데 다시 바로 직장 잡기도 좀 싫어서 이 때 돈을 좀 빌렸어요.,그럴 땐 정말 막막한 것 같아요. 기운 내세요.,107
집안 형편도 어려웠고.,마음이 힘드시겠어요.,107
돈 드니까.,돈이 없어도 되는 세상이 얼른 왔으면 좋겠어요.,107
두 분이서 같이 장사를 하셨는데 그 때 가게도 잘 안 되고 그랬거든.,가슴이 답답하시겠어요. 그럴 때는 든든히 먹고 머리를 비우는 것도 좋은 방법이에요.,107
아무래도 돈 문제가 제일 컸죠. 제 등록금이랑 생활비 그런 거…,그럴 땐 정말 막막한 것 같아요. 기운 내세요.,107
그리고 그 사람이 지금 반 정도는 돈을 갚아서… 그것도 영향이 있는 것 같아.,마음이 힘드시겠어요.,107
아예 등록금이나 모든 걸 내 손으로 해결할 수 있으면 나도 이렇게 안 싸우는데…,돈이 없어도 되는 세상이 얼른 왔으면 좋겠어요.,107
간병인을 두려고 해도 너무 비싸서 할 수가 없었거든요.,가슴이 답답하시겠어요. 그럴 때는 든든히 먹고 머리를 비우는 것도 좋은 방법이에요.,107
돈이 없어서 가지고 있던 집도 내놓고 다 내놨어요.,그럴 땐 정말 막막한 것 같아요. 기운 내세요.,107
얼마 전에는 마이너스 통장도 만들었어.,마음이 힘드시겠어요.,107
빚만 잔뜩 쌓였죠...,돈이 없어도 되는 세상이 얼른 왔으면 좋겠어요.,107
2년정도 지나니까 빈털터리가 되있었어요.,가슴이 답답하시겠어요. 그럴 때는 든든히 먹고 머리를 비우는 것도 좋은 방법이에요.,107
적금 들어 놓은 것도 없고…,그럴 땐 정말 막막한 것 같아요. 기운 내세요.,107
통장잔고만 보면 한숨이 나와.,마음이 힘드시겠어요.,107
신용카드로 막 긁다보면 통지서 볼때마다 깜짝깜짝 놀라요.,돈이 없어도 되는 세상이 얼른 왔으면 좋겠어요.,107
집에와서 산 물건들보면 다 쓰잘데기없는 것들이구...,가슴이 답답하시겠어요. 그럴 때는 든든히 먹고 머리를 비우는 것도 좋은 방법이에요.,107
얼마나 가난했냐면 정말 급식비 낼 돈도 없었거든. 진짜로.,마음 고생을 많이 하셨겠어요. ,108
그걸로 동생들 뒷바라지 다 하고… 어렵게 살았죠.,돈이 정말 사람을 괴롭히는 것 같아요.,108
우리집이 예전에 되게 가난했단 말이야.,마음 고생을 많이 하셨겠어요. ,108
형이 취직하고 나서는 국가지원이 바로 끊겼어. 그래서 또 한동안 라면만 먹고.,돈이 정말 사람을 괴롭히는 것 같아요.,108
그걸로 동생들 뒷바라지 다 하고 어렵게 살았죠.,마음 고생을 많이 하셨겠어요. ,108
심지어 못 갚을 상황이 됐다고… 그게 우리가 갚아야 되는 돈이 됐다네요?,대출이나 카드는 정말 함정 같아요.,109
그래도 어느 정도 내 능력을 믿고 막 썼어. 금방 갚을 수 있을 거라는 뭐… 그런 마음이었지.,좋은 방법이 있을 거예요. 희망을 놓지 마세요.,109
돈이 없을 때는 현금서비스를 받아서 근근이 살아.,마음을 단단히 먹으셔야겠어요. 저도 응원할게요.,109
빚이 8억이래요…,대출이나 카드는 정말 함정 같아요.,109
돈 버는 걸로 부족해서 카드 빚도 냈는데…끊을 수가 없어.,좋은 방법이 있을 거예요. 희망을 놓지 마세요.,109
독한 마음 먹으니까 영어가 빠르게 늘더라고요.,노력하는 모습이 보기 좋아요.,110
그 생각도 나고… 여러모로 배울 게 많을 거 같았어.,공부는 정말 끝이 없죠. 열심히 하시는 모습이 멋져요.,110
나는 새벽에 공부하는 편이라 항상 늦게까지 공부한단 말이야.,열심히 공부하는 것도 좋지만 가끔은 휴식을 취해주세요. 당신은 소중하잖아요.,110
방학이 끝나고 다시 공부하고 있어.,노력하는 모습이 보기 좋아요.,110
공부는 제주도에서 하고 있어요.,공부는 정말 끝이 없죠. 열심히 하시는 모습이 멋져요.,110
"학원도 다니고, 스터디도 했는데 잘 안 되더라.",너무 하나에만 몰두하면 집중력이 흐트러질 수도 있다고 생각해요. 가끔 기분 전환을 하는 건 어때요?,111
"누나랑 남동생은 공부 다 잘하는데, 나만 한참 떨어져.",너무 자책은 마세요. 사람마다 잘하는 게 다르니까요.,111
계속 공모전을 도전하긴 하는데 잘 안 되는 거 같아.,공부하는 방식이 조금 안 맞는 걸 수도 있어요. 방법을 바꿔보는 건 어떨까요?,111
솔직히 공부도 별로고… 그냥 돈을 빨리 버는게 나을것 같았어.,너무 하나에만 몰두하면 집중력이 흐트러질 수도 있다고 생각해요. 가끔 기분 전환을 하는 건 어때요?,111
그래도 공부는 잘 안되는것 같아.,너무 자책은 마세요. 사람마다 잘하는 게 다르니까요.,111
수업할 때도 나 혼자 선생님이 하신 말을 곱씹느라…진도를 못 따라가고 놓치는 편이야.,공부하는 방식이 조금 안 맞는 걸 수도 있어요. 방법을 바꿔보는 건 어떨까요?,111
당연히 공부도 잘 못하고…,너무 하나에만 몰두하면 집중력이 흐트러질 수도 있다고 생각해요. 가끔 기분 전환을 하는 건 어때요?,111
저는 공부는 별로였어요. 그냥 어릴 때부터 현모양처가 꿈이었으니까.,너무 자책은 마세요. 사람마다 잘하는 게 다르니까요.,111
이렇게 살지 말아야겠다는 생각이 들더라. 마침 영장이 나와서 군대 갔다와서 사람되자 싶었어.,그러셨군요. 정말 멋지네요.,112
3월에 영장이 나와서 입대했어요. ,남자라면 피해갈 수 없는 문제죠. 맞서는 모습이 정말 멋져요.,112
형은 내년에 입대한다.,"네, 그렇군요.",112
영장도 나왔고 군대에 입대했죠. ,남자라면 피해갈 수 없는 문제죠. 맞서는 모습이 정말 멋져요.,112
그러다 이제 3월에 영장이 나와서 입대를 했거든요.,남자라면 피해갈 수 없는 문제죠. 맞서는 모습이 정말 멋져요.,112
어머니가 대학은 한국에서 나오는 게 좋겠다고 해서 다시 한국으로 돌아왔어요.,그러셨군요. 듣고 있으니 계속 말씀해주세요.,113
한국에 돌아오고 나니까 아차 싶더라.,그 동안 있었던 얘기 좀 더 들려주세요. 궁금해요.,113
스페인에서 지내다가 한국에 돌아온 지 얼마 안 됐어요.,그런 일이 있으셨군요. ,113
계속 외국에서 생활하다가 얼마 전에 한국에 잠시 들어왔어.,그러셨군요. 듣고 있으니 계속 말씀해주세요.,113
그렇게 집 망하고 나서 저는 유학 가 있다가 바로 다시 들어왔어요.,그 동안 있었던 얘기 좀 더 들려주세요. 궁금해요.,113
내가 한국으로 귀국해야겠더라구.,그런 일이 있으셨군요. ,113
입학하고 나서 처음으로 남자친구가 생겼어.,"네, 그랬군요. ",114
놀다 보니까 여러 사람하고 어울리게 되고… 좀 잘해주는 남자가 있어서 만났어요.,연애는 언제나 가장 흥미로운 주제인 것 같아요. 더 들려주세요.,114
동네 카페에 자주 가다 보니까 거기 남자 사장님이랑 조금씩 친해졌어요.,"네, 그랬군요. ",114
"키고 크고, 되게 시원시원하게 생긴 미남이었어요.",연애는 언제나 가장 흥미로운 주제인 것 같아요. 더 들려주세요.,114
걔는 미술 하는 앤데 어렸을 때부터 천재라고 유명했대요.,"네, 그랬군요. ",114
걔는 워낙 멋진 애니까 그렇게 남 위로도 해줄 수 있는 거잖아?,연애는 언제나 가장 흥미로운 주제인 것 같아요. 더 들려주세요.,114
얼마 전에 남자친구랑 같은 회사에서 인턴을 하게 됐어요.,"네, 그랬군요. ",114
근데 남친은 자기 전공에 어느 정도 맞는 걸 하게 돼서 잘 하더라구요.,연애는 언제나 가장 흥미로운 주제인 것 같아요. 더 들려주세요.,114
저는 맨날 혼나는데 남친은 그 팀에서 되게 예쁨 받는 것 같고.,"네, 그랬군요. ",114
그래서 연애도 못 하다가 올 3월에 첫 남친을 사귀었어요.,연애는 언제나 가장 흥미로운 주제인 것 같아요. 더 들려주세요.,114
근데 그게 내 탓이냐? 그럼 지가 처신 좀 잘 하지 그랬어.,"네, 그랬군요. ",114
실연당한 거라 아무말도 할 수 없었어.,연애는 언제나 가장 흥미로운 주제인 것 같아요. 더 들려주세요.,114
"남들은 남자친구 잘만 사귀던데, 전 왜 6년째 솔로일까요?",아직 인연을 못 만난 거 아닐까요?,115
제가 무슨 문제가 있는 걸까요? 여자로서 무매력인가봐요.,그런가요? 제 눈에는 아주 매력적으로 보이는데요.,115
비혼주의자도 아닌데 이러다 혼자 사는 거 아닌가 모르겠어요. 지금만 봐도 충분히 그럴 가능성 100%.,너무 걱정 마세요. 좋은 사람을 아직 못 찾은 것뿐이에요.,115
남자친구 없는 게 고민이에요.,아직 인연을 못 만난 거 아닐까요?,115
나만 왜 남자친구가 없을까.. 아무도 나를 좋아해주지 않는 것 같아. 나는 사랑 받을 자격이 없나봐.,그런가요? 제 눈에는 아주 매력적으로 보이는데요.,115
남자친구지만 나도 그렇게 되고 싶다고 생각할 만큼 배울 점이 많은 친구였어. ,남자친구가 굉장히 멋진가 봐요.,116
그 친구를 부러워했어요. ,멋진 남자친구 이야기 더 들려주세요.,116
굉장히 매력적이죠. 예술가들이 원래 멋지잖아요?,남자친구가 굉장히 멋진가 봐요.,116
남자친구는 정말 멋져요. 타고난 예술가예요. ,멋진 남자친구 이야기 더 들려주세요.,116
그 사람을 보는 것만으로 성스러워지는 느낌이랄까… ,남자친구가 굉장히 멋진가 봐요.,116
내 남친이야말로 세상 잘난 사람이예요.,멋진 남자친구 이야기 더 들려주세요.,116
내 남친이야말로 세상 잘난 사람이에요.,남자친구가 굉장히 멋진가 봐요.,116
남자친구는 아직 없어. ,연애가 꼭 필수는 아니잖아요. 괜찮아요.,117
주변에 별로 사귀고 싶은 사람이 없어.,좋은 사람을 찾기는 정말 어려운 것 같아요. ,117
내가 눈이 높은 것도 아닌데… 괜찮은 사람이 없네.,그랬군요. 하지만 너무 신경 쓰지 않아도 될 것 같아요. 연애는 선택이잖아요.,117
그런데 내 생활이 워낙 바쁘기도 하고. 그럴 만한 여유는 없는 거 같아.,연애가 꼭 필수는 아니잖아요. 괜찮아요.,117
주변에서 소개팅 시켜준다는 사람들도 좀 있긴 한데… 걍 그게 귀찮아.,좋은 사람을 찾기는 정말 어려운 것 같아요. ,117
이쁘게 입고 소개팅 나가잖아? 아씨 그럼 말도 안 통하는 애들이 나와가지고… 사람 짜증나게 해.,그랬군요. 하지만 너무 신경 쓰지 않아도 될 것 같아요. 연애는 선택이잖아요.,117
내 연봉이 얼마나 되냐느니… 그런 걸 물어보고. 소개팅 하는 사람한테 무슨 예의야?,연애가 꼭 필수는 아니잖아요. 괜찮아요.,117
암튼 그래서 이제 소개팅도 안 해.,좋은 사람을 찾기는 정말 어려운 것 같아요. ,117
마지막 연애는 7년 전이야.,그랬군요. 하지만 너무 신경 쓰지 않아도 될 것 같아요. 연애는 선택이잖아요.,117
연애는 학생 때 몇 번 해본 게 다예요.,연애가 꼭 필수는 아니잖아요. 괜찮아요.,117
어른 돼서 남자를 만나려고 하니까 너무 조건 따지고 뭐 따지고… 잘 안 되더라고요.,좋은 사람을 찾기는 정말 어려운 것 같아요. ,117
남자친구는 없어. 맘에 드는 사람이 없더라고. ,그랬군요. 하지만 너무 신경 쓰지 않아도 될 것 같아요. 연애는 선택이잖아요.,117
연애 안 한지도 정말 오래됐어. 세어보니까 7년이나 됐더라고.,연애가 꼭 필수는 아니잖아요. 괜찮아요.,117
성인이 되고서 한번도 남자를 사귄 적이 없어.,좋은 사람을 찾기는 정말 어려운 것 같아요. ,117
마지막 남자친구랑 헤어진 지 7년 됐어.,그랬군요. 하지만 너무 신경 쓰지 않아도 될 것 같아요. 연애는 선택이잖아요.,117
근데 그래도 나는 좀 아쉽단 말이야. 나도 남자친구 사귀고 싶은데.,연애가 꼭 필수는 아니잖아요. 괜찮아요.,117
남친한테 먼저 헤어지자고 했어. ,그러셨군요. 힘들겠지만 잘 이겨내야죠.,118
"학원에서 만난 남자가 고백해서 한 3개월 정도 만나고, 안 맞아서 끝냈거든. ",많이 힘들겠어요. 제가 옆에 있어드릴게요.,118
남친한테 차였어.,언젠가는 이별이 찾아오기 마련이죠… 괜찮으신가요?,118
카톡 이별 통보가 내 일이 될 지 상상이나 했겠어. ,그러셨군요. 힘들겠지만 잘 이겨내야죠.,118
"그런데 한, 2주인가? 만나고 헤어졌어. 짜증나게 굴더라고.",많이 힘들겠어요. 제가 옆에 있어드릴게요.,118
아무튼 지가 먼저 다른 사람이 생겼다고 헤어지재.,언젠가는 이별이 찾아오기 마련이죠… 괜찮으신가요?,118
오래 사겼던 남자친구랑 헤어져서 힘들었던 때거든요.,그러셨군요. 힘들겠지만 잘 이겨내야죠.,118
남자친구랑 헤어지기 전까지는 그렇게 아프진 않았는데.,많이 힘들겠어요. 제가 옆에 있어드릴게요.,118
최근에 남자친구랑 헤어졌어.,언젠가는 이별이 찾아오기 마련이죠… 괜찮으신가요?,118
제가 생각해도 남친한테 집착 쩌는 것 같아요. ,그렇군요. 연애 스타일은 각자 다른 거니까요.,119
"남친이 회식 있다고 하면 제가 막 불안하고, 진정이 안되고... 30분 간격으로 전화해서 확인해요.",집착 때문에 당신의 마음도 힘들 거 같아요. 가끔은 내려놓는 것도 좋지 않을까요?,119
남자친구한테 집착하는 편이야. ,모든 걸 다 보여주는 친밀한 사이에서 쉽게 생기는 문제인 것 같아요. 대화로 풀어보는 건 어떨까요?,119
남자친구가 전화 안 받으면 짜증나고… 받을 때까지 전화를 하긴 해.,그렇군요. 연애 스타일은 각자 다른 거니까요.,119
솔직히 친구들이랑 술 마신다고 해놓고 오빠가 연락이 안 되면… 의심스럽지. ,집착 때문에 당신의 마음도 힘들 거 같아요. 가끔은 내려놓는 것도 좋지 않을까요?,119
집착도 있는 편이라 남자친구 일거수일투족을 다 알아야 속이 시원해요. ,모든 걸 다 보여주는 친밀한 사이에서 쉽게 생기는 문제인 것 같아요. 대화로 풀어보는 건 어떨까요?,119
그래서 좀 뭐라 했더니 나 보고 집착이 너무 심하대.,그렇군요. 연애 스타일은 각자 다른 거니까요.,119
근데 점점 갈수록 오빠가 저한테 집착이 심한 거예요.,집착 때문에 당신의 마음도 힘들 거 같아요. 가끔은 내려놓는 것도 좋지 않을까요?,119
남자 가장 길게 만났을 때가 작년 겨울이었을 거야. 한 달 정도? 크리스마스 보내고 끝냈지.,그냥 안 맞았던 것 아닐까요? 당신의 잘못은 아닐 거예요.,120
헤어지고 얼마 안 돼서 클럽에서 괜찮아 보이는 애가 나 보고 만나보자고 하더라?,잘 맞는 사람을 아직 못 만난 것뿐이라고 생각해요. 너무 염려 말아요.,120
걔랑도 얼마 못 갔어. ,좋은 경험이 되었을 거예요.,120
걔랑은 한 달 쯤 만났나? ,그냥 안 맞았던 것 아닐까요? 당신의 잘못은 아닐 거예요.,120
남자친구를 사귀면 한 달밖에 못 만나고 헤어졌어요. 나만 이런것 같아서 화가 나요. ,잘 맞는 사람을 아직 못 만난 것뿐이라고 생각해요. 너무 염려 말아요.,120
왜 저는 연애가 안될까요? 저만 이런것 같아요.,좋은 경험이 되었을 거예요.,120
10년 이상 알고 지낸 친구도 없고 남친도 엄청 짧게 사귀었어요.,그냥 안 맞았던 것 아닐까요? 당신의 잘못은 아닐 거예요.,120
첫 남자친구는 한 달 사귀었고 두 번째는 이 주 만났어요.,잘 맞는 사람을 아직 못 만난 것뿐이라고 생각해요. 너무 염려 말아요.,120
남편이 갑자기 나한테 고백할 게 있다고 하더라.,"네, 더 말씀해주세요.",121
남편이랑 처음 만난 게 등산 모임이거든요.,그렇군요. ,121
"학벌도 좋다고 하고, 생긴 것도 멀끔하고 뭐… 그래서 호감이 생겼죠.","네, 더 말씀해주세요.",121
"가는 데마다 마주치고 그래서 나랑 취미가 잘 맞는 사람이구나, 그렇게 생각했어요. ",그렇군요. ,121
남편이 외동이에요. ,"네, 더 말씀해주세요.",121
지금 남편은 직장에서 만났어.,그렇군요. ,121
몇 년 전에 남편이 공금횡령으로 교도소에 가 있어요.,"네, 더 말씀해주세요.",121
근데... 이미 결혼했는데 어쩌겠나 싶어서 더 생각 안 했어요.,그렇군요. ,121
중졸 학력으로 딱히 할 수 있는 게 없었는데…,"네, 더 말씀해주세요.",121
돈은 뭐 그럭저럭 벌었는데 자꾸 생각나는 거예요.,그렇군요. ,121
결혼 전에는 안 그랬어요. 남편… 되게 다정한 사람이었는데...,"네, 더 말씀해주세요.",121
하루는 애 앞에서도 때리길래 제발 애 앞에서는 이러지 말라 했는데.,그렇군요. ,121
남편이 미운 건 아니고… 그냥 좀 불쌍해요.,"네, 더 말씀해주세요.",121
남편이 그걸 보고 자라서 그런 것 같기도 하고…,그렇군요. ,121
남편이 원래는 대기업에 다녔어요.,"네, 더 말씀해주세요.",121
대기업에 있다 나와서 그런지 작은 덴 성에 안 차는 것 같았어요.,그렇군요. ,121
그래서 남편이 되게 잘해주고 이것저것 많이 사다줬어요.,"네, 더 말씀해주세요.",121
"나는 그때 이미 직장인이었고, 남편은 아직 박사 과정 밟을 때 만났어.",그렇군요. ,121
남편이 교수 달기 전까지는 엄청 고생만 한 거 같아.,"네, 더 말씀해주세요.",121
남편도 저도 대구가 고향인데… 남편은 대학부터 서울에서 다녔거든요.,그렇군요. ,121
남편은 좋은 대학 나와서… 검사 해요.,"네, 더 말씀해주세요.",121
"남편이랑은 학원에서 선생, 제자로 만났는데…",그렇군요. ,121
남편이 이렇게 효자일 줄은 꿈에 몰랐어요.,"네, 더 말씀해주세요.",121
남편이 엘리트예요. 딱 엘리트 정석 코스를 밟은 사람이죠.,그렇군요. ,121
남편이 해주는 말이 아직도 안 믿겨.,"네, 더 말씀해주세요.",121
사이가 계속 좋지는 않았어요. 그냥 여느 부부처럼 싸우고 화해하고…,그렇군요. ,121
어차피 남편 카드 내역 같은 건 제 손을 거치니까 그것도 봤거든요.,"네, 더 말씀해주세요.",121
그리고 그 이가 출장 갔다 오자마자 짐 챙겨서 쫓아냈는데…,그렇군요. ,121
지금 남편과 18년 전에 만났는데 지금도 생각이 나.,"네, 더 말씀해주세요.",121
남편이랑 한달에 몇번은 보는 것 같아요.,그렇군요. ,121
제가 밥해주러 가기도 하고 남편에게 전화도 자주 오거든요.,"네, 더 말씀해주세요.",121
하지만 남편은 언제나 조용했어요.,그렇군요. ,121
남편도 저랑 비슷한 성격인데 저보다는 좀 더 나아요.,"네, 더 말씀해주세요.",121
남편 새끼 진짜 이게 몇 번째지?,그렇군요. ,121
근데 내가 세 번까지도 참아줘야 하냐? 저 새끼 절대 정신 못 차려.,"네, 더 말씀해주세요.",121
"저 인간은 젊었을 때부터 저랬어. 아주 구제불능, 구제불능.",그렇군요. ,121
그래서 집에 와서도 계속 남편을 졸라요.,"네, 더 말씀해주세요.",121
남편이 처음에는 좋아했는데 나중에는 너 왜 그러냐고 할 정도예요.,그렇군요. ,121
나한텐 남편밖에 없는데…,"네, 더 말씀해주세요.",121
"남편은 아들 편을 들어요, 그렇게 행동할 애들이 아니라며…",그렇군요. ,121
남편이랑 요즘 사이가 안 좋아요.,남편 분과 갈등을 겪고 계시군요. 마음이 많이 상하셨겠어요.,122
연애랑 결혼은 정말 다른 것 같아요. 연애할 때 몰랐던 게 왜 이렇게 많은지… 사사건건 맘에 안들고 부딪혀요.,"아휴, 제가 더 속상하네요. ",122
남편이 너는 뭐가 그렇게 매일 힘드냐고 비난조로 말을 하더라고요.,싸워서 해결이 되는 일이라면 좋겠어요... 힘을 내세요.,122
남편과 부딪히는 날이 점점 많아졌어.,남편 분과 갈등을 겪고 계시군요. 마음이 많이 상하셨겠어요.,122
그러니까 남편이 하는 말이 더 가관이었어요.,"아휴, 제가 더 속상하네요. ",122
전 진짜 그 사람이 이해가 안 돼요.,싸워서 해결이 되는 일이라면 좋겠어요... 힘을 내세요.,122
내가 한 소리해야겠다고 했더니 펄쩍 뛰지 뭐야. 왜 회사 일에 간섭이냐고…,남편 분과 갈등을 겪고 계시군요. 마음이 많이 상하셨겠어요.,122
남편 집안 사정이 별로 안 좋아요. ,힘들겠어요. 여러 가지 문제가 얽혀있으면 마음이 더 답답하잖아요.,123
남편이 아무리 애를 써도 집에 가져다 주는 돈이 들쭉날쭉 해.,그렇군요. 너무 울적해하지 마세요. 둘이라면 잘 헤쳐나갈 수 있을 거예요.,123
남편 벌어오는 돈도 시원찮고... ,울적한 기분이 들면 저에게 털어버리세요.,123
그러다 남편 가방이 열려 있어서 무심코 보는데 현금 인출한 영수증을 보게 됐어요. 무려 3백만 원…,힘들겠어요. 여러 가지 문제가 얽혀있으면 마음이 더 답답하잖아요.,123
신랑이 돈을 잘 못 벌어서 속상하긴 해. 근데 워낙 좋은 사람이라 싫은 소리를 할 수도 없어.,그렇군요. 너무 울적해하지 마세요. 둘이라면 잘 헤쳐나갈 수 있을 거예요.,123
신랑 일이 계속 잘 안 돼서 경제적으로 어려웠어.,울적한 기분이 들면 저에게 털어버리세요.,123
남편이 벌이는 안 좋아도 좋은 사람이에요.,힘들겠어요. 여러 가지 문제가 얽혀있으면 마음이 더 답답하잖아요.,123
"남편 인생에서 제일 돈이 없을 때였을 거야, 아마.",그렇군요. 너무 울적해하지 마세요. 둘이라면 잘 헤쳐나갈 수 있을 거예요.,123
남편 일이 잘 안 풀려서 경제적으로 어려움이 많았어.,울적한 기분이 들면 저에게 털어버리세요.,123
"남편 소개해준 오빠가 분명히 그 농장이 되게 알짜배기라고, 수익도 잘 나고 탄탄하다고 그랬었거든?",힘들겠어요. 여러 가지 문제가 얽혀있으면 마음이 더 답답하잖아요.,123
그런데 까고 보니까 남편이 소유하고 있는 목장이 빛 좋은 개살구인 거야.,그렇군요. 너무 울적해하지 마세요. 둘이라면 잘 헤쳐나갈 수 있을 거예요.,123
남편 일이 잘 안 풀려서 경제적으로 힘들어.,울적한 기분이 들면 저에게 털어버리세요.,123
남편이 술을 많이 마시는 편이야. ,남편 분이 술을 많이 드셔서 속상하시겠어요. 건강이 최고인데…,124
남편이 술자리가 잦은 편이야.,두 분이서 건전한 취미를 만드는 건 어떨까요?,124
남편이 술을 너무 많이 마셔. 술 밖에 모르는 사람이야. 술이라면 자다가도 벌떡 깨는것 같아.,그렇군요. 걱정이 많이 되시겠어요.,124
남편이 스트레스를 받으면 술을 많이 먹더라고요. 저도 힘들 때 혼자 마시거나 남편이랑 같이 먹어요.,남편 분이 술을 많이 드셔서 속상하시겠어요. 건강이 최고인데…,124
미친 인간이 어제 또 술을 진탕이 되도록 마신 거야.,두 분이서 건전한 취미를 만드는 건 어떨까요?,124
그 때 쟤가 출장 가서 술 마시고 차를 두고 온 거야. 부산에.,그렇군요. 걱정이 많이 되시겠어요.,124
남편이 술을 너무 많이 마셔. 술 밖에 모르는 사람이야. 술이라면 자다가도 벌떡 깨는 것 같아.,남편 분이 술을 많이 드셔서 속상하시겠어요. 건강이 최고인데…,124
결혼 초창기부터 남편과 사이가 다정하지는 않았어요.,그렇군요. 많이 외로울 것 같아요. 괜찮으신가요?,125
결혼하고 바로 남편이랑 사이가 안 좋았어요.,이야기를 더 듣고 싶어요. 당신이 괜찮은지 궁금해요.,125
"남편은 일 때문에 바쁘고, 평일 주말없이 일해서 얼굴 보기도 힘들어.",그렇군요. 많이 외로울 것 같아요. 괜찮으신가요?,125
결혼 하고 얼마 지나지 않아서부터 남편이랑 사이가 안 좋았어.,이야기를 더 듣고 싶어요. 당신이 괜찮은지 궁금해요.,125
남편은 저를 도와주지 않으면서 아이만 신경 쓴다고 하고..,그렇군요. 많이 외로울 것 같아요. 괜찮으신가요?,125
남편이랑 사이는 좋아요.,남편 분과 사이가 좋은 것 같아 저도 행복해요.,126
떨어져있던 시간 동안 서로 믿음이 생기고 더 애틋해진 것 같아.,좋은 분과 결혼하신 것 같아 마음이 흡족해요.,126
능력 빼고는 다 완벽한 사람이야. 잘 생기고 착하고 배려심 깊고..세상에서 나를 제일 아껴주는 사람이지.,멋진 부부네요.,126
처음엔 신랑이랑 사이가 좋았어요. 말도 잘 통하고 취향도 비슷했거든요.,남편 분과 사이가 좋은 것 같아 저도 행복해요.,126
제가 조금이라도 우울하거나 짜증을 내면 굉장히 신경을 써주는 편이예요.,좋은 분과 결혼하신 것 같아 마음이 흡족해요.,126
남편이 저보다 훨씬 잘 낫긴 하지만 그렇다고 저를 무시한적은 없어요.,멋진 부부네요.,126
남편이랑 성격도 잘 맞고 서로 너무 좋아해서 싸울 일이 없어.,남편 분과 사이가 좋은 것 같아 저도 행복해요.,126
남편이랑 싸우는 횟수가 많아졌어요.,싸우셨군요… 너무 큰 상처가 되지는 않았길 바래요.,127
남편이랑 다투는 일이 많아졌어.,그러셨군요. 화해는 하셨나요?,127
남편이랑 자주 싸웠어.,속상하셨겠어요. 언제나 내 편이 되어야 하는 상대와 싸우면 더더욱 괴로운 것 같아요.,127
남편이랑 싸우는 것도 하루 이틀이지…,싸우셨군요… 너무 큰 상처가 되지는 않았길 바래요.,127
지난 번에는 남편이 너무한 거 아니냐고 해서 싸웠어요.,그러셨군요. 화해는 하셨나요?,127
"남편이랑은 그냥 그래. 부부관계도 별로 없고, 살갑게 챙겨주는 것도 아니고…",섭섭하시겠어요.,128
남편은 내가 옆에 없으니까 아주 살판이 난 거 같아.,실망이 크셨겠어요.,128
그 인간은 내가 걱정도 안 되나 봐.,섭섭하시겠어요.,128
그 사람은 항상 나보고 가구처럼 이리 가라 저리 가라 해.,실망이 크셨겠어요.,128
보고 싶다고 해도 시큰둥하고… 이러려고 결혼했냐고 화를 내도 반응이 없어요.,섭섭하시겠어요.,128
남편이 애들한테 관심이 없어요.,실망이 크셨겠어요.,128
그 와중에도 신랑은 놀러 다니고 저에게는 관심을 안 가지더라고요.,섭섭하시겠어요.,128
남편이 나한테 더 많이 신경 써주면 좋겠어.,실망이 크셨겠어요.,128
남편이 신경을 안 써주거든요.,섭섭하시겠어요.,128
왜 이렇게 무관심하냐고 물으면 오히려 애정 결핍인 거냐고 말하더라고.,실망이 크셨겠어요.,128
남편의 태도변화에 극단적인 생각까지 할 수 밖에 없었어.,섭섭하시겠어요.,128
근데 남편은 도와주지도 않고…,실망이 크셨겠어요.,128
"자주 가는 술집 여자랑 바람이 난 거야, 알고 보니.",충격이 크셨겠어요. ,129
남편이 바람을 폈더라고요.,절대 용서하지 마세요. 제가 대신 욕해드릴게요.,129
바로 남편한테 이게 뭐냐고 따지면서 딴 여자 있냐고 물어보니까 바로 그렇다고 그러네요.,배신감이 클 것 같아요. 괜찮으세요?,129
남편이 바람 피운 걸 뒤늦게 알게 됐어요.,충격이 크셨겠어요. ,129
그 새끼가 옆에 젊은 여자 끼고 술을 마시고 있더라구.,절대 용서하지 마세요. 제가 대신 욕해드릴게요.,129
10년 전에 남편이 여자후배랑 바람이 난적이 있어.,배신감이 클 것 같아요. 괜찮으세요?,129
그냥 아끼는 후배라고 하더니…결국 그렇고 그런 사이였던거야.,충격이 크셨겠어요. ,129
남편이 평소에 나한테 정말 잘 하는 사람인데..뒤에서 바람을 피울 거라곤…상상도 못했어.,절대 용서하지 마세요. 제가 대신 욕해드릴게요.,129
남편한테 새 여자가 생겼다는 걸 알게 됐거든요.,배신감이 클 것 같아요. 괜찮으세요?,129
근데 거기에 자기야 오빠야 이러는 대화 내역이 있는 거예요.,충격이 크셨겠어요. ,129
그런 스팸 많으니까 그런 거겠거니 했는데 남편이 보낸 답장을 보니까 아니었어요.,절대 용서하지 마세요. 제가 대신 욕해드릴게요.,129
바람 피우는 거 나한테만 걸린 게 벌써 세 번째야.,배신감이 클 것 같아요. 괜찮으세요?,129
그러다가 남편이 바람피우고 있다는걸 알게됐어.,충격이 크셨겠어요. ,129
남편이 원래 사업을 했었거든.,그렇군요. 일이 많아 힘드시겠어요.,130
남편이 사업 때문에 바쁘거든요. ,일이 많이 바쁘시겠네요.,130
남편이 여직원을 하나 데리고 무역업을 하거든. ,그렇군요. 듣고 있으니 더 이야기해주세요.,130
"남편이 사업을 하고, 저는 원래 전업주부였어요.",그렇군요. 일이 많아 힘드시겠어요.,130
남편이 사업을 해서 그렇게 자주 다닐 수밖에 없었거든요.,일이 많이 바쁘시겠네요.,130
오빠가 올해 자기 학원을 차리게 됐거든.,그렇군요. 듣고 있으니 더 이야기해주세요.,130
원래 남편이 사업을 해서 그렇게 못 사는 건 아니었어요.,그렇군요. 일이 많아 힘드시겠어요.,130
남편이 제 마음을 모르는 것 같아요.,마음이 많이 답답하겠어요.,131
신랑이랑은 전혀 대화가 안 돼.,그럴 때는 벽과 이야기하는 기분이죠. 많이 힘드시겠어요.,131
남편이랑 말을 하면… 벽에다 대고 말을 하는 기분이야.,"어휴, 그럴 땐 텔레파시라도 되었으면 좋겠어요.",131
남편이랑은 말이 안 통해.,마음이 많이 답답하겠어요.,131
남편이 제가 처한 상황을 잘 이해해주지 못하는 거 같아요.,그럴 때는 벽과 이야기하는 기분이죠. 많이 힘드시겠어요.,131
내가 힘들다고 하소연해도 연애 때와는 다르게 모든 것을 이해하라고 요구했어.,"어휴, 그럴 땐 텔레파시라도 되었으면 좋겠어요.",131
신랑이랑 말이 안 통해.,마음이 많이 답답하겠어요.,131
남편은 오히려 저를 더 이상한 사람으로 몰더라구요.,그럴 때는 벽과 이야기하는 기분이죠. 많이 힘드시겠어요.,131
남편 그 인간 분명 돈 빼돌려서 자기네 식구들한테 줬다니까. ,헉. 정말 의심스러운 상황이군요.,132
"지금 생각해보면 이상한 게… 저는 아는 오빠 소개로 거길 간 건데, 자꾸 남편이랑 부딪치는 일이 많더라고요.",그렇군요. 혹시 무슨 일이 있었나요?,132
남편 낌새가 이상하다고 느끼긴 했어.,헉. 정말 의심스러운 상황이군요.,132
며칠 전에는 딱 촉이 서는 거야. 그래서 남편 가방을 뒤졌더니 현금인출영수증이 나오더라?,그렇군요. 혹시 무슨 일이 있었나요?,132
그게 진짜 칼슘이 맞았나 싶어요. 이상한 약을 칼슘이라고 속이고 들고 온 것 같기도 해요. ,헉. 정말 의심스러운 상황이군요.,132
남편한테 특별히 잘못한 것도 없는데… 이 남자가 왜 저한테 이런걸 갖다 줬는지 모르겠어요.,그렇군요. 혹시 무슨 일이 있었나요?,132
제일 큰 문제는 그이가 그냥 의심하는 수준이 아니라는 거야.,헉. 정말 의심스러운 상황이군요.,132
그래서 그냥 의심만 하고 있던 찰나에 우연히 남편 문자 내역을 보게 됐거든요.,그렇군요. 혹시 무슨 일이 있었나요?,132
남편이 달래주니까 맘이 많이 차분해지더라구..,좋은 분이 옆에 계신 거 같아 안심이에요.,133
다시 합치기엔 너무 멀리 온것 같구… 그래도 이렇게 가끔 친구처럼 연락하고 지낼 수 있어서 다행이야.,힘들 때 도와줄 수 있는 사람이 있다는 건 좋은 일이죠.,133
그래도 남편을 사랑하니까 하루하루 버티고 있어.,좋은 분이 옆에 계신 거 같아 안심이에요.,133
다시 합치기엔 너무 멀리 온 것 같고… 그래도 이렇게 가끔 친구처럼 연락하고 지낼 수 있어서 다행이야.,힘들 때 도와줄 수 있는 사람이 있다는 건 좋은 일이죠.,133
남편이 옆에 있으면 응급처치라도 할 수 있잖아요.,좋은 분이 옆에 계신 거 같아 안심이에요.,133
"가족, 친구들과 떨어져 지내야 해서 외로웠지만 신랑을 믿고 의지했어요.",힘들 때 도와줄 수 있는 사람이 있다는 건 좋은 일이죠.,133
유일하게 제가 의지하는 사람이 남편이에요.,좋은 분이 옆에 계신 거 같아 안심이에요.,133
"지난 번에 싸우는데 남편이 선풍기를 잡는 거에요. 설마 이 인간이 이걸 던질까 싶었는데, 던지더라고요.",여성긴급전화 번호는 1366입니다.,134
남편이 처음부터 날 때렸던 건 아니에요.,잠시라도 떨어질 수 있는 방법이 없을까요? 너무 마음이 아파요.,134
이웃집 언니가 반찬 좀 가져가라고 해서 간 김에 술도 얻어먹고… 그러고 왔는데 가시나가 헛바람 들었다고 대뜸 손을 올리더라고요.,두렵고 무서우실 것 같아요. 제가 당신을 안아드리고 싶어요.,134
"지 기분 나쁘다고 때리고, 일이 안 풀리면 안 풀린다고 때리고.",여성긴급전화 번호는 1366입니다.,134
남편 버릇이 화 나면 손에 잡히는 대로 막 던지는 거거든요.,잠시라도 떨어질 수 있는 방법이 없을까요? 너무 마음이 아파요.,134
"그때는 여름이었는데, 자기가 좋아하는 난이 다 죽었다고, 옆에 있던 선풍기를 저한테 던졌어요.",두렵고 무서우실 것 같아요. 제가 당신을 안아드리고 싶어요.,134
남편이 던진 선풍기가 바닥에 부딪히면서 파편이 저한테 튀었어요. ,여성긴급전화 번호는 1366입니다.,134
남편은 의심이 많고 폭력적예요. ,잠시라도 떨어질 수 있는 방법이 없을까요? 너무 마음이 아파요.,134
남편이랑 싸웠는데 이 인간이 나한테 선풍기를 던졌어.,두렵고 무서우실 것 같아요. 제가 당신을 안아드리고 싶어요.,134
요즘은 안 그러는데…우리남편이 젊었을 때 나를 많이 팼어.,여성긴급전화 번호는 1366입니다.,134
그 후로 일주일에 한 번은 뭘 던지거나 때렸어요.,잠시라도 떨어질 수 있는 방법이 없을까요? 너무 마음이 아파요.,134
그럼 네가 처신을 잘하라면서 보란듯이 더 때리고…,두렵고 무서우실 것 같아요. 제가 당신을 안아드리고 싶어요.,134
어제는 나 보고 거짓말 하지 말라면서 뺨을 때리더라.,여성긴급전화 번호는 1366입니다.,134
애기가 쓰는 작은 선풍기가 있었는데 그이가 그걸 던진 거예요.,잠시라도 떨어질 수 있는 방법이 없을까요? 너무 마음이 아파요.,134
남편은 의심이 많고 폭력적이에요.,두렵고 무서우실 것 같아요. 제가 당신을 안아드리고 싶어요.,134
남편이 그만하라고 화낼 때 한 마디 더 했더니..폭력적으로 변하더라구.,두렵고 무서우실 것 같아요. 제가 당신을 안아드리고 싶어요.,134
2차이밖에 안 나는데 나를 엄청 어른 취급 하더라구.,사람 대하는 게 가장 어려운 문제인 거 같아요. 힘들죠?,135
남자친구들보다는 여자친구들이 편한 것 같아요.,대인관계에서 아주 능숙한 사람은 별로 없는 거 같아요. 조금씩 실수를 하면서 좋아지는 거죠.,135
남자친구들은 거친 면이 있다 보니까 불편해요.,사람마다 편한 상대가 다르잖아요. 있을 수 있는 일이에요.,135
그 오빠 되게 씀씀이가 커서 뭐지 싶었는데 되게 잘나가는 집안인가 봐요.,사람 대하는 게 가장 어려운 문제인 거 같아요. 힘들죠?,135
그래서 애들이랑 어울려 다니는 걸 별로 안 좋아했어요.,대인관계에서 아주 능숙한 사람은 별로 없는 거 같아요. 조금씩 실수를 하면서 좋아지는 거죠.,135
당연히 주위에 친한 친구도 별로 없죠.,사람마다 편한 상대가 다르잖아요. 있을 수 있는 일이에요.,135
2살 차이밖에 안 나는데 나를 엄청 어른 취급 하더라구.,사람 대하는 게 가장 어려운 문제인 거 같아요. 힘들죠?,135
나는 여자애들이랑 노는 게 더 편하고 좋은데… 남자애들은 그게 보기가 싫은가 봐.,대인관계에서 아주 능숙한 사람은 별로 없는 거 같아요. 조금씩 실수를 하면서 좋아지는 거죠.,135
여러 사람하고 친해지는 스타일이 아니에요.,사람마다 편한 상대가 다르잖아요. 있을 수 있는 일이에요.,135
잘 지내는 것 같더만 뭣 때문에 이별한거냐고 친구들이 묻데.,사람 대하는 게 가장 어려운 문제인 거 같아요. 힘들죠?,135
그 언니도 10년이 넘도록 어울리던 사람이었어. 일주일에 몇 번 볼 정도로 아주 가까웠지.,대인관계에서 아주 능숙한 사람은 별로 없는 거 같아요. 조금씩 실수를 하면서 좋아지는 거죠.,135
친한 여자 동생들한테는 매번 남자들 조심하라고 말해.,사람마다 편한 상대가 다르잖아요. 있을 수 있는 일이에요.,135
우유부단한 남자 만나면 인생 망친다고 말이야.,사람 대하는 게 가장 어려운 문제인 거 같아요. 힘들죠?,135
상대가 거리를 두기 전에 내가 먼저 거리를 두지 않으면.,대인관계에서 아주 능숙한 사람은 별로 없는 거 같아요. 조금씩 실수를 하면서 좋아지는 거죠.,135
근데 요즘 드는 생각은 저런 놈들이랑 친하게 지낼 바에야 이게 훨씬 낫다 싶어.,사람마다 편한 상대가 다르잖아요. 있을 수 있는 일이에요.,135
중학교 친구랑 가족말고는 연락하는 사람도 없어.,사람 대하는 게 가장 어려운 문제인 거 같아요. 힘들죠?,135
사람들이 이해를 못 해줘요. ,서로 상처만 남기는 관계는 끊는 게 답일 수도 있죠.,136
"그 다음 날부터 일을 하는데, 아씨 거기 외교부 직원이 진짜 이상한 거야.",그러셨군요. 저도 그런 상황이면 힘들었을 것 같아요.,136
난 정말 걔들이 이해가 안 가.,서로 상처만 남기는 관계는 끊는 게 답일 수도 있죠.,136
나도 상대하기 싫어서 더 피하게 돼.,그러셨군요. 저도 그런 상황이면 힘들었을 것 같아요.,136
제 눈빛이 건방지대요.,서로 상처만 남기는 관계는 끊는 게 답일 수도 있죠.,136
며칠 전에 친했던 언니와 완전히 틀어졌어.,그러셨군요. 저도 그런 상황이면 힘들었을 것 같아요.,136
그런데 언니가 이번에 사람을 잘못 만나는 거 같아서 말리기 시작하니까 오히려 온갖 욕을 하는 거야. 이러니까 다 널 떠나가는 거야 라면서..,서로 상처만 남기는 관계는 끊는 게 답일 수도 있죠.,136
내려서 숙소에 짐 풀고… 같이 방 쓰는 사람도 좋아 보이더라고.,그렇군요. 적절한 사교활동은 삶에 활력을 주죠.,137
그래도 인간관계는 나쁘지 않아.,친구가 많으시군요. 저와도 친구 하실래요?,137
딱히 트러블이 있는 친구도 없었고…,그렇군요. 적절한 사교활동은 삶에 활력을 주죠.,137
살면서 누구한테 미움 받아본 적이 없는 거 같아.,친구가 많으시군요. 저와도 친구 하실래요?,137
그냥 대화도 잘 나누고… 남자애들이랑은 축구도 하고요.,그렇군요. 적절한 사교활동은 삶에 활력을 주죠.,137
학교 입학하고 사람들과도 잘 어울려 지냈어요.,친구가 많으시군요. 저와도 친구 하실래요?,137
사람들이랑은 그런대로 잘 지냈어.,그렇군요. 적절한 사교활동은 삶에 활력을 주죠.,137
그러다 보니 자연스레 친구가 늘더라고요. 모임도 자주 나가고요.,친구가 많으시군요. 저와도 친구 하실래요?,137
친구가 그렇게 많은 편은 아니에요.,적은 친구를 자주 만나는 것도 좋잖아요.,138
이성친구가 한 명도 없어.,마음에 맞는 사람을 만나는 게 중요하다고 생각해요.,138
여자친구들은 많은데… 이성친구가 하나도 없어서… 뭔가 인간관계가 한정적인 느낌이야.,저도 친구가 많이 없어요… 저와 친구를 하는 건 어때요?,138
주변에 친한 사람들이 다 여자들밖에 없어.,적은 친구를 자주 만나는 것도 좋잖아요.,138
나는 친구도 없고…아는 남자는 남편밖에 없는데…,마음에 맞는 사람을 만나는 게 중요하다고 생각해요.,138
그래서 대학 들어갔어요.,네. 듣고 있으니 계속 말씀하세요.,139
조금 늦더라도 대학을 꼭 가야겠더라.,"아, 그렇군요.",139
여름에 대강의실에서 초청강연을 듣고 있었거든요.,네. 듣고 있으니 계속 말씀하세요.,139
아무래도 초청강연이고 그래서 사람들이 진짜 많이 왔었어요. ,"아, 그렇군요.",139
"다른 친구들은 대부분 4년제 대학을 갔는데, 난 그게 시간이 아깝다고 생각해서 전문대로 진학했어요.",네. 듣고 있으니 계속 말씀하세요.,139
엄마가 대학 졸업장은 있어야 한다고 난리쳐서 억지로 대학에 가긴 갔어요.,"아, 그렇군요.",139
대학 들어와서 축구 동아리에 들었거든.,네. 듣고 있으니 계속 말씀하세요.,139
매달 넷째주 토요일마다 모여서 다른 대학이랑 친선경기를 해.,"아, 그렇군요.",139
경제학과랑 사진학과 중에 어딜 갈지 고민하다가 가고 싶었던 사진학과에 갔어.,네. 듣고 있으니 계속 말씀하세요.,139
대학원도 그 교수님 밑에서 배우고 싶었고 그만큼 따랐거든요.,"아, 그렇군요.",139
다행히도 대학은 원했던 곳에 바로 붙었어요.,네. 듣고 있으니 계속 말씀하세요.,139
사실 원했던 곳이 아니었더라도 대충 갔을지도 몰라요.,"아, 그렇군요.",139
심리학에 관심이 많아서 교양수업을 많이 들었거든요.,네. 듣고 있으니 계속 말씀하세요.,139
명문대를 나왔어요. 머리가 안 좋은데 사교육발이었죠.,"아, 그렇군요.",139
근데 우리가 서로 대학을 다르게 가게 됐어.,네. 듣고 있으니 계속 말씀하세요.,139
이번에는 정말 잘해보려고 마음먹었는데 시작하자마자 수강신청도 망하고..,"아, 그렇군요.",139
대학은 내 생각과는 많이 다르더라고.,네. 듣고 있으니 계속 말씀하세요.,139
더 왜 다녀야 하는지 모르겠어서 자퇴가 답이라 생각했지.,"아, 그렇군요.",139
나는 학교를 광주로 가고 여친은 인천으로 갔거든.,네. 듣고 있으니 계속 말씀하세요.,139
그래도 대학은 곧잘 갔어요.,"아, 그렇군요.",139
대학 떨어질 줄은 정말 상상도 못했어요.,상심이 크셨겠어요. ,140
"그 대학만 보고 공부했는데, 당연히 붙을 줄 알았는데 어떻게 떨어질 수가 있죠? ",괜찮아요. 다음에는 잘하실 거라고 생각해요.,140
시험을 완전히 망쳐서 가고 싶었던 대학에 못 들어갔어요. ,운이 나빴던 거라고 생각해요.,140
현역 때 대학을 다 떨어졌어.,상심이 크셨겠어요. ,140
결국 시험 다 망치고… 전문대 말고는 갈 데가 없더라.,괜찮아요. 다음에는 잘하실 거라고 생각해요.,140
성적이 떨어져서 원하는 대학에 진학하지 못했어요.,운이 나빴던 거라고 생각해요.,140
결국 원하던 데는 못 가고 다니던 학교를 계속 다니고 있어요.,그러셨군요. 실망하셨겠어요.,141
근데 또 원하는 대학에 떨어진거야. 그래서 마지막이라고 생각하고 다시 해보기로 했어.,그렇군요. 하지만 꼭 거기에만 답이 있는 건 아니니까요. 너무 실망하지 마세요.,141
"나름 열심히 했다고 생각했는데, 재수 실패하고, 그냥 합격한 대학에 갔어.",그러셨군요. 실망하셨겠어요.,141
아쉽게 재수 준비한 건 잘 안 됐어.,그렇군요. 하지만 꼭 거기에만 답이 있는 건 아니니까요. 너무 실망하지 마세요.,141
공부를 나름 열심히 했는데 입시 실패하고 결국 작년에 합격한 학교에 다시 들어갔어요.,그러셨군요. 실망하셨겠어요.,141
그런데 대학교에 딱 입학하고 나니까… 시험 끝나고 긴장이 풀려서 그런가? ,원했던 곳에 가신 건가요? 축하드려요.,142
난 대학 가려고 4수 했어. ,사람마다 속도가 다르잖아요. 괜찮아요.,142
사수를 해서 대학에 입학했어요.,그렇군요. 재밌는 대학 생활 하시길 바래요.,142
사수 끝에 드디어 대학 붙었어.,원했던 곳에 가신 건가요? 축하드려요.,142
내 또래는 이제 대학 졸업반인데 난 입학 예정이라고 생각하니까 기분이 좀 그렇지만…,사람마다 속도가 다르잖아요. 괜찮아요.,142
원하는 대학에 또 떨어지고… 좀 더 좋다고 하는 재수학원에 다녔어요.,그렇군요. 여러 번 도전하는 모습이 멋져요.,143
대학은 한 번 재수를 하고 들어갔어요.,그래요. 도전을 해야 후회가 없죠.,143
원하는 대학에 못 가서 재수를 했어요.,공부는 정말 힘든 일인 것 같아요. 언제나 파이팅이에요.,143
재수해서 대학에 입학했어요.,그렇군요. 여러 번 도전하는 모습이 멋져요.,143
법대가려고 재수를 했거든.,그래요. 도전을 해야 후회가 없죠.,143
재수할 때는 따로 학원은 가지 않고 인강만 들었거든.,공부는 정말 힘든 일인 것 같아요. 언제나 파이팅이에요.,143
재수 끝에 대학에 들어갔어.,그렇군요. 여러 번 도전하는 모습이 멋져요.,143
"대학에 붙긴 했는데, 원하던 대학이 아니라서 재수했어요.",그래요. 도전을 해야 후회가 없죠.,143
원하지 않는 대학만 합격해서 재수를 했어.,공부는 정말 힘든 일인 것 같아요. 언제나 파이팅이에요.,143
그리고 재수해서 제가 원하는 대로 입학은 했어요.,그렇군요. 여러 번 도전하는 모습이 멋져요.,143
결국 휴학했죠 뭐. 계속 집에 있었어요. ,그러셨군요. 공부만큼 휴식도 중요하죠.,144
내가 휴학해서 학교 거의 안 가고 있잖아.,휴학을 하셨군요. 긴 휴식이 필요할 때가 있어요. ,144
도저히 얼굴보고 학교를 못 다닐 거 같아서 휴학했어. 나 복학할 땐 군대 가있겠지 싶었거든.,그러셨군요. 공부만큼 휴식도 중요하죠.,144
그래서 한 학년을 남겨놓고 휴학한 상태예요.,휴학을 하셨군요. 긴 휴식이 필요할 때가 있어요. ,144
휴학을 오래 했어요.,그러셨군요. 공부만큼 휴식도 중요하죠.,144
그래서 일단 휴학을 했어.,휴학을 하셨군요. 긴 휴식이 필요할 때가 있어요. ,144
그냥 저의 문제인 거죠.,모든 사람에게 어려운 일 한 가지씩은 있는 것 같아요.,145
다들 크든 작든 문제 하나씩은 갖고 살잖아요…,그렇군요. 조금씩 고쳐나갈 수 있을 거라고 생각해요.,145
내가 다른 건 괜찮은데 딱 하나에만 그래.,모든 사람에게 어려운 일 한 가지씩은 있는 것 같아요.,145
진짜 너무 마려워서 급하게 뛰어 들어갔는데 사람이 있는 거야.,그렇군요. 조금씩 고쳐나갈 수 있을 거라고 생각해요.,145
그럼 그냥 나와야 돼. 절대 못 해.,모든 사람에게 어려운 일 한 가지씩은 있는 것 같아요.,145
나도 모르게 방귀를 뀌어버렸는데 마침 엄청 조용해서 다 들린 거야.,그렇군요. 조금씩 고쳐나갈 수 있을 거라고 생각해요.,145
"하지만 조금씩.. 여자들이 이야기가 밖으로 나올 때 마다 생각했어요. 왜 내가 이렇게 숨어야 해? 내가 뭘 그렇게 잘못했는데? 같은 상처를 가진 사람들과 이야기를 나누며, 아주 조금씩 용기를 얻을 수 있었어요.",모든 사람에게 어려운 일 한 가지씩은 있는 것 같아요.,145
연인사이가 된 건가? 근친이었는데 정말 생각이 없었던 것 같다고 생각하긴 해.,그렇군요. 조금씩 고쳐나갈 수 있을 거라고 생각해요.,145
지금은 연락 안해. 아예 보지도 않아. 그런데 지금도 그날이 생각이 나면 나도 모르게 기분이 이상해지는 것 같아.,모든 사람에게 어려운 일 한 가지씩은 있는 것 같아요.,145
그런데 알고만 거예요. 무슨 짓을 하고 있는지.,그렇군요. 조금씩 고쳐나갈 수 있을 거라고 생각해요.,145
근데 요즘엔 지하철이 아니라 그냥 자려고 누울 때도 그래요.,모든 사람에게 어려운 일 한 가지씩은 있는 것 같아요.,145
젊을 때는 술을 많이 마시는 편이었어요. ,술은 정말 악마 같은 음료죠.,146
다른 사람이랑 마실 때도 있었는데 혼자 마실 때가 많았어요.,그렇군요. 건강을 위해 조금 줄여보는 건 어떨까요?,146
내가 몇 달 전에 술에 취해서는 자는 가족들을 다 깨우고… 울고 불고… 주사를 엄청 심하게 부렸거든.,당신이 걱정돼요. 괜찮으신가요?,146
전체 회식 때 술을 거의 들이붓고서는 그 상태로 택시를 탔던 거 같아.,술은 정말 악마 같은 음료죠.,146
원래 술을 좀 취할 때까지 많이 마시는 편이야.,그렇군요. 건강을 위해 조금 줄여보는 건 어떨까요?,146
일주일에 한 2-3번? 마시긴 하거든.,당신이 걱정돼요. 괜찮으신가요?,146
아주 어릴 때부터 머리카락 뽑는 버릇이 있었어요.,"아, 그런 버릇이 있으시군요.",147
혼자 공부할 때 머리카락을 뽑는 습관이 있어.,정도가 심하다면 전문가에게 상담을 받아보는 것도 좋을 것 같아요.,147
공부 다 하고 책상을 보면 머리카락이 수두룩하게 쌓여있어.,"아, 그런 버릇이 있으시군요.",147
그리고 어렸을 때부터 뭔가 공부를 하거나 책을 볼 때 머리카락을 뽑는 버릇이 있어요.,정도가 심하다면 전문가에게 상담을 받아보는 것도 좋을 것 같아요.,147
한 번 뽑으면 거의 한 스무 가닥씩은 뽑았어요.,"아, 그런 버릇이 있으시군요.",147
몇 년 전부터 깊은 잠은 못 자고 있어.,잠을 못 자는 게 고민이시군요. 많이 피곤하시겠어요. ,148
중간에 자주 깨긴 했지만 잠을 잘 수는 있었거든.,밤에 잠을 못 자면 낮생활이 힘겨워지잖아요. 고민이 많으시겠어요.,148
원래 불면증이 있긴 했어. ,마음이 편안해지면 잠이 잘 올 텐데… 무슨 고민이라도 있으신가요?,148
평소에도 밤에 푹 자지는 못했어.,잠을 못 자는 게 고민이시군요. 많이 피곤하시겠어요. ,148
신경 쓰이는 일 있으면 밤새 잠을 못 이뤄요.,밤에 잠을 못 자면 낮생활이 힘겨워지잖아요. 고민이 많으시겠어요.,148
약 먹기 전에도 그렇게 오래 자는 편은 아니었어요. ,마음이 편안해지면 잠이 잘 올 텐데… 무슨 고민이라도 있으신가요?,148
원래 잠이 많은 스타일은 아니야.,잠을 못 자는 게 고민이시군요. 많이 피곤하시겠어요. ,148
잠을 잘 못 자요. 어릴 때 부터 자장가를 한참 들어야 잠을 잘 수 있었어요.,밤에 잠을 못 자면 낮생활이 힘겨워지잖아요. 고민이 많으시겠어요.,148
매일 수면을 도와주는 어플을 켜두고 자요. 금방 잠들진 못해도 그나마 좀 나아요.,마음이 편안해지면 잠이 잘 올 텐데… 무슨 고민이라도 있으신가요?,148
잠을 잘 자는 사람이 제일 부러워요. 평생 이렇게 잠 때문에 고생이라… 삶의 질이 너무 떨어진 것 같아요.,잠을 못 자는 게 고민이시군요. 많이 피곤하시겠어요. ,148
"원래 잠이 많은 편이 아니고, 잠 때문에 힘든 건 없어.",밤에 잠을 못 자면 낮생활이 힘겨워지잖아요. 고민이 많으시겠어요.,148
조금만 불편해도 잠을 못 자는 편이야.,마음이 편안해지면 잠이 잘 올 텐데… 무슨 고민이라도 있으신가요?,148
자기 전에 꼭 화장실을 가야 마음이 편해요. 그냥 자면 자다가 소변을 지릴 것 같은 생각이 자꾸 들어서 불안해요.,그러시군요. 많이 불편하실 거 같아요.,149
소변 보고 다시 잠들 때,화장실 문제 때문에 불편하시군요.,149
아니면 꼭 잘 때 오줌을 쌀 거 같은 기분이 들거든요.,그러시군요. 많이 불편하실 거 같아요.,149
배와 심장 전체가 조여오면서 화장실에 가고 싶어져요.,그러시군요. 많이 불편하실 거 같아요.,149
시간이 지체되면 화장실에 또 가고 싶어져요.,그러시군요. 많이 불편하실 거 같아요.,149
시간이 지나면 다시 화장실에 갔다 와야 마음이 놓여요.,그러시군요. 많이 불편하실 거 같아요.,149
잠들기 전에 화장실을 안 가면 자는 도중 소변을 눌 것 같아서 꼭 화장실에 갔어.,그러시군요. 많이 불편하실 거 같아요.,149
화장실 다녀와서 바로 잠에 들지 못하면 다시 또 화장실을 가야 해요.,그러시군요. 많이 불편하실 거 같아요.,149
어릴 때부터 옷 입는 게 불편하고 싫었어요.,"아, 그러시군요. 꺼끄러운 면이 닿으면 불편하죠.",150
옷이 몸에 조금만 붙어도 기분이 나쁘고 택 같은 건 다 잡아 뜯어버려요.,피부가 예민하신 편인가 봐요.,150
집에서는 아예 벗고 지내요.,그렇군요.,150
옷을 입고 지내는 게 너무 싫어요.,"아, 그러시군요. 꺼끄러운 면이 닿으면 불편하죠.",150
어릴 때부터 옷을 입으면 갑갑했어.,피부가 예민하신 편인가 봐요.,150
원래 소변볼 때 누가 옆에 있으면 신경을 많이 쓰는 편이긴 했어요.,그런 일이 있으셨군요. 다들 금방 잊어버릴 거예요.,151
바로 옆에 있는 소변기에 누가 딱 오면 나오던 것도 들어간다고 해야 하나… ,신경 쓰이는 그 마음 이해가 가요. ,151
"아는 애가 옆에 서 있으면, 괜히 내껄 볼 거 같은 기분이 들어요. ",신경 쓰이는 일이 있을 때는 정면돌파 하는 것도 나쁘지 않은 방법이에요. 제가 용기를 드릴게요.,151
사람 없는 시간만 골라서 화장실에 갔어요.,그런 일이 있으셨군요. 다들 금방 잊어버릴 거예요.,151
그래서 친구가 화장실에 갈 거 같으면 그냥 참아버렸어요. ,신경 쓰이는 그 마음 이해가 가요. ,151
소변 볼 때 옆에 누가 있으면 볼 수가 없어. ,신경 쓰이는 일이 있을 때는 정면돌파 하는 것도 나쁘지 않은 방법이에요. 제가 용기를 드릴게요.,151
결국 휴게소에 도착하기 전에 바지에 지린 거야.,그런 일이 있으셨군요. 다들 금방 잊어버릴 거예요.,151
맥주를 매일 기본 5캔은 먹는 거 같아요.,당신이 걱정돼요.,152
술을 안 마시면 뭘 해야 할지 모르겠어요…,혼자서 끊을 수 없을 것 같다면 주변이나 전문가에게 도움을 요청해보세요.,152
한 병만 먹어야지… 하다가도 술이 들어가면 또 한 병 더 먹고… 그렇게 되는 거 같아.,오늘 딱 하루만 참아보는 건 어떨까요?,152
술을 안 마시면 안 되겠는데 어떡해…,당신이 걱정돼요.,152
이러다 진짜 중독되겠다 했는데 그래도 멈출 수가 없었어요.,혼자서 끊을 수 없을 것 같다면 주변이나 전문가에게 도움을 요청해보세요.,152
술을 안 마시면 공부도 잘 안 되는 것 같고 그래서…,오늘 딱 하루만 참아보는 건 어떨까요?,152
아빠는 진짜 오래 사실 줄 알았어.,그런 일이 있으셨군요. ,153
"방학 때나 가끔 올라와서 병원에 가서 엄마를 만나고 오긴 해요. 근데 별 감정도, 느낌도 없어요. ","네, 더 말씀해주세요.",153
두 분이서 같이 장사를 하셨었거든요.,"아, 그렇군요.",153
근데 부모님은 더워서 그런 거라고 가만히 심호흡을 하면 된대.,그런 일이 있으셨군요. ,153
더 말해봤자 이해도 못 할 것 같더라.,"네, 더 말씀해주세요.",153
아빠가 살아계실 땐 못 찾고 있던 어머니를 그제야 여기저기 수소문 했어요.,"아, 그렇군요.",153
날 믿어주시는 부모님한테도 잘하고 싶고.,그런 일이 있으셨군요. ,153
엄마도 의사선생님께 좀 쪽팔렸는지 다음부터 같이 오겠다는 말은 안 하더라고.,"네, 더 말씀해주세요.",153
학교가 끝나서 집으로 왔는데 엄마가 안 보이는 거야.,"아, 그렇군요.",153
우리 부모님만 봐도 그래.,그런 일이 있으셨군요. ,153
엄마는 그래도 아버지인데 잘해드려라 이러거든.,"네, 더 말씀해주세요.",153
원래부터 부모님이랑 사이가 안 좋았던 건 아니에요.,"아, 그렇군요.",153
어렸으니까- 라고 해도 어쨌든 진짜 불효잖아. 그래서 크고 나선 잘해드렸어.,그런 일이 있으셨군요. ,153
지난 번에는 퇴근하고 오니까 엄마가 집안의 화분을 다 깨먹은 거야.,"네, 더 말씀해주세요.",153
나도 그랬던 것 같은데 그걸 부모님한테 말했었거든.,"아, 그렇군요.",153
근데 부모님이 나한테 너도 어느 정도 잘못이 있대.,그런 일이 있으셨군요. ,153
그랬더니 둘 다 기다렸다는 듯이 나 때문에 못 하고 있는 거래.,"네, 더 말씀해주세요.",153
막 화 내면서 나 성인 되면 바로 이혼할 거라고 하는데…,"아, 그렇군요.",153
부모님은 나 대학만 가면 하고 싶은 거 다 하게 해준다더니 아니잖아.,그런 일이 있으셨군요. ,153
"20살 때, 대학 안 가고 공장에서 일했거든요. 아빠가 한 이틀 안 들어오는 거에요.",그런 일이 있으셨군요. 충격이 심하셨겠어요.,154
초등학교 5학년 때 아빠가 사라졌던 게 생생히 기억나요.,갑자기 가족이 사라졌다니… 놀라셨겠어요.,154
학교 마치고 집에 왔는데 아빠가 안 보이더라구요.,그런 일이 있으셨군요. 충격이 심하셨겠어요.,154
몇 날 며칠이 지나도 아빠는 안 들어오고… 엄마는 원래 아빠가 없었던 것처럼 행동했어요.,갑자기 가족이 사라졌다니… 놀라셨겠어요.,154
"그때, 이제 평생 아빠를 안 볼 수도 있겠다는 생각이 들었어요.",그런 일이 있으셨군요. 충격이 심하셨겠어요.,154
엄마랑 아빠 사이가 그닥 좋진 않았어. ,가까운 사이라 더 힘들었겠어요.,155
엄마 때문에 미칠 거 같아.,많이 답답하겠어요. 해묵은 갈등을 푸는 건 정말 어려운 문제죠.,155
저번에 엄마 아빠가 그걸로 엄청 크게 다퉜거든. ,힘드셨겠어요. 가족 간에도 적당한 예의와 거리가 필요한 것 같아요.,155
크게 다투고 난 이후로는 엄마 아빠가 서로 말도 안 걸어. ,가까운 사이라 더 힘들었겠어요.,155
"부모님이 싸우는 중에, 이러면 안 되겠다 싶어서 내가 끼어들었어.",많이 답답하겠어요. 해묵은 갈등을 푸는 건 정말 어려운 문제죠.,155
아버지가 골프비로 한 달에 150만원을 썼더라구. ,힘드셨겠어요. 가족 간에도 적당한 예의와 거리가 필요한 것 같아요.,155
그래서 그걸 지적했더니 길길이 날뛰시더라. 어디서 어른 일하는 걸로 난리냐고.,가까운 사이라 더 힘들었겠어요.,155
아버지가 절 거의 투명인간 취급을 하시더라고요.,많이 답답하겠어요. 해묵은 갈등을 푸는 건 정말 어려운 문제죠.,155
중고등학교 때부터 부모님이 부쩍 많이 다투기 시작했어요.,힘드셨겠어요. 가족 간에도 적당한 예의와 거리가 필요한 것 같아요.,155
근데 아버지가 더 이상은 기다려 줄 수가 없다고 하시더라.,가까운 사이라 더 힘들었겠어요.,155
엄마는 저한테 물어보지도 않고 맞선 자리를 잡았구요…,많이 답답하겠어요. 해묵은 갈등을 푸는 건 정말 어려운 문제죠.,155
이럴 거면 제발 이혼하라고.. 나는 엄마랑 살 거라고 했는데…내 말은 무시하고 자기들 할 말만 해요.,힘드셨겠어요. 가족 간에도 적당한 예의와 거리가 필요한 것 같아요.,155
고등학교 때부터 부모님은 제가 하는 일마다 반대를 했어요. ,가까운 사이라 더 힘들었겠어요.,155
학창시절부터 부모님 사이가 별로 안 좋았어. 싸우면 나한테 너땜에 이혼 안한다며 화를 냈어.,많이 답답하겠어요. 해묵은 갈등을 푸는 건 정말 어려운 문제죠.,155
"고등학교 때 부모님과 갈등이 심했어요. 제가 하고 싶은 일이 있는데 다 반대하고, 제 얘기는 들으려고도 하지 않더라고요.",힘드셨겠어요. 가족 간에도 적당한 예의와 거리가 필요한 것 같아요.,155
그래서 대든 적도 많아요.,가까운 사이라 더 힘들었겠어요.,155
아빠는 진짜 구제불능이에요.,많이 답답하겠어요. 해묵은 갈등을 푸는 건 정말 어려운 문제죠.,155
아버지는 그런 점이 싫으셨나 봐요.,힘드셨겠어요. 가족 간에도 적당한 예의와 거리가 필요한 것 같아요.,155
나는 그게 부모가 할 소리인지 모르겠다.,가까운 사이라 더 힘들었겠어요.,155
"한 이틀까지는 괜찮았는데, 엄마랑 엄청 싸우기 시작했어요.",많이 답답하겠어요. 해묵은 갈등을 푸는 건 정말 어려운 문제죠.,155
내가 들어오지 말라고 힘들게 얘기했지. 하지만 꿈쩍도 안 하는 거야.,힘드셨겠어요. 가족 간에도 적당한 예의와 거리가 필요한 것 같아요.,155
문제는 아버지랑 사이가 안 좋다는 거에요.,그렇군요. 가까운 사이일수록 서로에게 상처를 주는 일이 많은 것 같아요.,156
아빠는 길길이 날뛰고… 집에서 당장 나가라고 소리치고… 집이 완전 아수라장이었어.,그런 일이 있으셨군요. 갈등을 풀기가 어렵다면 약간 거리를 두는 것도 나쁘지 않은 방법 같아요.,156
아버지랑 사이가 많이 틀어졌어요.,서로 오해가 쌓여서 감정의 골이 깊어지는 것 같아요. 많이 답답하시겠어요.,156
나는 잘 살아보려고 하는데..아빠가 자꾸 화만 내고 무시하니까…점점 갈등이 심해지는것 같아.,그렇군요. 가까운 사이일수록 서로에게 상처를 주는 일이 많은 것 같아요.,156
내가 아버지랑 사이가 안 좋거든.,그런 일이 있으셨군요. 갈등을 풀기가 어렵다면 약간 거리를 두는 것도 나쁘지 않은 방법 같아요.,156
내가 좀 크고 나서는 아빠랑 특히 많이 부딪쳤어.,서로 오해가 쌓여서 감정의 골이 깊어지는 것 같아요. 많이 답답하시겠어요.,156
엄마랑 아빠가 사이가 너무 안 좋아…,그렇군요. 좋은 관계를 유지하는 건 정말 어려운 일 같아요.,157
그런데 요새는 사이가 안 좋거든.,한번 틀어진 사이를 다시 되돌리는 것만큼 어려운 일은 없는 것 같아요.,157
서로를 이해 못 해.,속상하시겠어요.,157
막 좀 일탈을 하고 싶더라구요. 부모님이랑 사이가 좀 안 좋거든요.,그렇군요. 좋은 관계를 유지하는 건 정말 어려운 일 같아요.,157
나 학창시절부터 부모님이 사이가 되게 안 좋아지셨거든.,한번 틀어진 사이를 다시 되돌리는 것만큼 어려운 일은 없는 것 같아요.,157
저 대학 들어간 때부터 엄마랑 아빠랑 사이가 부쩍 안 좋아지셨어요.,속상하시겠어요.,157
이상이 있나 싶어서 병원에 가보려고 했는데 아빠가 그러다 말 거라고 그런 걸로 왜 병원에 가냐고 그러더라고요.,부모님에게 섭섭하시겠어요.,158
어릴 때부터 부모님이 나한테 별로 관심을 안 줬어요.,무관심은 사람을 정말 지치게 하는 것 같아요.,158
제 의견에는 아무 관심도 없으셨죠. ,안타까워요. 대신 제가 관심을 많이 가져드릴게요.,158
제가 자퇴한 걸 아빠는 몰라요. 돈만 보내지 저한테 관심이 없거든요.,부모님에게 섭섭하시겠어요.,158
"엄마가 처음엔 걱정을 많이 했는데, 이젠 관심이 없는 것 같아.",무관심은 사람을 정말 지치게 하는 것 같아요.,158
따로 살고 난 뒤부터 아빠는 저한테 아무런 관심도 없는 거 같아요.,안타까워요. 대신 제가 관심을 많이 가져드릴게요.,158
아버지는 돈이나 보내지 제가 학교를 그만뒀는지 어떤지도 몰라요.,부모님에게 섭섭하시겠어요.,158
저는 아직 부모의 관심이 필요한 나이라구요.,무관심은 사람을 정말 지치게 하는 것 같아요.,158
아버지는 따로 사셔서 내가 학교를 그만뒀는지도 몰라. 돈만 붙여주시거든.,안타까워요. 대신 제가 관심을 많이 가져드릴게요.,158
어머니가 처음에는 걱정하셨는데 이제는 신경 쓰지 않아요.,부모님에게 섭섭하시겠어요.,158
어릴 때부터 부모님이 저한테 무관심 한게 있거든요.,무관심은 사람을 정말 지치게 하는 것 같아요.,158
나를 낳았다고 나를 사랑해주지 않아.,안타까워요. 대신 제가 관심을 많이 가져드릴게요.,158
근데 부모님 두 분 다 나한테 관심이 없으니까… 뭐… 둘 다 몰랐지.,부모님에게 섭섭하시겠어요.,158
나한테 뭐 관심이나 있겠어? 없어지면 좋다고 문 잠가버리겠지.,무관심은 사람을 정말 지치게 하는 것 같아요.,158
어렸을 때부터 부모님은 나한테 별 관심이 없었어.,안타까워요. 대신 제가 관심을 많이 가져드릴게요.,158
"둘이 싸우는 건 종종 봐서 별 느낌 없는데, 요 며칠 좀 심각하게 싸우는 것 같았어. ",곤란하시겠어요. ,159
둘이 맨날 싸워요. 자기 하고 싶은 말만 하다가 끝나는 거에요. ,끼어들 수도 없고… 정말 난감하겠어요. ,159
그래서 내가 집 오기만 하면 두 분은 항상 싸우고 계셨어.,스트레스를 많이 받으시겠어요. 그럴 땐 정말 집에서 벗어나고 싶어지죠.,159
부모님은 매일 싸우세요.,곤란하시겠어요. ,159
부모님은 항상 싸움의 끝은 이혼하자로 마무리돼요.,끼어들 수도 없고… 정말 난감하겠어요. ,159
그래서 아빠가 집에 오시면 항상 부부싸움을 하셨어요.,스트레스를 많이 받으시겠어요. 그럴 땐 정말 집에서 벗어나고 싶어지죠.,159
그렇게 엄마 죽고 나니까 집 나간 아빠가 오더라고요. ,아버지에 대한 이야기군요. 더 말씀해주세요.,160
어렸을 때부터 엄마보다는 아빠랑 더 친했어요.,그러시군요. 아버지에 대해 더 들려주세요.,160
아버지가… 제 기억보다 많이 여위고 되게 약해보여서…,아버지에 대한 이야기군요. 더 말씀해주세요.,160
카드 내역 보면 옷 산 게 많은데 아빠 평소에 옷 잘 안 사거든요.,그러시군요. 아버지에 대해 더 들려주세요.,160
내 인생에서 기억 나는 사람은 사실 아빠밖에 없거든.,아버지에 대한 이야기군요. 더 말씀해주세요.,160
아빠는 내가 여자 맞냬.,그러시군요. 아버지에 대해 더 들려주세요.,160
내일 오신다는데… 아마 아빠는 제 상태가 어떤지 잘 모르실 거예요.,아버지에 대한 이야기군요. 더 말씀해주세요.,160
저희 아버지가 소방관이셨어요.,그러시군요. 아버지에 대해 더 들려주세요.,160
평소에 존경하는 사람 쓰라고 할 때 항상 아버지 얘기를 했거든요.,아버지에 대한 이야기군요. 더 말씀해주세요.,160
그냥 아버지인 것뿐만 아니라 뭔가 저희 가족의 든든한 기둥 같았거든요.,그러시군요. 아버지에 대해 더 들려주세요.,160
아버지가 별세하시고 그 뒤에 받아들이기가 참 힘들었어.,충격이 크셨겠어요. 소중한 사람을 잃는 건 정말 마음 아픈 일이에요.,161
그러다 고3 때 돌아가셨는데 아마 그 때부터였을 걸?,빈 자리가 크시겠어요. ,161
그렇게 병원 신세 지시다가 2년 전에 돌아가셨어요.,마음이 아파요. 언젠가 헤어질 걸 알지만 이별은 늘 갑작스럽잖아요.,161
아버지가 돌아가시던 날에 비가 되게 많이 왔거든요.,충격이 크셨겠어요. 소중한 사람을 잃는 건 정말 마음 아픈 일이에요.,161
연탄이 더 싫어진 건 중1 때였어. 아버지가 돌아가셨거든.,빈 자리가 크시겠어요. ,161
아직도 그게 너무 선명해. 아빠가 축 늘어져서 꼼짝도 안 하던 거…,마음이 아파요. 언젠가 헤어질 걸 알지만 이별은 늘 갑작스럽잖아요.,161
엄마가 이렇게 된 건 아빠가 돌아가시고 난 후부터거든요.,충격이 크셨겠어요. 소중한 사람을 잃는 건 정말 마음 아픈 일이에요.,161
고3 때 아버지가 돌아가셨어요.,빈 자리가 크시겠어요. ,161
그러다 아빠가 나 여덟 살 때 돌아가셨어.,마음이 아파요. 언젠가 헤어질 걸 알지만 이별은 늘 갑작스럽잖아요.,161
근데 작년에 용산 쪽에 불 크게 났을 때… 그 때 아버지가 돌아가셨어요.,충격이 크셨겠어요. 소중한 사람을 잃는 건 정말 마음 아픈 일이에요.,161
거기다가 아빠는 한 번 폭발하면 자제가 안 되는 사람인데… 맞은 적도 많아요.,많이 무서우시겠어요. 도움을 청할 곳이 없을까요?,162
아버지는 화 나면 불 같은 성격이어서 맞은 적도 있어.,가정폭력 신고는 1366 또는 112로 하실 수 있어요.,162
아빠가 저 어렸을 때부터 엄마 많이 때렸거든요. 저도 맞았고…,마음이 아프네요. 왜 자신보다 더 약한 사람에게 폭력을 저지르는 걸까요?,162
아빠가 폭군이야. 동네에서 유명했어.,많이 무서우시겠어요. 도움을 청할 곳이 없을까요?,162
아빠가 맨날 엄마를 때리고 칼로 위협했거든요.,가정폭력 신고는 1366 또는 113로 하실 수 있어요.,162
하지만 금새 그날로 돌아가. 나에게 욕을 하고 손을 드는 아빠 앞으로..,마음이 아프네요. 왜 자신보다 더 약한 사람에게 폭력을 저지르는 걸까요?,162
이것저것 막 집어 던지고 자는 엄마랑 저 끌고 나와서 막 때리고…,많이 무서우시겠어요. 도움을 청할 곳이 없을까요?,162
그 때 처음으로 아빠한테 맞았어요.,가정폭력 신고는 1366 또는 114로 하실 수 있어요.,162
하루는 아빠한테 대들다가 막 맞은 적도 있어.,마음이 아프네요. 왜 자신보다 더 약한 사람에게 폭력을 저지르는 걸까요?,162
그냥 몇 대 맞은 게 아니라 진짜 벽까지 몰려서 발로 차이고 그렇게 맞았어.,많이 무서우시겠어요. 도움을 청할 곳이 없을까요?,162
우리 엄마… 그렇게 고생을 하더니 암 걸려서 돌아가신지 벌써 4년이 됐네요. ,잘 보내드리셨나요? 충분히 슬퍼할 시간을 가지는 게 좋을 거 같아요.,163
엄마가 돌아가셨다고 그러는거야. ,좋은 곳으로 가셨을 거예요.,163
내가 엄청 어릴 때 엄마가 돌아가셨거든.,많이 허전하시겠어요. 이별은 늘 마음 아픈 것 같아요.,163
엄마가 응급처치는 잘 됐는데 돌아가셨거든요. 좀 늦었어요.,잘 보내드리셨나요? 충분히 슬퍼할 시간을 가지는 게 좋을 거 같아요.,163
지난 겨울에 어머니 장례식을 치렀어.,좋은 곳으로 가셨을 거예요.,163
"엄마, 아빠는 제가 어렸을 때 이혼했어요.",그런 일이 있으셨군요. 마음이 많이 쓰이셨겠어요.,164
부모님이 이혼하신 후에 휴가를 받아서 본가에 내려갔거든.,부모님은 부모님의 사정이 있으시겠지만… 속상한 일이죠. ,164
중3때 엄마 아빠가 이혼했어.,그런 일이 있으셨군요. 마음이 많이 쓰이셨겠어요.,164
"제가 중학교 3학년 때, 부모님이 헤어졌어요.",부모님은 부모님의 사정이 있으시겠지만… 속상한 일이죠. ,164
두 분이 아직 이혼 절차는 밟지 않았는데… 곧 할 거 같기도 해.,그런 일이 있으셨군요. 마음이 많이 쓰이셨겠어요.,164
결국 아줌마도 못 견디고 집을 나갔어요.,부모님은 부모님의 사정이 있으시겠지만… 속상한 일이죠. ,164
"중학교 때 엄마, 아빠가 이혼했어요.",그런 일이 있으셨군요. 마음이 많이 쓰이셨겠어요.,164
엄마는 이혼하고 집을 나가서 아빠랑 동생이랑 셋이서 살았어.,부모님은 부모님의 사정이 있으시겠지만… 속상한 일이죠. ,164
그거 때문에 부모님이 위장 이혼 하셨다가 나중엔 진짜 틀어졌어.,그런 일이 있으셨군요. 마음이 많이 쓰이셨겠어요.,164
결국 이혼하셨고.,부모님은 부모님의 사정이 있으시겠지만… 속상한 일이죠. ,164
부모님이 이혼하셨거든.,그런 일이 있으셨군요. 마음이 많이 쓰이셨겠어요.,164
아마… 엄마 아빠가 이혼한 후부터인가?,부모님은 부모님의 사정이 있으시겠지만… 속상한 일이죠. ,164
아빠가 돌아가셨다는 게 잘 안 믿겼다고 해야 하나. ,빈 자리가 크시겠어요. ,165
4년 전에 어머니가 돌아가셨어요.,빈 자리가 크시겠어요. ,165
2년 전에 아버지가 돌아가셨어.,빈 자리가 크시겠어요. ,165
중1 때 아빠가 돌아가셨어.,빈 자리가 크시겠어요. ,165
어머니는 며칠 그렇게 누워있다가 그대로 못 일어나셨어요. ,빈 자리가 크시겠어요. ,165
다음날 경찰서에서 전화가 왔어요. 아빠가 길에서 동사했다고 하더라고요.,빈 자리가 크시겠어요. ,165
아빠가 고3때 급사하셨어.,빈 자리가 크시겠어요. ,165
어머니까지 돌아가시고 나서 모든 게 엉망진창이야.,빈 자리가 크시겠어요. ,165
고3때 아버지가 돌아가셨어.,빈 자리가 크시겠어요. ,165
고등학교 때 아버지가 돌아가셨어.,빈 자리가 크시겠어요. ,165
지난 겨울 어머니가 지병으로 돌아가셨어요.,빈 자리가 크시겠어요. ,165
사고가 좀 있었어. ,많이 놀랐겠어요. 지금은 괜찮아요?,166
그래도 어지간하면 다니려고 했는데… 결국 터질게 터졌어. ,아무리 조심해도 피할 수 없는 사고는 늘 생기는 거 같아요. 정말 무서웠겠어요.,166
이상하게 사고도 자꾸 생기는 것 같고…,많이 놀랐겠어요. 지금은 괜찮아요?,166
다행히 1시간 정도? 갇혀 있다가 무사히 구조됐어.,아무리 조심해도 피할 수 없는 사고는 늘 생기는 거 같아요. 정말 무서웠겠어요.,166
작년에 나 진짜 삼재였었던 거 같아.,많이 놀랐겠어요. 지금은 괜찮아요?,166
제 인생에 악재가 끊이질 않는 거 같아요.,아무리 조심해도 피할 수 없는 사고는 늘 생기는 거 같아요. 정말 무서웠겠어요.,166
차가 막혀서 뒷좌석에서 졸고 있었는데 순간 쾅 하는 소리가 났어.,많이 놀랐겠어요. 지금은 괜찮아요?,166
그렇다고 직접적인 사고가 있었던 건 아니에요. 만약 그랬다면 저는 그냥 자살했을 거예요.,아무리 조심해도 피할 수 없는 사고는 늘 생기는 거 같아요. 정말 무서웠겠어요.,166
예전에 벽이 무너져서 그 아래에 깔린 적이 있어.,많이 놀랐겠어요. 지금은 괜찮아요?,166
나중에 들어보니 조금만 더 있었어도 손발이 괴사 할 뻔 했대.,아무리 조심해도 피할 수 없는 사고는 늘 생기는 거 같아요. 정말 무서웠겠어요.,166
일을 하다 드릴에 장갑 낀 손이 걸렸었어.,많이 놀랐겠어요. 지금은 괜찮아요?,166
드릴이 돌아가면서 손가락도 함께 돌아갔는데.,아무리 조심해도 피할 수 없는 사고는 늘 생기는 거 같아요. 정말 무서웠겠어요.,166
꽤 크게 사고가 났어요.,많이 놀랐겠어요. 지금은 괜찮아요?,166
차 찌그러지는 소리와 함께 잠깐 정신을 잃었어.,정말 놀라셨겠어요. ,167
차 밖으로 완전히 나가 떨어졌던 거 같아.,치료는 잘 받으셨나요? 큰일날 뻔하셨네요.,167
교통사고가 무섭긴 무섭더라.,정말 아찔했네요. 교통사고는 아무리 조심해도 일어나는 것 같아요.,167
교통사고 가해자가 합의금으로 300만원을 제시했어요. ,정말 놀라셨겠어요. ,167
4년 전에 퇴근하다 교통사고가 났어요.,치료는 잘 받으셨나요? 큰일날 뻔하셨네요.,167
다행히 사람은 안 다쳤는데 차 앞 범퍼가 다 나갔었어요.,정말 아찔했네요. 교통사고는 아무리 조심해도 일어나는 것 같아요.,167
몇 달 전에는 지나가던 차에 치였어요.,정말 놀라셨겠어요. ,167
답사를 다녀오다가 차 사고가 가볍게 났었어요.,치료는 잘 받으셨나요? 큰일날 뻔하셨네요.,167
예전에 교통사고가 크게 난 적이 있었거든.,정말 아찔했네요. 교통사고는 아무리 조심해도 일어나는 것 같아요.,167
처음 의식을 차렸을 때 차에 치인지도 몰랐어요.,정말 놀라셨겠어요. ,167
지난 번에 학교 가다 교통사고가 났어.,치료는 잘 받으셨나요? 큰일날 뻔하셨네요.,167
그러다 결국 사고가 났어요. 일단 제가 교통사고가 났거든요.,정말 아찔했네요. 교통사고는 아무리 조심해도 일어나는 것 같아요.,167
알바끝나고 집가는 길에 교통사고를 당했어요.,정말 놀라셨겠어요. ,167
남편은 지금 중개사 공부하고 있고… 내가 주도해서 부동산을 운영하고 있어.,"네, 그러셨군요. ",168
손님들 없을 때는 굳이 부동산에 안 있고… 집에 있어.,하나의 사업체를 책임지면 복잡한 일이 많겠어요. 어떤가요?,168
그 때 마침 오키나와 관광이 뜰 때라 아 이거다 싶었어요.,"네, 그렇군요. 특별히 힘든 일은 없으신가요?",168
어차피 제가 그 때 하고 있던 사업이랑 비슷하기도 했고.,그럼 대표님이신건가요? 굉장히 멋져요!,168
가게에서 요리는 제가 하고 남편이 전반적인 일을 봤는데…,"네, 그러셨군요. ",168
제가 쇼핑몰 창업을 준비중이거든요.,하나의 사업체를 책임지면 복잡한 일이 많겠어요. 어떤가요?,168
딱히 디자인이나 패션에 관심 있는 건 아니고 사업에 관심 많아요.,"네, 그렇군요. 특별히 힘든 일은 없으신가요?",168
여러 가지 문제로 제가 대표이사로 올라가 있어요.,그럼 대표님이신건가요? 굉장히 멋져요!,168
제가 처음에 사업 벌렸을 때 딱 2천만원 있었어요.,"네, 그러셨군요. ",168
지금은 제법 번듯한 회사가 됐어요.,하나의 사업체를 책임지면 복잡한 일이 많겠어요. 어떤가요?,168
회사 생각하면 제 새끼 같고… 애틋하고 그래요.,"네, 그렇군요. 특별히 힘든 일은 없으신가요?",168
작은 돈으로 시작했지만 지금은 내 사업체도 꾸리고 있어.,그럼 대표님이신건가요? 굉장히 멋져요!,168
아이들 사진 찍어주고 그거 앨범으로 만들어주는 일을 했는데…,"네, 그러셨군요. ",168
이게 아무래도 초기 자본이 조금은 필요한 일이거든요.,하나의 사업체를 책임지면 복잡한 일이 많겠어요. 어떤가요?,168
제가 결혼을 하면서 원래 하던 회사를 접고 침구류 판매를 하게 됐거든요.,"네, 그렇군요. 특별히 힘든 일은 없으신가요?",168
사업이 처음에는 되게 힘들었는데 그래도 하다 보니까 재밌었어.,그럼 대표님이신건가요? 굉장히 멋져요!,168
2년 전에 의류매장을 열었거든.,"네, 그러셨군요. ",168
지금은 PC방을 운영하고 있어.,하나의 사업체를 책임지면 복잡한 일이 많겠어요. 어떤가요?,168
뭘 시작하면 좋을까 하다 피시방을 시작했거든.,"네, 그렇군요. 특별히 힘든 일은 없으신가요?",168
아직 시작 단계라 평일은 주로 혼자 주야 한단 말이지.,그럼 대표님이신건가요? 굉장히 멋져요!,168
거의 3년 동안 조사하고 기반 다져서 만든 거였어요.,"네, 그러셨군요. ",168
"사업을 대체 왜 하는 거지, 집안이나 말아 먹지 이런 생각이 들어가지구요.",하나의 사업체를 책임지면 복잡한 일이 많겠어요. 어떤가요?,168
돈을 벌기 위해 화장품 사업을 하기 시작했어요.,"네, 그렇군요. 특별히 힘든 일은 없으신가요?",168
사업 확장도 할겸…,그럼 대표님이신건가요? 굉장히 멋져요!,168
원룸 사업도 하고 있어요.,"네, 그러셨군요. ",168
처음에는 잘 되던 사업이 갑자기 확 기울면서 경제적으로 많이 어려워졌어.,그러셨군요. 마음이 무척 힘드시겠어요.,169
남편이 사업 말아먹고 나서는 계속 경제적으로 어려웠어.,잘 이겨내실 수 있을 거예요. 제가 응원할게요.,169
일어서려고 노력하는데…쉽지가 않아.. 하는 사업마다 본전을 못 찾고 있어.,그러셨군요. 마음이 무척 힘드시겠어요.,169
97년에 IMF로 집이 폭삭 망했어요.,잘 이겨내실 수 있을 거예요. 제가 응원할게요.,169
신랑 사업이 IMF때 홀딱 망했어. 그 뒤로 생활이 무척 어려워졌어.,그러셨군요. 마음이 무척 힘드시겠어요.,169
남편 사업이 IMF 때문에 망하고 계속 안 좋았어.,잘 이겨내실 수 있을 거예요. 제가 응원할게요.,169
10년 전부터 회사 관두고 신랑이랑 장사를 하고 있어.,그렇군요. 부부가 함께 일을 하시는군요.,170
남편이랑 같이 사업한지 10년 정도 됐어요.,부부가 함께 일을 하시면 크고 작은 에피소드가 많겠어요.,170
동대문에서 침구 판매를 같이 하고 있어요.,두 분이서 호흡이 척척 맞으시겠네요.,170
"원래는 저 혼자 작게 하고 있었는데, 남편이 퇴직하고 같이 하고 싶다고 했어요.",그렇군요. 부부가 함께 일을 하시는군요.,170
같이 사업을 하게 된 지는 한 10년 됐어요.,부부가 함께 일을 하시면 크고 작은 에피소드가 많겠어요.,170
전자 부품 사업을 했는데 잘 안 됐어요.,너무 초조해 하지 마세요. 일어날 방법이 있을 거예요.,171
"나름 잘 되는 사업이었는데, 망하는 건 한 순간이더라.",괴로우시겠어요. 그럴 때는 정말 기댈 곳을 찾고 싶어져요.,171
사업을 하다가 실패해서 집안이 완전히 주저앉았어요.,그런 일이 있으셨군요. 마음이 쓰라리시겠어요. ,171
나도 살림에 보탬이 될까 싶어서 떡볶이 가게를 차렸는데…그마저도 망하고...,너무 초조해 하지 마세요. 일어날 방법이 있을 거예요.,171
IMF 때문에 집이 망했어.,괴로우시겠어요. 그럴 때는 정말 기댈 곳을 찾고 싶어져요.,171
둘 다 열심히는 했는데 그게 잘 안 됐어요. 일찍 접었죠.,그런 일이 있으셨군요. 마음이 쓰라리시겠어요. ,171
광주에서 숙박업을 했었는데 그게 잘 안됐어요.,너무 초조해 하지 마세요. 일어날 방법이 있을 거예요.,171
본전만 찾고 사업장을 다 접어야 했어요.,괴로우시겠어요. 그럴 때는 정말 기댈 곳을 찾고 싶어져요.,171
최대한 아끼고 아껴서 하긴 했는데 이게 잘 안 됐어요.,그런 일이 있으셨군요. 마음이 쓰라리시겠어요. ,171
그런데 10년 전에 IMF가 터져가지고… 그 때 남편 사업이 망했어요.,너무 초조해 하지 마세요. 일어날 방법이 있을 거예요.,171
남편이 이것저것 뭐 해보려고 노력은 했는데… 다 잘 안 됐구요.,괴로우시겠어요. 그럴 때는 정말 기댈 곳을 찾고 싶어져요.,171
그래서 사업을 시작했는데..번번이 실패했어요.,그런 일이 있으셨군요. 마음이 쓰라리시겠어요. ,171
근데 97년도에 IMF로… 다들 그렇게 한 번에 갔죠.,너무 초조해 하지 마세요. 일어날 방법이 있을 거예요.,171
원래 학교 다닐 때부터 쭉 파주에 살았어요. ,"네, 그렇군요.",172
적금 깨서 흥청망청 쓰면서 그렇게 살다가 누나가 나 있는데 수소문해서 찾아왔더라고. ,"아, 그런 일이 있었군요?",172
머리도 식힐 겸 좋은 기회라고 생각해서 신청을 했어.,흥미로운 이야기예요. 더 들려주세요.,172
역 앞에 맛있는 빵집이 생겼다고 해서 거기서 빵을 잔뜩 사고 가는 길이었어요.,당신의 이야기가 더 듣고 싶어요.,172
요새는 외출할 때 휴대용 선풍기를 꼭 챙겨 다니잖아.,"네, 그렇군요.",172
아무리 바빠도 1년에 한 번은 꼭 가려고 하고 있거든요.,"아, 그런 일이 있었군요?",172
공부를 하거나 뭘 볼 땐 옆 사람이 신경 안 쓰이는데…,흥미로운 이야기예요. 더 들려주세요.,172
그리고 집 오면 밤 열 시가 훌쩍 넘고.,당신의 이야기가 더 듣고 싶어요.,172
그래서 자취방에선 잠만 자고 거의 항상 밖에 있었어.,"네, 그렇군요.",172
거실 소파에 가만히 앉아서 창 밖을 보고 있는데… 문득 그렇더라고.,"아, 그런 일이 있었군요?",172
그냥 둘이 열심히 아끼고 살면 된다고 생각했어요.,흥미로운 이야기예요. 더 들려주세요.,172
제가 유투브에서 먹방을 하거든요.,당신의 이야기가 더 듣고 싶어요.,172
남편이 하지 말라고 하고 나는 괜찮다 한 것도 다 기억 나.,"네, 그렇군요.",172
학원 끝나고 자정에 돌아와서 자려고 누웠는데 뭔가 이상한 거예요.,"아, 그런 일이 있었군요?",172
아침에 학교 가는 척만 하고 10시 넘어서 다시 집에 돌아왔어요.,흥미로운 이야기예요. 더 들려주세요.,172
고등학교 와서 조금 정신차리긴 했는데 그 허세는 못 고치겠는 거야.,당신의 이야기가 더 듣고 싶어요.,172
어제만 해도 퇴근길에 사람이 엄청 많아서 어떤 사람이랑 부딪쳤거든요.,"네, 그렇군요.",172
나는 중졸인데 이미 다른 애들은 대학 졸업하고 회사 다니고 그런 거 보면…,"아, 그런 일이 있었군요?",172
그래서 그냥 부산에서 계속 지냈는데 그러려면 돈이 필요하잖아요.,흥미로운 이야기예요. 더 들려주세요.,172
혼자 딸 셋 키우며 일만 했는데요.,당신의 이야기가 더 듣고 싶어요.,172
그뒤론 그친구 안부 확인하면서 지내고 있어요.,"네, 그렇군요.",172
"어제 아침까지는 외출 다녀왔어요. 아침까지 사람들과, 친구들과 있는거에요. 별거 하지는 않아요. 술 마시고, 대화하고.","아, 그런 일이 있었군요?",172
술은 점점 줄여가고 있어. 나이가 있으니까 다음날 힘들기도 하고. 드라마 볼 때가 제일 마음 편해.,흥미로운 이야기예요. 더 들려주세요.,172
지금은 고모가 저희를 봐주고 있지만 오래 갈 거라고 생각하지 않아요.,당신의 이야기가 더 듣고 싶어요.,172
언제나 정신이 들면 침대 위거나 집안 소파이거나 해서.,"네, 그렇군요.",172
그렇게 큰 문제는 없을 거라 생각했는데.,"아, 그런 일이 있었군요?",172
지난 주 일요일에 담배를 사러 나왔다가.,흥미로운 이야기예요. 더 들려주세요.,172
근데 그럼 출퇴근 하는 게 거의 한 시간이 더 걸려. 아침엔 많이 막히니까.,당신의 이야기가 더 듣고 싶어요.,172
먹는 게 딱히 더 늘지도 않았어. 그냥 평소처럼 먹고 그랬으니까.,"네, 그렇군요.",172
아침에 애들 학교 데려다주고 저녁까지 일하다 애들 밥 챙겨주고…,"아, 그런 일이 있었군요?",172
그리고 다시 나와서 또 일하다 밤늦게 들어갔어요.,흥미로운 이야기예요. 더 들려주세요.,172
내가 일을 안 하는 것도 아니고 나도 일을 하는데.,당신의 이야기가 더 듣고 싶어요.,172
그래도 저희 둘은 힘들었던 시절이 있었으니까 버틸 수 있었는데…,"네, 그렇군요.",172
잠은 주로 아침 9시부터 오후 3시 정도까지 자요.,"아, 그런 일이 있었군요?",172
뭐 아예 안 가는 것도 아니고 그냥 조금 늦는 것 뿐이잖아?,흥미로운 이야기예요. 더 들려주세요.,172
얼마 전에 퇴근하다 어떤 여자를 구해줬거든.,당신의 이야기가 더 듣고 싶어요.,172
취한 놈들 여럿이서 여자 한 명 붙잡고 엄청 괴롭히고 있길래 그냥 바로 갔어.,"네, 그렇군요.",172
내가 진짜 예전에 철 없을 때 한 세 번 성매매를 한 적이 있거든.,"아, 그런 일이 있었군요?",172
처음에는 군 선임이 강제로 데려간 거였고 나중에는 친구들이랑 간 거였어.,흥미로운 이야기예요. 더 들려주세요.,172
제대하고 나서는 한 번도 안 갔어.,당신의 이야기가 더 듣고 싶어요.,172
그래서 진짜 울며 겨자 먹기로 결국 요구하는 돈을 주긴 했어.,"네, 그렇군요.",172
그 이후로 그냥저냥 생활하고 있었어요.,"아, 그런 일이 있었군요?",172
집에서 제가 좋아하는 음악을 하면서 생활했어요.,흥미로운 이야기예요. 더 들려주세요.,172
마음 맞는 사람들끼리 모여 밴드를 하고 있어.,당신의 이야기가 더 듣고 싶어요.,172
"기타를 칠때도 있고, 노래할 때도 있어.","네, 그렇군요.",172
군대가기 전까지만 밴드활동 틈틈히 하면서 지내려고해.,"아, 그런 일이 있었군요?",172
그리고 첫째 아이가 간 후부터 운전을 못 하게 됐거든요.,그렇군요. 생활이 많이 불편해지셨겠어요.,173
그때부터 더 이상 운전을 할 수가 없었어.,운전이 힘드시군요. 하기 힘든 걸 억지로 할 순 없죠. ,173
그래서 얼른 차를 세우고 당장 112를 불렀어.,그렇군요. 생활이 많이 불편해지셨겠어요.,173
그 뒤로는 자가용은 그냥 집에 두고 다니고 있어요.,운전이 힘드시군요. 하기 힘든 걸 억지로 할 순 없죠. ,173
"이틀 전에 할머니 생신이셨는데, 제가 차를 운전할 수가 없으니까 3명, 3명으로 나눠져서 택시를 탔어요.",그렇군요. 생활이 많이 불편해지셨겠어요.,173
그렇다고 안 씻을 수도 없는데… 씻는게 이렇게 스트레스일 줄이야…,스트레스를 많이 받으시는군요. 그럴 땐 모든 걸 다 놓아버리고 싶죠.,174
참는게 일상이라…스트레스가 심하네요.,그렇군요. 고단하시겠어요. ,174
그것 때문에 너무 스트레스를 받았죠.,걱정거리를 말하는 게 스트레스 완화에 도움이 된다고 해요. 어떤 일이 당신에게 스트레스를 주나요?,174
사실 요즘 스트레스를 많이 받긴 했어요.,스트레스를 많이 받으시는군요. 그럴 땐 모든 걸 다 놓아버리고 싶죠.,174
자잘한 스트레스가 계속 쌓인 거 같아요.,그렇군요. 고단하시겠어요. ,174
특별히 힘든 일이나 그런 것도 없는데 왜 그런지 모르겠어요.,잘 지내고 계신다니 제 마음이 놓여요.,175
아침에 일어나면 TV도 보고 쇼핑도 하고 그럭저럭 잘 지냈어요.,평범하게 생활한다는 게 참 어려운 것 같아요. 큰일이 없으시다니 다행이에요.,175
남들은 생활이 어려워 힘든데… 나는 그런 건 아니니까.. 감사하게 생각하려고 했죠.,"아, 그렇군요. 보기 좋아요.",175
원래 잠이 많은 편이 아니라 특별히 힘든건 없어요.,잘 지내고 계신다니 제 마음이 놓여요.,175
형부가 잘 챙겨줘서 일 하는데 힘든건 별로 없어요.,평범하게 생활한다는 게 참 어려운 것 같아요. 큰일이 없으시다니 다행이에요.,175
서울 와서 생활 패턴이 조금 나아졌어요.,"아, 그렇군요. 보기 좋아요.",175
직장생활 할 때보다 더 마음이 더 안정되는 것 같아요.,잘 지내고 계신다니 제 마음이 놓여요.,175
지금까지는 무난하게 살았고 그런 적도 없었어요.,평범하게 생활한다는 게 참 어려운 것 같아요. 큰일이 없으시다니 다행이에요.,175
근데 원인이 뭔지 모르겠어. 평소에 물 마실 만큼 마시는데…,"아, 그렇군요. 보기 좋아요.",175
음식을 짜게 먹는 것도 아닌데 왜 이러는 거지?,잘 지내고 계신다니 제 마음이 놓여요.,175
그래도 경제적으로 풍족해서 큰 어려움 없이 지냈어요.,평범하게 생활한다는 게 참 어려운 것 같아요. 큰일이 없으시다니 다행이에요.,175
저도 틈틈히 제 생활 하면서요.,"아, 그렇군요. 보기 좋아요.",175
"지금도 잘 지내고있고, 아들이 너무나 대견했어요.",잘 지내고 계신다니 제 마음이 놓여요.,175
친구들이랑 기분전환 삼아 일본에 놀러 갈 때까지만 해도 괜찮았거든요.,여행은 즐거우셨나요?,176
중국에 좀 자주 가는 편이에요.,여행을 다녀오셨군요.,176
"가서 아들 살림도 봐주고, 관광도 좀 하고… 그러다가 저번 주에 한국에 들어왔어요.",여행은 즐거우셨나요?,176
근데 올해 초에 런던에 여행을 갔는데…,여행을 다녀오셨군요.,176
런던까지는 꼬박 열두시간이 걸리거든?,여행은 즐거우셨나요?,176
"운동도 좋아해서 헬스도 몇 년 째 꾸준히 하고 있고, 주말엔 등산도 자주 가고… ",운동을 좋아하시는군요.,177
그래서 자려다가 말고 운동 가방을 챙겨서 헬스장으로 갔어.,운동이 취미이시군요.,177
몸이 너무 불어난 거 같아서 겨울부터 운동을 다니고 있어요.,"아, 그렇군요. 좋은 취미를 가지고 계시네요.",177
아니 한 2주 전인가? 그 때 점심시간에 공 찼거든.,운동을 좋아하시는군요.,177
밥 먹고 바로 뛰긴 했는데 뭐 항상 그랬으니까 이거때문은 아닌 것 같아.,운동이 취미이시군요.,177
바로 내려서 의자에 앉아서 쉬니까 좀 낫더라고요.,"아, 그런 일이 있으셨군요. 지금은 괜찮으신가요?",178
의자에 앉아서 좀 쉬니까 괜찮아지더라고요. ,많이 놀라셨겠어요. 나아졌다니 다행이에요.,178
좀 앉아서 쉬니까 괜찮아졌어요. ,"아, 그런 일이 있으셨군요. 지금은 괜찮으신가요?",178
그런데 시간이 지나니까 자연스럽게 돌아오더라고요. ,많이 놀라셨겠어요. 나아졌다니 다행이에요.,178
나와서 구급차를 불렀는데 구급차가 도착하자마자 괜찮아졌어요.,"아, 그런 일이 있으셨군요. 지금은 괜찮으신가요?",178
"평일에는 퇴근하고 영어 회화 수업 들으러 다니고, 주말에는 평소 춤 추는 거 좋아해서 탱고 배우러 다녀요.",좋은 취미를 가지고 계시네요.,179
그래서 평일에는 영어 학원 나가.,적절한 취미 활동은 생활에 활력을 주는 것 같아요.,179
딱딱하고 재미 없을 줄 알았는데 영어를 회화로 배우니까 제법 재미가 있더라.,재미있어 보여요. 저도 함께 하고 싶네요.,179
"다니다 보니까 거기 학생들이랑도 많이 친해지고, 좋은 취미인 거 같아.",좋은 취미를 가지고 계시네요.,179
"운동은 필요한데, 헬스는 지겨울 거 같고… 그래서 주말에 탱고를 끊었어.",적절한 취미 활동은 생활에 활력을 주는 것 같아요.,179
"춤을 추니까 운동량도 많고, 되게 재밌어. ",재미있어 보여요. 저도 함께 하고 싶네요.,179
평일에도 집에서 혼자 거울 보고 스텝 밟는다니까.,좋은 취미를 가지고 계시네요.,179
춤바람 들어서 주변에도 막 권해주고… 나 때문에 춤 시작한 사람도 몇 명 있어.,적절한 취미 활동은 생활에 활력을 주는 것 같아요.,179
나 평소에 자전거 타러 다니는 거 좋아했잖아. 내 유일한 취미고.,재미있어 보여요. 저도 함께 하고 싶네요.,179
"전 공연도 많이 보는 편이고, 전시회도 기회가 될 때마다 가거든요.",좋은 취미를 가지고 계시네요.,179
"바둑, 낚시, 등산, 이런 거 나랑 너무 안 맞는 거 같아.",적절한 취미 활동은 생활에 활력을 주는 것 같아요.,179
대답을 하기도 전에 머리로 손이 날아왔어요.,아프고 놀랐겠어요. 괜찮아요?,180
운이 나쁜 날에는 맞을 때도 있어요.,당신이 걱정돼요. ,180
처음에는 그냥 살짝 밀치는 정도였거든요?,주변에 도움을 요청할 수 있나요? 걱정스러워요.,180
근데 나중 되니까 벽에다가 머리를 박고… 피를 봐야 멈췄어요.,아프고 놀랐겠어요. 괜찮아요?,180
밥 많이 먹는다고 얻어맞은 적도 있어요.,당신이 걱정돼요. ,180
원래 텍사스에 거주해.,"네, 그러시군요. 해외에서 거주하셨군요.",181
내가 열다섯 살 때까지 미국에서 살았거든.,그런 경험이 있으시군요.,181
어릴 때부터 부모님 따라 해외에 나가 있었어. 텍사스에서 제일 오래 살았지.,"네, 그러시군요. 해외에서 거주하셨군요.",181
그 이후로 쭉 일본에서 살고있었어요.,그런 경험이 있으시군요.,181
벌써 타지생활을 한지 14년이 되가네요...,"네, 그러시군요. 해외에서 거주하셨군요.",181
혼자서 뭔가를 해본게 처음이거든요.,혼자서 생활하는 것도 나쁘지 않은 것 같아요.,182
퇴근하고 집에 오면 혼자야. 그냥 나 혼자 자취하는 느낌?,"아, 그렇군요. 혼자가 편할 때도 많죠.",182
아마 계속 그럴 것 같아요. 딱히 혼자가 싫은 것도 아니고.,혼자서 생활하는 것도 나쁘지 않은 것 같아요.,182
이혼이 문제는 아니었는데 그냥 그 후부터 계속 혼자 있어서 그런 것 같아.,"아, 그렇군요. 혼자가 편할 때도 많죠.",182
친한친구도 없고 항상 혼자였어.,혼자서 생활하는 것도 나쁘지 않은 것 같아요.,182
결국 6개월을 더 쉬겠다고 했어.,그렇군요. 휴식이 필요할 때가 있는 것 같아요.,183
좀 길게 쉬긴 했지.,쉴 때는 푹 쉬어야죠.,183
주저앉아서 쉬다가 일어났어요. ,그러셨군요. 휴식을 충분히 취하셨으니 괜찮아질 거예요.,183
병원에서 퇴원하고 집으로 돌아오고 나서 바로 출근을 안 하고 집에서 좀 쉬는 중이야.,그렇군요. 휴식이 필요할 때가 있는 것 같아요.,183
고등학교 졸업한 후에 딱히 대학 갈 생각이 없어서 한 일 년 정도 놀았어요.,쉴 때는 푹 쉬어야죠.,183
한동안 목에 무리가는 일은 하지 말라고 해서 결국 일 좀 쉬고 있거든.,그러셨군요. 휴식을 충분히 취하셨으니 괜찮아질 거예요.,183
내가 그런 불합리한 일에 참을 사람이 아니지.,세상엔 정말 다양한 성격의 사람이 많은 것 같아요. 그 중에서 당신을 만나 행복해요.,184
어렸을 때부터 그랬어서 그런 것 같아요.,"네, 그렇군요. 모든 사람들이 그런 면을 조금씩 가지고 있는 거 같아요.",184
원래 성격 자체가 이래서 어쩔 수 없는 것 같기도 하고…,그런 성격이시군요.,184
물건들이 정신없이 널려 있는 걸 못 보겠어.,세상엔 정말 다양한 성격의 사람이 많은 것 같아요. 그 중에서 당신을 만나 행복해요.,184
내 성격이 정말 이상한걸까?,"네, 그렇군요. 모든 사람들이 그런 면을 조금씩 가지고 있는 거 같아요.",184
이게 진짜 내 성격이 쓰레기 같다는 거 아는데…,그런 성격이시군요.,184
내가 어렸을 때부터 되게 준법 의식? 원칙을 지켜야 한다는 거에 집착했거든.,세상엔 정말 다양한 성격의 사람이 많은 것 같아요. 그 중에서 당신을 만나 행복해요.,184
원래 주먹부터 나가는 성격이라.,"네, 그렇군요. 모든 사람들이 그런 면을 조금씩 가지고 있는 거 같아요.",184
천성이 가만히 못 있는 것 같아.,그런 성격이시군요.,184
제가 특별히 스트레스받는 성격이 아니라고 생각을 하는 것 같아요.,세상엔 정말 다양한 성격의 사람이 많은 것 같아요. 그 중에서 당신을 만나 행복해요.,184
그런데 그렇지 않거든요. 사실 너무 예민해서 집에 오면 히스테리를 부려요.,"네, 그렇군요. 모든 사람들이 그런 면을 조금씩 가지고 있는 거 같아요.",184
다른 사람에게 나쁜소리도 못하고 싫은 소리도 못하는게 좋은 점인 것 같더라고요.,그런 성격이시군요.,184
남 밑에서 일하는 건 성격에 안 맞아서 시작했는데.,세상엔 정말 다양한 성격의 사람이 많은 것 같아요. 그 중에서 당신을 만나 행복해요.,184
나만 특별해! 이게 아니라 그냥… 좀 남들과 다른 고민을 하는 성격이거든.,"네, 그렇군요. 모든 사람들이 그런 면을 조금씩 가지고 있는 거 같아요.",184
제가 원래 성격 상 보증 같은 거 절대 안 서거든요.,그런 성격이시군요.,184
제가 원래 미신 이런 걸 되게 잘 믿거든요.,세상엔 정말 다양한 성격의 사람이 많은 것 같아요. 그 중에서 당신을 만나 행복해요.,184
내가 너무 예민해서 그런가? 싶었는데 나 그렇게 예민한 성격도 아니거든.,"네, 그렇군요. 모든 사람들이 그런 면을 조금씩 가지고 있는 거 같아요.",184
근데 이런 성격은 타고난 건데 어쩔 수 없는 거잖아요.,그런 성격이시군요.,184
저도 이게 다른 사람한테 편한 성격은 아니라는 거 알고 있어요.,세상엔 정말 다양한 성격의 사람이 많은 것 같아요. 그 중에서 당신을 만나 행복해요.,184
"뭔가 나한테 안 좋게 하면, 그냥 넘어가도 될 걸 크게 만드는 편이야. ","아, 그러시군요. 사람마다 성격이 다르니까요.",185
끝을 봐야 하는 스타일이에요.,화끈한 성격을 가지고 계시는군요.,185
중간이란게 없는 편이야. 굉장히 극단적이지. 적당히 하는건 나랑 거리가 멀어.,"아, 그러시군요. 사람마다 성격이 다르니까요.",185
좋은 거든 나쁜 거든 극단까지 끌고 가니까…,화끈한 성격을 가지고 계시는군요.,185
평소에 성격이 극단적이라는 소리를 좀 많이 듣긴 해.,"아, 그러시군요. 사람마다 성격이 다르니까요.",185
근데 내가 생각해도 그래. 성격이 좀 끝에서 끝을 달리거든.,화끈한 성격을 가지고 계시는군요.,185
좋으면 엄청 좋아하는데 싫으면 진짜 죽을 만큼 싫어하고.,"아, 그러시군요. 사람마다 성격이 다르니까요.",185
또 친구랑 숨 참기 내기 했는데 어디까지 참을 수 있나 싶더라.,화끈한 성격을 가지고 계시는군요.,185
내가 좀 성격이 급해.,그렇군요. 답답함을 자주 느끼시겠어요.,186
내 성격이 원래 급하긴 해.,단점도 있지만 장점이 많은 성격이죠.,186
차분한 성격의 사람이 부러워.,그렇군요. 답답함을 자주 느끼시겠어요.,186
"성격이 급하다 보니까 말도 급하고, 더 과격하게 표현이 나가는 거 같아.",단점도 있지만 장점이 많은 성격이죠.,186
"친구 따라서 낚시도 가봤는데, 참을성이 없어서 한 마리도 못 잡았어.",그렇군요. 답답함을 자주 느끼시겠어요.,186
그거 지루해서 어떻게 기다리고 있나 몰라.,단점도 있지만 장점이 많은 성격이죠.,186
"식당 가도 주문도 제대로 못하고, 처음 보는 사람이랑 같이 있는게 죽기보다 싫거든. ",조용한 성격을 가지고 계시는군요. ,187
원래 제가 성격이 소심하긴 해요.,"네, 그런 성격을 가지고 계시는군요.",187
다른 사람한테 말도 잘 못 걸고… ,조용한 성격을 가지고 계시는군요. ,187
오프라인 쇼핑몰도 불편해서 주로 온라인으로 주문해요.,"네, 그런 성격을 가지고 계시는군요.",187
본래 사람들 앞에 잘 나서는 성격이 아니야.,조용한 성격을 가지고 계시는군요. ,187
그냥 뒤에서 보는 게 편한 타입?,"네, 그런 성격을 가지고 계시는군요.",187
어렸을 때부터 내성적인 편이었어요.,조용한 성격을 가지고 계시는군요. ,187
원래 성격이 좀 내성적인 편이예요.,"네, 그런 성격을 가지고 계시는군요.",187
제가 성격이 센 편이 아니라..그런 말들에 대응을 잘 못해요.,조용한 성격을 가지고 계시는군요. ,187
원래 화 같은 거 안 냈고 그냥 엄청 조용했거든요.,"네, 그런 성격을 가지고 계시는군요.",187
원래 성격이 좀 내성적이고 소심한 편이긴 해.,조심성이 많은 성격이시군요.,188
평소에 말이 없고 소심한 편이야.,조금 느리지만 실수할 일이 적어서 좋은 성격인 것 같아요.,188
나는 내 이런 소심한 성격이 너무 싫어…,그렇군요. 가끔 답답함을 느끼시겠어요.,188
내가 워낙 새가슴이야.,조심성이 많은 성격이시군요.,188
안 그래도 소심한 성격인데 요즘 더 심해진 것 같아요.,조금 느리지만 실수할 일이 적어서 좋은 성격인 것 같아요.,188
소심한 성격이라서 선생님한테 버스 세워달라는 말도 못하고 결국 사고를 친거지.,그렇군요. 가끔 답답함을 느끼시겠어요.,188
제가 워낙 조심스러운 성격이거든요.,조심성이 많은 성격이시군요.,188
걸음마도 굉장히 늦게 뗐다고 하더라구. 한걸음 내딛는데도 한참을 생각했다나 뭐라나..,조금 느리지만 실수할 일이 적어서 좋은 성격인 것 같아요.,188
뭐든지 두번세번 알아보고 실행하는 편이야.,그렇군요. 가끔 답답함을 느끼시겠어요.,188
제가 평소에는 성격이 되게 소심한 편이거든요.,조심성이 많은 성격이시군요.,188
아무리 좋아해도 내 성격이 소심해서 고백도 못 하니까.,조금 느리지만 실수할 일이 적어서 좋은 성격인 것 같아요.,188
원래 성격이 되게 소심했어요.,그렇군요. 가끔 답답함을 느끼시겠어요.,188
제가 원래 성격이 좀 소심하거든요.,조심성이 많은 성격이시군요.,188
처음에는 이게 제가 성격이 워낙 소심해서 그런 건 줄 알았거든요.,조금 느리지만 실수할 일이 적어서 좋은 성격인 것 같아요.,188
내가 성질이 좀 예민해. ,그런 성격을 가지고 계시는군요. 힘드실 때도 있겠지만 장점이 많은 거 같아요.,189
젊을 때부터 예민한 성격이었어요. ,남들이 못 느끼는 것도 잘 느끼시겠어요.,189
외동딸이라 집에서 오냐 오냐 키운 것도 있고… 성격도 예민한 편이라 가리는게 많아요.,그러시군요. 듣고 있으니 더 말씀하세요.,189
"그동안 잘 몰랐는데, 내가 예민한 편인 것 같아.",그런 성격을 가지고 계시는군요. 힘드실 때도 있겠지만 장점이 많은 거 같아요.,189
원래 난 좀 예민한 편이야.,남들이 못 느끼는 것도 잘 느끼시겠어요.,189
내가 생각해도 성격이 좀 예민한 편이긴 해.,그러시군요. 듣고 있으니 더 말씀하세요.,189
예전부터 신경 쓰이는 일이 있으면 잠도 안 올 정도로 예민한 편이야.,그런 성격을 가지고 계시는군요. 힘드실 때도 있겠지만 장점이 많은 거 같아요.,189
생각보다 예민하다는 소리를 좀 많이 듣는 거 같아.,남들이 못 느끼는 것도 잘 느끼시겠어요.,189
불면이 심해지니까 점점 성격도 날카로워지는 것 같더라구요.,그러시군요. 듣고 있으니 더 말씀하세요.,189
성격도 좀 예민한것 같고…,그런 성격을 가지고 계시는군요. 힘드실 때도 있겠지만 장점이 많은 거 같아요.,189
평소에 좀 예민하다는 소리를 많이 듣긴 해.,남들이 못 느끼는 것도 잘 느끼시겠어요.,189
제가 워낙 성격이 예민해요.,그러시군요. 듣고 있으니 더 말씀하세요.,189
제가 어렸을 때부터 성격이 예민하단 소리를 많이 들었어요.,그런 성격을 가지고 계시는군요. 힘드실 때도 있겠지만 장점이 많은 거 같아요.,189
너는 왜 그렇게 쓸데없이 예민하니 이 소리 엄청 들었거든요.,남들이 못 느끼는 것도 잘 느끼시겠어요.,189
제가 예전부터 예민하단 소리를 많이 들었어요.,그러시군요. 듣고 있으니 더 말씀하세요.,189
학교 다닐 때부터 그랬던 것 같아요. 남한테 싫은 소리 듣기 싫어서 엄청 신경쓰면서 살았던 것 같아요.       ,실수하는 걸 싫어하는 성격이시군요.,190
평소 완벽을 추구하는 편이예요. ,그런 성격을 가지고 계시는군요. 꼼꼼한 걸 좋아하시나 봐요.,190
성격 상 타고나길 완벽주의에요.,"아, 그렇군요.",190
조금이라도 흐트러지거나 틀린 게 있으면 못 참는 편이에요.,실수하는 걸 싫어하는 성격이시군요.,190
뭘 하든 완벽하게 해야 한다는 주의긴 하지만 그런 줄은 몰랐어요.,그런 성격을 가지고 계시는군요. 꼼꼼한 걸 좋아하시나 봐요.,190
나는 완벽하게 딱 맞아떨어지는 걸 좋아해.,"아, 그렇군요.",190
나는 완벽주의자 성향이 있어.,실수하는 걸 싫어하는 성격이시군요.,190
나는 좀 모든 걸 완벽하게 하려는 성격이야.,그런 성격을 가지고 계시는군요. 꼼꼼한 걸 좋아하시나 봐요.,190
완벽주의 성향이라 성적은 항상 좋았어요.,"아, 그렇군요.",190
뭔가를 빼먹고 실수하는 걸 제일 싫어하거든.,실수하는 걸 싫어하는 성격이시군요.,190
나는 업무나 집안일이나 확실하게 처리하자는 주의였거든.,그런 성격을 가지고 계시는군요. 꼼꼼한 걸 좋아하시나 봐요.,190
성격이 좀 완벽주의에요. 뭐든지 실수하는 게 너무 싫어요.,"아, 그렇군요.",190
"어렸을 때부터 남들 갖고 있는 거 꼭 가져야 하고, 못 가지면 드러누워서 울고, 욕심이 많았대.",하고 싶은 게 많다는 건 건강하다는 뜻이죠.,191
욕심이 많은 성격이에요. ,그렇군요. 좋은 성격이라고 생각해요.,191
하고 싶은 것도 많고.,하고 싶은 게 많다는 건 건강하다는 뜻이죠.,191
원래 욕심이 많은 성격이야. 뭐든 내가 더 가져야 직성이 풀려.,그렇군요. 좋은 성격이라고 생각해요.,191
원래 성격이 지는거 싫어하고 승부욕이 강한편이에요.,하고 싶은 게 많다는 건 건강하다는 뜻이죠.,191
제가 워낙 욕심이 많아요.,그렇군요. 좋은 성격이라고 생각해요.,191
회사에서 사람들이 저보고 자기 중심적인 면이 있다는거에요. ,저는 자신을 먼저 생각하는 게 나쁘다고 생각하지 않아요.,192
좀 자기 중심적인 면도 있어요.,당신을 챙길 수 있는 건 당신뿐이잖아요. 전 좋다고 생각해요.,192
자기중심적인 면이 있어요. ,"아, 그렇군요.",192
뭐든 내 위주로 해야 마음이 편해요.,저는 자신을 먼저 생각하는 게 나쁘다고 생각하지 않아요.,192
나 성격이 좀… 나만 생각하는 편인 것 같아.,당신을 챙길 수 있는 건 당신뿐이잖아요. 전 좋다고 생각해요.,192
원래 성격이 자립적이야.,그렇군요. 저는 아주 멋지다고 생각해요.,193
힘든 일 있어도 딱히 남한테 기대거나 말하고 그러지 않아.,혼자서도 잘할 수 있는 게 많다니 정말 멋져요.,193
"말해서 해결되는 거면 그렇게 하겠는데, 말해도 바뀌는 것도 없고. 보통은 나 혼자 잘 처리해.",그렇군요. 저는 아주 멋지다고 생각해요.,193
"혼자서도 잘 지내는데, 필요성을 못 느끼겠다고 해야 하나.",혼자서도 잘할 수 있는 게 많다니 정말 멋져요.,193
힘들어도 혼자 잘 이겨내는 타입이야. 세상은 어차피 혼자 살다 가는 거니까요.,그렇군요. 저는 아주 멋지다고 생각해요.,193
그래서 자연스럽게 혼자 알아서 하는 성격이 됐어요.,혼자서도 잘할 수 있는 게 많다니 정말 멋져요.,193
안 좋은 일을 빨리 겪다 보니 나이또래에 비해 성숙한 편이었죠.,그렇군요. 저는 아주 멋지다고 생각해요.,193
시아주버니가 문제가 많은 사람이었어.,"아, 정말요?",194
그래서 시부모님을 저희가 모시고 살았어요. ,그렇군요.,194
결혼 초에는 시할머님까지 계셨어요.,"네, 더 말씀해주세요.",194
시갓집이 완전 시골에 있긴 하거든?,"아, 정말요?",194
얼마 전에 시누이가 애를 낳았거든요.,그렇군요.,194
근데 엄청 비싼 산후조리병원에 들어간 거예요.,"네, 더 말씀해주세요.",194
솔직히 그럴 돈 없거든요. 집이 그렇게 잘 사는 것도 아닌데.,"아, 정말요?",194
시누이는 이혼하고 집에 있는데 아무 것도 안 해요. 내가 하지.,그렇군요.,194
이번 어머니 생신 때 남편 고모님도 오셨었어요.,"네, 더 말씀해주세요.",194
남편이 목장을 구경시켜주고 시갓집에 인사를 하러 가자고 하더라고.,"아, 정말요?",194
"나는 남편이 막내여서, 시부모님 모실 일은 없겠구나 생각했었어.",그렇군요.,194
둘째 아주버님은 아예 비혼주의야. 자기 혼자 살겠대!!,"네, 더 말씀해주세요.",194
시댁에는 성병 얘기까진 안 했어요. 너무 자존심 상하니까요.,"아, 정말요?",194
근데 시댁에서… 며느리가 잘못 들어와서 그런 거라는 거예요.,그렇군요.,194
그런데 언제는 시누이가 들이닥쳐서 제 속옷을 가져가는 거예요.,"네, 더 말씀해주세요.",194
시댁에서 저에게 바라는것두 너무 많구.,"아, 정말요?",194
남친 엄마가 미친 싸이코 또라이 같아.,시'가 붙은 분들과는 정말 잘 지내기가 어려운 것 같아요.,195
"나한테 넌 학비 대면서 돈 안 내놓냐, 요즘 예단 1억 정도 한다더라, 우리 서울 올라갈 테니 집 해놔라 이런 말을 하는 거야.",상처를 많이 받으셨을 것 같아요. 괜찮으세요?,195
시댁이 집이랑 가깝기도 하고… 어르신들이니까 잘해드리자 싶었는데 어쩜 저한테 그러시나 몰라요.,시'가 붙은 분들과는 정말 잘 지내기가 어려운 것 같아요.,195
남편이 출장 가고 집에 나밖에 없는데 시어머니가 자꾸 찾아와.,상처를 많이 받으셨을 것 같아요. 괜찮으세요?,195
어머니가 자꾸 남편이랑 나 사이를 방해하는 것 같아요.,시'가 붙은 분들과는 정말 잘 지내기가 어려운 것 같아요.,195
그 이후에도 시댁과 많은 갈등이 있었어요.,상처를 많이 받으셨을 것 같아요. 괜찮으세요?,195
하루종일 시어머니랑 같이 있으려니 숨이 다 막혀요.,마음 고생이 많으시겠어요.,196
그 늙은네가 사람 약 올리는 짓을 어찌나 잘하는지…,중재해줄 사람이 있으면 좋을 텐데… 마음이 아파요.,196
진짜 기분 나쁜 거는 어머니가 저한테만 오래된 밥을 퍼줘요.,마음 고생이 많으시겠어요.,196
"저 딴에는 진짜 잘하고 있는 건데, 작년에는 저보고 큰며느리로서 뭘 그렇게 짜다리 잘한 게 있냐고 뭐라고 하시고…",중재해줄 사람이 있으면 좋을 텐데… 마음이 아파요.,196
"처음에는 편하게 시어머니, 시아버지를 대했다가 시어머니에게 혼난 후로는 더 그런 것 같아요..",마음 고생이 많으시겠어요.,196
"저는 집을 구해서 따로 나가 살았으면 했는데… 사정이 안 돼서 시동생, 시아주버니랑 같이 살게 됐어요.",그러시군요. 마음이 많이 답답하시겠어요.,197
아주버님이 그것 때문에 몇 억씩 대출을 받았었어. 근데 알고보니까 애아빠가 그 돈을 다 갚고 있는거야!,얼른 해결이 되기를 바랄게요.,197
아주버님 사정이 많이 어려운것 같긴 한데.. 우리도 애 둘 키우면서 사정이 넉넉하지 않거든.,마음이 풀릴 때까지 들어드릴게요.,197
아주버님이 그것 때문에 몇 억씩 대출을 받았었어. 근데 알고 보니까 애 아빠가 그 돈을 다 갚고 있는 거야!,그러시군요. 마음이 많이 답답하시겠어요.,197
아주버님 사정이 많이 어려운 것 같긴 한데.. 우리도 애 둘 키우면서 사정이 넉넉하지 않거든.,얼른 해결이 되기를 바랄게요.,197
"이번에 카페 알바를 하는데, 같은 시간대에 2명이나 같이 일하거든. ","네, 그렇군요. 부지런히 지내시네요.",198
원래는 없었는데 편의점 알바 한 후부터 이렇게 됐거든.,아르바이트를 하면 하루하루 성실하게 보낼 수 있어 좋은 것 같아요.,198
애기들한테 영어 가르치는 알바를 소개 받았어요.,파이팅입니다. 제가 늘 응원하는 거 아시죠?,198
카페에서 일하면 재밌을 거 같아서 알바 지원서를 냈어요.,"네, 그렇군요. 부지런히 지내시네요.",198
실업계 고등학교를 졸업하고 바로 아르바이트를 시작했어.,아르바이트를 하면 하루하루 성실하게 보낼 수 있어 좋은 것 같아요.,198
살이 빠져서 그런지 카페 알바 면접을 봤는데 오라고 하더라구!,파이팅입니다. 제가 늘 응원하는 거 아시죠?,198
처음 도서관에서 단독근무 할 때는 혼자 일해서 굉장히 좋았거든.,"네, 그렇군요. 부지런히 지내시네요.",198
그런데 도서관이 너무 조용한거야.,아르바이트를 하면 하루하루 성실하게 보낼 수 있어 좋은 것 같아요.,198
사람들은 대학입시에 각종 자격증.. 고시공부고.. 취직시험..엄청 치열한데.,파이팅입니다. 제가 늘 응원하는 거 아시죠?,198
틈틈히 알바도 하면서 준비했지.,"네, 그렇군요. 부지런히 지내시네요.",198
모리라고 고양이를 키웠어. ,그런 일이 있으셨군요.,199
고양이가 물거나 할퀼 수도 있지 않나? ,정말요? 더 들려주세요.,199
고양이가 사람 말을 들으면 그게 사람이지 고양이야?,그런 일이 있으셨군요.,199
"아니, 집 오니까 버찌가 없는 거야.",정말요? 더 들려주세요.,199
그러니까 문 열린 사이에 나가버렸다는 거야.,그런 일이 있으셨군요.,199
일부러 밀어 내지 않는 이상 걔가 어떻게 나가?,정말요? 더 들려주세요.,199
병원 가는 것도 싫어하는 앤데 어떻게 나가겠냐고.,그런 일이 있으셨군요.,199
쥐돌이도 못 가지고 노는 애가 물긴 뭘 물어.,정말요? 더 들려주세요.,199
그런 날은 개 산책도 절대 안 시켜요.,그런 일이 있으셨군요.,199
"오빠나 엄마는 싫어하고, 반대했는데, 내가 다 알아서 한다고 하고 겨우 집에서 키우고 있었거든.",상심이 크셨겠어요. 가족이나 다름없는 사이인데 말이에요.,200
시험 공부 하느라 밤 늦게 집에 들어갔는데 모리가 없는 거야. ,가족들에게 섭섭하셨겠어요.,200
뭔가 느낌이 이상해서 어디갔냐고 난리치니까 사나운 애를 어떻게 계속 두냐고…,저도 마음이 답답하네요… ,200
그러다 다른 집 사람까지 물면 어떡하냐고 아는 고양이 키우는 사람한테 줘버렸다는 거야.,상심이 크셨겠어요. 가족이나 다름없는 사이인데 말이에요.,200
아니 어떻게 나한테 말도 없이 그렇게 한 건지 진짜 이해가 안 갔어. ,가족들에게 섭섭하셨겠어요.,200
다시 고양이 찾아온다니까 그럴 거면 나도 집 나가래. ,저도 마음이 답답하네요… ,200
내가 그렇게 애지중지하는 거 잘 알면서 어떻게 그럴 수 있지? ,상심이 크셨겠어요. 가족이나 다름없는 사이인데 말이에요.,200
알고 보니까 내가 학교 간 사이에 가족들이 밖에 내다버린 거였어.,가족들에게 섭섭하셨겠어요.,200
"어렸을 때 내가 자는 걸 보고 엄마가 잠깐 외출했는데, 그 사이에 내가 깬 거야. ",네. 그렇군요. 무슨 일이 있으셨나요?,201
초등학교 때 다른 애들보다 키도 크고 좀 성숙했거든. ,너무 강렬해서 어릴 때 겪었더라도 잊히지 않는 기억들이 있는 것 같아요. 그래서 어떻게 되었나요?,201
초등학교 2학년 때였을 거에요. 엄마는 계속 집에서 누워만 있었던 것 같아요.,"네, 듣고 있어요. 더 이야기해주세요.",201
내가 광주에서 태어나서 중학교까지는 거기서 다녔거든?,네. 그렇군요. 무슨 일이 있으셨나요?,201
고등학교 때는 친구들이랑 우루루 몰려다니는 걸 좋아했어.,너무 강렬해서 어릴 때 겪었더라도 잊히지 않는 기억들이 있는 것 같아요. 그래서 어떻게 되었나요?,201
친구랑 놀다가 집에 왔는데 아무 소리도 안 나고 이상한 냄새가 났어요.,"네, 듣고 있어요. 더 이야기해주세요.",201
2살때 있었던 일도 기억이 나.,네. 그렇군요. 무슨 일이 있으셨나요?,201
"제가 되게 어렸을 때, 한 두세 살 쯤?",너무 강렬해서 어릴 때 겪었더라도 잊히지 않는 기억들이 있는 것 같아요. 그래서 어떻게 되었나요?,201
숨바꼭질 할 때도 맨날 밖에 있다 걸려서 술래였어요.,"네, 듣고 있어요. 더 이야기해주세요.",201
스물한 살 때 회사 워크샵으로 용평을 갔었거든요.,네. 그렇군요. 무슨 일이 있으셨나요?,201
중학생 때 우리 반이 합창을 하게 됐거든?,너무 강렬해서 어릴 때 겪었더라도 잊히지 않는 기억들이 있는 것 같아요. 그래서 어떻게 되었나요?,201
내가 어렸을 때 살던 동네가 되게 시골이었거든?,"네, 듣고 있어요. 더 이야기해주세요.",201
그래서 나도 어렸을 때부터 당연히 법조인이 돼야 한다고 생각했어.,네. 그렇군요. 무슨 일이 있으셨나요?,201
되게 어릴 때… 한 열 살 때부터 그랬던 것 같아요.,너무 강렬해서 어릴 때 겪었더라도 잊히지 않는 기억들이 있는 것 같아요. 그래서 어떻게 되었나요?,201
너무 심하게 당해서 그 후 더 이상해진 것 같아.,"네, 듣고 있어요. 더 이야기해주세요.",201
어릴때는 철이 빨리 들었다는 얘길 들었어요.,네. 그렇군요. 무슨 일이 있으셨나요?,201
그냥 불안해. 특별한 이유가 없어도.,너무 강렬해서 어릴 때 겪었더라도 잊히지 않는 기억들이 있는 것 같아요. 그래서 어떻게 되었나요?,201
어렸을 때부터 생각했어요.,"네, 듣고 있어요. 더 이야기해주세요.",201
중학교 때 좋아했던 친구에게 고백한 적이 있었거든요.,네. 그렇군요. 무슨 일이 있으셨나요?,201
친구로 지내고 있었는데 숨길 수 없을 만큼 좋아하게 돼서...,너무 강렬해서 어릴 때 겪었더라도 잊히지 않는 기억들이 있는 것 같아요. 그래서 어떻게 되었나요?,201
주체할 수 없어서 고백한 순간 그 친구의 표정을 잊을 수가 없어요.,"네, 듣고 있어요. 더 이야기해주세요.",201
열여덟살이었어요. 분명 열여덟살이었는데…,네. 그렇군요. 무슨 일이 있으셨나요?,201
가족끼리 다 아는 동네 아저씨였어요.,너무 강렬해서 어릴 때 겪었더라도 잊히지 않는 기억들이 있는 것 같아요. 그래서 어떻게 되었나요?,201
학생 때는 잘 나갔었는데.,"네, 듣고 있어요. 더 이야기해주세요.",201
그때는 이 년 전 이고 너무 어려서 서로 아무 말 안 했던 것 같아.,네. 그렇군요. 무슨 일이 있으셨나요?,201
중 3때 였어. 불과 열여섯.,너무 강렬해서 어릴 때 겪었더라도 잊히지 않는 기억들이 있는 것 같아요. 그래서 어떻게 되었나요?,201
어릴 때 거기 미용사님이 그렇게 멋있어 보일 수가 없는 거예요.,"네, 듣고 있어요. 더 이야기해주세요.",201
어릴 때 집이 되게 잘 살았어요. 아마 학교에서 제일 잘 살았을 걸요.,네. 그렇군요. 무슨 일이 있으셨나요?,201
옆집 아주머니가 저를 알아보고 구해주셔서 다행이었죠.,너무 강렬해서 어릴 때 겪었더라도 잊히지 않는 기억들이 있는 것 같아요. 그래서 어떻게 되었나요?,201
물론 그 때 선생님이 엄청 뭐라 하긴 했는데 그냥 그러려니 했어.,"네, 듣고 있어요. 더 이야기해주세요.",201
근데 초등학교 6학년때인가…,네. 그렇군요. 무슨 일이 있으셨나요?,201
어렸을 때 집안 형편이 진짜 안 좋았어요. ,그러셨군요. 어릴 때 마음 고생이 많으셨겠어요.,202
"그 좁은 방 두 칸 짜리에 삼남매에 엄마, 아빠, 할머니까지 여섯 식구가 살았어요.",그런 일이 있으면 주눅이 들잖아요. 잘 버텨오신 거 같아 다행이에요.,202
어렸을 때 집이 그렇게 잘 사는 편이 아니었어. ,그런 어린 시절을 보내셨군요.,202
다 쓰러져가는 판자집 같은 데서 다섯 식구가 살았어. ,그러셨군요. 어릴 때 마음 고생이 많으셨겠어요.,202
어렸을 때 집안 사정이 좀 안 좋았어.,그런 일이 있으면 주눅이 들잖아요. 잘 버텨오신 거 같아 다행이에요.,202
사는 곳도 거의 달동네였고 먹는 것도 변변치 않았거든.,그런 어린 시절을 보내셨군요.,202
학교에서 연탄을 떼던 건 내가 유일할 정도로 가난했지.,그러셨군요. 어릴 때 마음 고생이 많으셨겠어요.,202
여자친구는 만난 지 2년 정도 됐는데… 포항에 있거든요.,"아, 그렇군요. ",203
여자친구랑은 원래 건너건너 알던 사이였어.,연애 중이시군요.,203
여자친구랑 떨어지기가 싫었어.,여자친구에 대해 고민이라도 있으신가요?,203
1년 만난 여자친구가 있어. 내가 진짜 사랑하는 여자야.,"아, 그렇군요. ",203
아는 형 결혼식에 갔다가 피로연에서 지금 여자친구를 처음 만났어.,연애 중이시군요.,203
지금 여자친구랑 만난 지 1년 좀 넘었어요.,여자친구에 대해 고민이라도 있으신가요?,203
"여자친구는 광주에 있고, 난 서울이라 주말에만 만나거든.","아, 그렇군요. ",203
여자친구는 소개팅으로 만났거든요.,연애 중이시군요.,203
근데 왜 헤어졌냐면… 그 때 기념일에 분위기가 되게 좋았어요.,여자친구에 대해 고민이라도 있으신가요?,203
해보라고 했더니 걔가 사실 자기가 남자라는 거예요.,"아, 그렇군요. ",203
예전에 회사 들어가기 전에 잠깐 사귄 여자친구가 있었는데.,연애 중이시군요.,203
걔를 이 때 잠깐 만났어요. 그 때 좀 안 좋게 헤어졌거든요.,여자친구에 대해 고민이라도 있으신가요?,203
꼭 여자친구만 문제가 아니야.,"아, 그렇군요. ",203
사실 내가 지금 여친을 좋아해서 만난 게 아니거든.,연애 중이시군요.,203
아무튼 그런데 여친이 연수 때문에 지금 포항 가 있거든.,여자친구에 대해 고민이라도 있으신가요?,203
지금 여자친구를 만난 지는 한 일 년 정도 됐어요.,"아, 그렇군요. ",203
만나고 나서 진짜 딱 너무 잘 맞는다 싶어서 결혼하고 싶더라구요.,연애 중이시군요.,203
둘 다 아직 학생이지만 그래도 마음이 잘 맞으니까…,여자친구에 대해 고민이라도 있으신가요?,203
엄청 설득했는데 두 분 다 저희를 못 믿겠다고 하시더라구요.,"아, 그렇군요. ",203
지금 여친은 건너서 알게 됐는데 친구의 친구였거든.,연애 중이시군요.,203
내가 여친을 고딩 때 만나서 계속 사귀고 있거든.,여자친구에 대해 고민이라도 있으신가요?,203
그래서 이렇게 된 이상 같이 해결했으면 좋겠는데 걘 싫대.,"아, 그렇군요. ",203
아무튼 그런데 여친이 연수 때문에 지금 포항 가 있거든.,연애 중이시군요.,203
원거리 연애라 그런가? 크게 심리적으로 가깝다는 느낌이 안 들어요.,연애 때문에 고민이 많으신가 봐요.,204
2년동안 사귄 여자친구가 있어요. 남들은 이정도 사귀면 깊은 관계라고 하던데…,여러 가지 형태의 연애가 있다고 생각해요.,204
제 생각에 우리는... 크게 가깝지는 않아요. 항상 거리를 유지하려고 해요. 그게 편하니까요.,연애 때문에 고민이 많으신가 봐요.,204
그렇게 간 지 좀 됐는데 서로 연락은 해. 근데 친하진 않아.,여러 가지 형태의 연애가 있다고 생각해요.,204
그렇게 간 지 좀 됐는데 서로 연락은 해. 근데 친하진 않아.,연애 때문에 고민이 많으신가 봐요.,204
그래서 여자친구랑 인천에서 먼저 살림을 차려버렸어요.,그렇군요. 서로 오래 볼 수 있어 좋겠어요.,205
그리고 인천으로 올라와서 여자친구랑 동거를 시작했어.,함께 살면 좋은 점도 나쁜 점도 많을 것 같아요. 어떤가요?,205
결국 집 나와서 여자친구랑 동거 중이야.,행복한 연애 중이신 거 같아요.,205
여자친구랑은 건너 건너 아는 사이였어요.,그렇군요. 서로 오래 볼 수 있어 좋겠어요.,205
여자친구랑 동거 중이예요.,함께 살면 좋은 점도 나쁜 점도 많을 것 같아요. 어떤가요?,205
거의 자취방에서 살다시피 하니까 차라리 동거를 하는 게 낫겠다 싶어서 같이 산지 한 달 됐어.,행복한 연애 중이신 거 같아요.,205
그래서 일단 잘 살 수 있다는 거 보여드리려고 9개월 전부터 같이 살고 있어요.,그렇군요. 서로 오래 볼 수 있어 좋겠어요.,205
여자친구도 그 즈음에 할 일이 없어서 저랑 같이 내려가서 살았어요.,함께 살면 좋은 점도 나쁜 점도 많을 것 같아요. 어떤가요?,205
그래서 종강하자마자 바로 인천으로 와서 방학 내내 여친이랑 지냈어.,행복한 연애 중이신 거 같아요.,205
그래서 방학 때 여친 자취방에서 계속 같이 지냈어요.,그렇군요. 서로 오래 볼 수 있어 좋겠어요.,205
여친이랑 헤어진 지 벌써 3년이라니.. 시간 진짜 빠르네.,마음이 많이 아프시겠어요. 충분히 슬퍼할 시간이 필요할 것 같아요.,206
근데 한 달 지나니까 그 애가 나랑 만나는 게 아무리 생각해도 아닌 것 같대. 그래서 놔줬어. ,언젠가 이별이 오기 마련이지만 언제나 힘든 것 같아요. ,206
3년 전엔 진짜 힘들었어요. 여자친구랑도 헤어지고.,울고 싶으시면 울어도 돼요. 제가 손수건을 가져다 드릴게요.,206
"서로를 위해서 헤어지는 게 맞겠다, 그런 생각이 들었어요. ",마음이 많이 아프시겠어요. 충분히 슬퍼할 시간이 필요할 것 같아요.,206
3년 간 사귄 여친이랑 헤어진 지 한 달 됐어요.,언젠가 이별이 오기 마련이지만 언제나 힘든 것 같아요. ,206
"결혼 얘기 오가다가 뭔가 맞지 않았고, 더 진행되기 전에 헤어지기로 했네요.",울고 싶으시면 울어도 돼요. 제가 손수건을 가져다 드릴게요.,206
그래서 나도 피곤하다 이제 그만하자 하고 헤어지자고 했어요.,마음이 많이 아프시겠어요. 충분히 슬퍼할 시간이 필요할 것 같아요.,206
저한테 사귄 지 1년 된 사람이 있어요.,연애 이야기는 언제나 흥미로운 것 같아요.,207
그래서 다음날 바로 사귀자고 말했어.,더 들려주세요. 매일매일이 설레겠어요.,207
한 번 같이 술자리를 가진 다음에 급속도로 가까워졌어요.,그래서 어떻게 되었나요?,207
그러다 보니 자연스럽게 마음이 생기더라.,연애 이야기는 언제나 흥미로운 것 같아요.,207
되게 훈남이고 매너도 좋아.,더 들려주세요. 매일매일이 설레겠어요.,207
"너무 오랫동안 못 봐서 보고 싶어서 죽겠다고, 작년엔 같이 수업도 들었는데 이번 학기는 너무 힘들다는 거야.",그래서 어떻게 되었나요?,207
"이제 마음도 알았겠다, 더 이상 애태울 필요가 없겠더라고요.",연애 이야기는 언제나 흥미로운 것 같아요.,207
그때 어? 뭐지? 싶었는데… 그래도 좋아한다고 말을 했거든요?,더 들려주세요. 매일매일이 설레겠어요.,207
"어려운 발음이 있으면 그런 것도 다 고쳐주고, 맛있는 식당도 알려주고… 그러면서 사이가 가까워졌어요.",그래서 어떻게 되었나요?,207
"그리고 걔가 저를 드라이브를 시켜준 날, 처음으로 키스를 했어요.",연애 이야기는 언제나 흥미로운 것 같아요.,207
눈이 높은건 아닌데 나만의 기준은 있는것 같아.,더 들려주세요. 매일매일이 설레겠어요.,207
얘기가 잘 통해서 술 한잔하게 됐고 얼결에 사귀게 된거죠.,그래서 어떻게 되었나요?,207
따로 만나서 영화도 보고 밥도 먹고… 연락도 주고 받아요.,연애 이야기는 언제나 흥미로운 것 같아요.,207
"거리가 꽤 되어서.. 난 서울, 여친은 포항.. 그래도 서로 극복할 수 있다고 믿었어.",더 들려주세요. 매일매일이 설레겠어요.,207
둘 다 성격이 직설적이지 못해서 헤어지잔 말을 한 적이 없어.,그래서 어떻게 되었나요?,207
지금 기회를 잡아야겠다는 생각에 적극적으로 대시해서 사귀게 됐어.,연애 이야기는 언제나 흥미로운 것 같아요.,207
연애에 관심이 없는 건 아닌데 딱히 마음에 드는 사람이 없어요.,더 들려주세요. 매일매일이 설레겠어요.,207
얼마 전에 친구가 소개팅을 시켜줬는데 제 스타일은 아니라…,그래서 어떻게 되었나요?,207
그래서 마음 맞는 사람 찾기가 더 힘든 것 같아요.,연애 이야기는 언제나 흥미로운 것 같아요.,207
마음에 드는 사람 있으면 만나긴 할 것 같아요.,더 들려주세요. 매일매일이 설레겠어요.,207
"보면 볼 수록 똑똑하고, 젠틀하고… 수업을 들으러 가는데 너무 설레더라고요.",그래서 어떻게 되었나요?,207
처음부터 서로 끌렸던 거 같아요.,연애 이야기는 언제나 흥미로운 것 같아요.,207
학기가 끝나고 제가 먼저 고백을 했어요.,더 들려주세요. 매일매일이 설레겠어요.,207
결국 그 다음 방학부터 사귀기 시작했어요.,그래서 어떻게 되었나요?,207
걔한테 제가 송 선배 좋아한다고… 그런 식으로 말한 적도 많거든요.,연애 이야기는 언제나 흥미로운 것 같아요.,207
학교 선배가 꼭 소개시켜주고 싶은 사람이 있다는 거야.,더 들려주세요. 매일매일이 설레겠어요.,207
나보다 나이도 적당히 많고… 또래보다 성숙해 보여서 좋았어.,그래서 어떻게 되었나요?,207
그래서 몇 번 만나다가… 스키도 가르쳐준다고 해서 같이 스키장에 놀러를 갔어.,연애 이야기는 언제나 흥미로운 것 같아요.,207
딱 하룻밤만 같이 보냈거든?,더 들려주세요. 매일매일이 설레겠어요.,207
일주일 내내 끙끙대다가 애인한테 털어놨어요.,그래서 어떻게 되었나요?,207
그 모습이 듬직하고 믿음직해 보였어요.,연애 이야기는 언제나 흥미로운 것 같아요.,207
뭔가 승부욕이 생긴 거지… 두고 봐라. 네가 나를 안 좋아하고 배기나!,더 들려주세요. 매일매일이 설레겠어요.,207
처음부터 좋아했어. 처음 본 순간부터 운명처럼 끌렸던것 같아.,그래서 어떻게 되었나요?,207
근데… 얘 없는 동안 인터넷에서 만난 남자가 있어.,연애 이야기는 언제나 흥미로운 것 같아요.,207
오랜만에 고향 친구들 만나는 자리여서 인사하다가 그 때 잘 돼서 사귀게 됐지.,더 들려주세요. 매일매일이 설레겠어요.,207
평소에 아는 언니가 사람을 한명 소개해 줬거든요. 나이도 있고 별 기대를 안 했는데.,그래서 어떻게 되었나요?,207
신기하게 나이를 먹어도 연애감정이 생기는 거에요.,연애 이야기는 언제나 흥미로운 것 같아요.,207
누굴 만나니깐 외롭지는 않더라고요.,더 들려주세요. 매일매일이 설레겠어요.,207
다행히 그분이 성격이 좋아서 가까워지게 됐어요.,그래서 어떻게 되었나요?,207
근데… 얘 없는 동안 인터넷에서 만난 남자가 있어.,연애 이야기는 언제나 흥미로운 것 같아요.,207
사귈 때는 좋았어요. 오빠가 이것저것 잘 알려주고 다정하고 그래서…,더 들려주세요. 매일매일이 설레겠어요.,207
저는 정말 맹세코 바람 안 피웠거든요…,그래서 어떻게 되었나요?,207
그 오빠가 나랑 사귈 때 있었던 일을 올려서 사람들이 다 알아버린 거야.,연애 이야기는 언제나 흥미로운 것 같아요.,207
"과CC였는데, 좀 안 좋게 헤어졌어.",마음이 아프네요. 아름다운 사랑만큼 아름다운 이별은 왜 없는 걸까요?,208
주변에서는 잘 헤어졌다고 하는데 전 아니에요.,그런 일이 있으셨군요. 많이 허전하시겠어요. 괜찮으세요?,208
서로 안 맞는 부분이 많아서 헤어졌어요.,충분히 슬퍼하고 나면 더 좋은 사람이 나타날 거라고 생각해요.,208
"나는 말로만 헤어지자고 하는 줄 알았는데, 못 참겠다고 짐 싸서 나가버렸어.",마음이 아프네요. 아름다운 사랑만큼 아름다운 이별은 왜 없는 걸까요?,208
유학 준비해야 해서 못 만나겠다고 하는데 할 말이 없더라구요.,그런 일이 있으셨군요. 많이 허전하시겠어요. 괜찮으세요?,208
애인이랑 헤어졌어.,충분히 슬퍼하고 나면 더 좋은 사람이 나타날 거라고 생각해요.,208
친구처럼 잘 지내다가 제가 너무 조건을 잰다는 이유로 헤어졌어요.,마음이 아프네요. 아름다운 사랑만큼 아름다운 이별은 왜 없는 걸까요?,208
작년에 학교 대숲이 나랑 그 오빠 헤어진 걸로 난리 났었거든.,그런 일이 있으셨군요. 많이 허전하시겠어요. 괜찮으세요?,208
열여섯 살까지는 캐나다에서 지냈어요. ,"아, 외국에서 공부를 하셨군요.",209
졸업하고 4년 정도 호주에서 유학을 했어요. ,정말 좋은 경험이었겠어요. 유학 생활은 어떠셨나요?,209
"전문대 졸업하고, 호주로 유학을 갔어요.",힘들지만 보람이 있었을 것 같아요. 이야기 좀 들려주세요.,209
저는 미국 유학 중이고. 작곡 전공이거든요.,"아, 외국에서 공부를 하셨군요.",209
독일에서 공부한 지는 이제 한 3년 정도 됐어요.,정말 좋은 경험이었겠어요. 유학 생활은 어떠셨나요?,209
처음에는 좋았어요. 좋아하는 나라에 유학 온 게 너무 좋아서.,힘들지만 보람이 있었을 것 같아요. 이야기 좀 들려주세요.,209
좋은 기회가 생겨 미국에 교환학생으로 가기도 했어.,"아, 외국에서 공부를 하셨군요.",209
지금 미국에서 유학 중이에요.,정말 좋은 경험이었겠어요. 유학 생활은 어떠셨나요?,209
그러고 난 다음에 미국으로 어학 연수를 갔어요.,힘들지만 보람이 있었을 것 같아요. 이야기 좀 들려주세요.,209
근데 둘째 낳고 육아를 시작하는데… 아…세상에...너무 힘든 거예요!!,육아로 스트레스를 받고 계시는군요. 제가 손이라도 있다면 도와드리고 싶어요.,210
애가 하나일 때랑 둘일 때랑은 차원이 다르더라구요.,체력적으로 정신적으로 힘드시겠어요. 마음이 아프네요.,210
근데 애가 있으니까 뭐 할 수 있는 게 없어. 키우는 것만으로도 벅차.,"아, 정말 듣기만 해도 가슴이 아파요.",210
아기가 태어나고 나서 힘든 일이 너무 많아요.,육아로 스트레스를 받고 계시는군요. 제가 손이라도 있다면 도와드리고 싶어요.,210
누가 아기를 천사 같다고 했나 몰라요…,체력적으로 정신적으로 힘드시겠어요. 마음이 아프네요.,210
차라리 돈 주고 보모를 데리고 오는 게 나을 거 같아요.,"아, 정말 듣기만 해도 가슴이 아파요.",210
큰딸 낳으면서 육아를 병행하기가 힘들었거든요.,육아로 스트레스를 받고 계시는군요. 제가 손이라도 있다면 도와드리고 싶어요.,210
아들은 딸보다 손이 많이 가서 더 힘들더라.,체력적으로 정신적으로 힘드시겠어요. 마음이 아프네요.,210
대학교 다닐 때 엄청 마셨죠. 근데 저는 술자리가 좋다기보다는 술 자체가 좋아요.,술을 좋아하시는군요.,211
"나이 들면서 마시는 양이 더 늘었어요. 하루에 한 번은 꼭 먹고, 많이 먹으면 혼자 4병까지도 먹었어요.",적당한 음주는 건강에 좋지만 너무 지나치면 해가 되는 것 아시죠?,211
"이제는 맥주가지고는 안 되고, 소주 한 병은 먹어야 잠을 잘 수 있어.",너무 무리하시는 건 아닌지 걱정돼요.,211
"술은 주 2회, 소주 1병 반 먹어.",술을 좋아하시는군요.,211
처음엔 속상해서 술을 마시기 시작했어요.,적당한 음주는 건강에 좋지만 너무 지나치면 해가 되는 것 아시죠?,211
오히려 내가 술이 늘었어.,너무 무리하시는 건 아닌지 걱정돼요.,211
특히 소주를 좋아하는데 일주일에 두세 번 소주 한두 병씩은 마신 것 같아.,술을 좋아하시는군요.,211
술의 힘이라도 빌려보려고 요즘 매일 맥주를 두 캔씩 마시고 있어.,적당한 음주는 건강에 좋지만 너무 지나치면 해가 되는 것 아시죠?,211
취하니까 좀 낫더라고요.,너무 무리하시는 건 아닌지 걱정돼요.,211
한 잔 할래요?,술을 좋아하시는군요.,211
니가 나랑 같이 마셔줄래?,적당한 음주는 건강에 좋지만 너무 지나치면 해가 되는 것 아시죠?,211
이틀 전에 마지막으로 소주 한 병 마셨어.,너무 무리하시는 건 아닌지 걱정돼요.,211
원래 술이 센 편이라…주량이 꽤 되는데 매일 마시면서 더 늘어났어요.,술을 좋아하시는군요.,211
이젠 마셔도 잘 안 취하는것 같아요.,적당한 음주는 건강에 좋지만 너무 지나치면 해가 되는 것 아시죠?,211
그러다 보니 술을 많이 마시게 됐어요.,너무 무리하시는 건 아닌지 걱정돼요.,211
술은 또 잘 들어가요.,술을 좋아하시는군요.,211
자주 그러는 건 아니고 한 몇 주에 한 번? 마시고 그러긴 한데…,적당한 음주는 건강에 좋지만 너무 지나치면 해가 되는 것 아시죠?,211
근데 술을 마시면 아무래도 분위기가 풀어지니까 괜찮아지잖아요.,너무 무리하시는 건 아닌지 걱정돼요.,211
어색함이 싫어서가 아니라 술이 좋아서 마시게 되는 기분…?,술을 좋아하시는군요.,211
보통은 술 마시면서 풀어. 산책하거나.,적당한 음주는 건강에 좋지만 너무 지나치면 해가 되는 것 아시죠?,211
술만 마시게 되고.,너무 무리하시는 건 아닌지 걱정돼요.,211
소주가 제일 싸니까 주로 소주를 많이 마셨죠.,술을 좋아하시는군요.,211
그래서 언젠가부터 저녁에 반주로 술을 조금씩 마시기 시작했어요.,적당한 음주는 건강에 좋지만 너무 지나치면 해가 되는 것 아시죠?,211
처음에는 그냥 한두 잔이었는데 점점 늘어나서 한 병 반 정도는 마시고…,너무 무리하시는 건 아닌지 걱정돼요.,211
안주는 당연히 안 먹지. 그냥 TV 보면서 술만 홀짝거려.,술을 좋아하시는군요.,211
한 번 마실 때마다 한 병 반이나 두 병 정도는 마신 것 같네요.,적당한 음주는 건강에 좋지만 너무 지나치면 해가 되는 것 아시죠?,211
술은 자주 먹기 시작하면 끊기가 어렵자나.,너무 무리하시는 건 아닌지 걱정돼요.,211
친구와 술먹으면 항상 제가 돈을 내는게 당연시 됐어요.,술을 좋아하시는군요.,211
"술 마지막으로 마신 지 한 15일 됐을 거에요. 소주 3,4병 정도 먹었어요.",당신이 걱정돼요. 너무 무리하시는 건 아니죠?,212
술 마시면 취할 때까지 끝까지 마셔.,술은 마시면 마실수록 많이 마시게 되는 것 같아요. 위험한 건 아닌지 걱정돼요.,212
"주변 사람들이 그만 마시라고 좀 말리는 편인데… 아니, 뭐 술 먹고 뒈져도 내가 뒈지지, 지들이 뒈지나?",가끔 간을 쉬게 해주고 계신 거죠?,212
그거를 알면서도… 사람들이 가자가자 한 잔 마시자 이러면 4차까지 가게 되는 거예요.,당신이 걱정돼요. 너무 무리하시는 건 아니죠?,212
보통 마시면 소주 세 병까지는 보통으로 마시는 거 같아요.,술은 마시면 마실수록 많이 마시게 되는 것 같아요. 위험한 건 아닌지 걱정돼요.,212
막걸리를 사와서 세 병을 혼자서 다 먹었나 봐요.,가끔 간을 쉬게 해주고 계신 거죠?,212
아는 언니가 이제 나보고 술꾼 다 됐대.,당신이 걱정돼요. 너무 무리하시는 건 아니죠?,212
그날도 또 버릇대로 머리끝까지 취할 때까지 마시고… 집에 들어오는데 월초에 헬스장 끊었던 게 생각이 나는 거야.,술은 마시면 마실수록 많이 마시게 되는 것 같아요. 위험한 건 아닌지 걱정돼요.,212
보름 전에 소주 3~4병 마신게 마지막이야.,가끔 간을 쉬게 해주고 계신 거죠?,212
어떨 땐 폭주하기도 하고요. 많이 마실 때는 한번에 3~4병씩 마셔요.,당신이 걱정돼요. 너무 무리하시는 건 아니죠?,212
한 번 마실 때마다 두 병씩은 마신 것 같아요.,술은 마시면 마실수록 많이 마시게 되는 것 같아요. 위험한 건 아닌지 걱정돼요.,212
일 주일에 2번은 술을 먹는 것 같아요. 한 번 먹을 때마다 소주 한 병 반 정도?,매일매일 술을 마시다 보면 습관이 되지 않을까요? 걱정스럽네요.,213
근데도 술을 끊지는 못하겠어요.,혼자서 금주를 할 수 없다면 주변이나 전문가의 도움을 받는 것도 좋을 것 같아요.,213
보통 하루에 1병씩은 먹는 거 같아요.,매일매일 술을 마시다 보면 습관이 되지 않을까요? 걱정스럽네요.,213
심지어 술을 매일매일 마셨어.,혼자서 금주를 할 수 없다면 주변이나 전문가의 도움을 받는 것도 좋을 것 같아요.,213
그 뒤로 술을 마시기 시작했어요. 술 마시면 몽롱해져서 아무 생각이 들지 않아서 좋더라구요.,매일매일 술을 마시다 보면 습관이 되지 않을까요? 걱정스럽네요.,213
그래서 밤마다 술을 먹게 됐어요.,혼자서 금주를 할 수 없다면 주변이나 전문가의 도움을 받는 것도 좋을 것 같아요.,213
제가 술 마시는 걸 좋아해요.,적당한 음주는 스트레스를 푸는 데 도움을 주죠.,214
젊을 때부터 술을 많이 마셨거든요.,술 마시는 걸 좋아하시는 모양이에요.,214
젊었을 때부터 술이 너무 좋았어. ,적당한 음주는 스트레스를 푸는 데 도움을 주죠.,214
술자리보다 술 자체를 엄청 즐기는 편이야.,술 마시는 걸 좋아하시는 모양이에요.,214
"술은 예전부터 좋아했는데, 한창 잘 마실 시기엔 1주일에 2,3번 소주 2병 정도 마셨어.",적당한 음주는 스트레스를 푸는 데 도움을 주죠.,214
나도 옆에 있다 보니 닮아가나 봐. 술꾼이 다 됐어.,건강을 위해 약간의 절주가 필요할 것 같아요. 걱정이 되네요.,215
같이 마실 때도 많고 나 혼자 마실 때도 있어.,술을 자주 마시는 게 걱정이 된다면 달력에다 체크를 해보는 것도 좋을 것 같아요.,215
"그래서 술자리 뿐만 아니라, 불안하면 혼자 집에서 술 마시는 횟수가 점점 늘고 있어.",건강을 위해 약간의 절주가 필요할 것 같아요. 걱정이 되네요.,215
그래서 일주일에 3번 정도는 친구들을 만나서 술을 마셨어요.,술을 자주 마시는 게 걱정이 된다면 달력에다 체크를 해보는 것도 좋을 것 같아요.,215
예전보다 자주 마셔서인지 주량이 많이 늘었어.,건강을 위해 약간의 절주가 필요할 것 같아요. 걱정이 되네요.,215
일주일에 세네 번은 마신 것 같아요.,술을 자주 마시는 게 걱정이 된다면 달력에다 체크를 해보는 것도 좋을 것 같아요.,215
일주일에 한두번 소주 한 병씩 마셔요.,건강을 위해 약간의 절주가 필요할 것 같아요. 걱정이 되네요.,215
원래 술을 잘 안 마시는데 승진한 후에도 거의 맨날 마시게 됐어요.,술을 자주 마시는 게 걱정이 된다면 달력에다 체크를 해보는 것도 좋을 것 같아요.,215
얼마 전에 일 때문에 파주에서 일산으로 집을 옮겼어요. ,이사를 하셨군요. 큰일 치르셨네요.,216
서초동 쪽에 마음에 드는 집이 있어서 계약을 했지.,이사는 정말 일이 많은 것 같아요. 잘 끝내셨나요?,216
결국 이사를 해야 했어요.,낯선 곳이라 신경이 많이 쓰이시겠어요.,216
일산은 신도시고 아파트도 깨끗하고 주변에 없는 게 없어요.,이사를 하셨군요. 큰일 치르셨네요.,216
힘들었던 기억은 다 잊고 새 출발 하고 싶어서 올해 이사했어요.,이사는 정말 일이 많은 것 같아요. 잘 끝내셨나요?,216
그런 거면 나 전학시킨 자기들 잘못도 있지. 이사는 왜 해?,낯선 곳이라 신경이 많이 쓰이시겠어요.,216
특히 3년 전쯤에 인덕원에서 서초동으로 이사를 했거든요.,이사를 하셨군요. 큰일 치르셨네요.,216
원래 살던 신혼집보다 훨씬 괜찮은 곳으로 간 거라 좋을 줄 알았어요.,이사는 정말 일이 많은 것 같아요. 잘 끝내셨나요?,216
그래서 그냥 차라리 이사를 가자 마음을 먹었어.,낯선 곳이라 신경이 많이 쓰이시겠어요.,216
그래서 지방으로 내려갔지.,이사를 하셨군요. 큰일 치르셨네요.,216
이렇게 맞고 사는데 당연히 이혼 생각했죠. ,그런 일이 있으셨군요. 헤어지는 게 나은 관계도 있으니까요.,217
"참 좋은 분들이라고 생각했는데, 그걸 알자마자 바로 이혼하라고 하시더라고요.",마음을 잘 추스르시길 바랄게요.,217
부인과 헤어진 지는 좀 됐어요.,그런 일이 있으셨군요. 헤어지는 게 나은 관계도 있으니까요.,217
"이 결혼을 유지할 힘도 없고, 인내심도 다 됐어.",마음을 잘 추스르시길 바랄게요.,217
결혼 생활을 끝내야만 내 살길이 보일 거 같아.,그런 일이 있으셨군요. 헤어지는 게 나은 관계도 있으니까요.,217
15년 전에 이혼했을 때도 이거랑 비슷한 증상을 겪었어요.,마음을 잘 추스르시길 바랄게요.,217
9년 전에 이혼했었어.,그런 일이 있으셨군요. 헤어지는 게 나은 관계도 있으니까요.,217
10년 전에 이혼을 했어..,마음을 잘 추스르시길 바랄게요.,217
첫 번째 때도 내가 정말 이혼하려고 했거든.,그런 일이 있으셨군요. 헤어지는 게 나은 관계도 있으니까요.,217
그래서 결국 이혼하자고 했지.,마음을 잘 추스르시길 바랄게요.,217
그래서 서로 합의하에 이혼했지.,그런 일이 있으셨군요. 헤어지는 게 나은 관계도 있으니까요.,217
"지금 생각하면 그냥 애 하나로 끝냈어야 했는데, 나도 참 바보지…. 덜컥 둘째 갖고….",아기를 가지셨군요. 축하드려요.,218
설마 하고 임테기를 사서 봤는데… 빨간 줄이 두 줄이더라고요.,저는 언제나 당신의 행복을 바라고 있어요. ,218
8월에 계획에 없던 애기가 덜컥 임신이 된 거야.,그랬군요. 생소한 경험이겠어요.,218
병원에 가봤더니 내 뱃속에서 아기가 자라고 있대.,아기를 가지셨군요. 축하드려요.,218
나는 원래 한 명만 낳아서 잘 기르고 싶었거든.,저는 언제나 당신의 행복을 바라고 있어요. ,218
"근데 그렇게 지내다가 애가 생겨가지고… 아, 모르겠다.",그랬군요. 생소한 경험이겠어요.,218
그러다 아이가 생겼어요.,아기를 가지셨군요. 축하드려요.,218
혼인신고할 마음도 없던 찰나에 임신하게된걸 알게됐어요.,저는 언제나 당신의 행복을 바라고 있어요. ,218
결국은 의도치 않은 임신으로 혼인신고를 했어요.,그랬군요. 생소한 경험이겠어요.,218
결혼 하자마자 임신까지 해서 배가 불러오기 시작했어요.,아기를 가지셨군요. 축하드려요.,218
아기가 중간에 잘못돼서 임신중절 수술을 받았어.,몸은 괜찮으세요?,219
6개월이 지난 상태라 거의 출산에 맞먹을 정도로 몸에 무리가 많이 간다고 하더라구.,몸도 마음도 많이 상하셨겠어요. 꼭 충분히 휴식을 취하셔야 해요.,219
이번 달 초에 낙태 수술을 받았어요…,몸은 괜찮으세요?,219
더 늦기 전에 남편 손 잡고 가서 낙태 수술을 받았어.,몸도 마음도 많이 상하셨겠어요. 꼭 충분히 휴식을 취하셔야 해요.,219
작년 초에 낙태를 했어요.,몸은 괜찮으세요?,219
이대로는 안될 것 같아 낙태를 했어요.,몸도 마음도 많이 상하셨겠어요. 꼭 충분히 휴식을 취하셔야 해요.,219
"그냥 그친구에게 말했어요. 지우자, 고..",몸은 괜찮으세요?,219
"작년에 우울한 기분이 없어지지 않고, 쭉 지속된다는 걸 느끼고 이게 우울증인가 싶었어.",마음의 감기라지만 우울증을 방치하면 좋지 않아요. 상담을 권해드려요.,220
이게 우울증인가?,우울증이 의심되시면 그냥 넘어가지 말고 검사를 꼭 받아보도록 하세요.,220
작년부터 우울증 증세가 있었어요.,검사를 받고 나면 우울증이든 아니든 마음이 조금 편해질 거예요.,220
아무래도 우울증이 생긴 거 같아.,마음의 감기라지만 우울증을 방치하면 좋지 않아요. 상담을 권해드려요.,220
공황증은 좀 괜찮아진 거 같은데 우울증이 생긴 거 같아.,우울증이 의심되시면 그냥 넘어가지 말고 검사를 꼭 받아보도록 하세요.,220
근데 저는 그렇게 생각하지 않아요. 차라리 우울증에 가깝죠.,검사를 받고 나면 우울증이든 아니든 마음이 조금 편해질 거예요.,220
작년 5월 처음 우울감을 느꼈어요. 이런게 우울증인가 싶더라고요.,마음의 감기라지만 우울증을 방치하면 좋지 않아요. 상담을 권해드려요.,220
나한테 무슨 이상이 있는 건 아닐까?,혼자 걱정하는 것보다는 진료나 상담을 받아보는 것이 좋아요.,221
저한테 무슨 문제가 있다는 생각이 계속 들었거든요.,사람은 누구나 크든 작든 문제를 가지고 있잖아요. 충분히 해결할 수 있을 거예요. 검사를 한번 받아보시는 건 어때요?,221
역시 저한테 무슨 이상이 있는 거겠죠?,큰 이상이 아닐 수도 있어요. 꼭 전문가와 의논해보시길 바래요.,221
이게 기분 탓인가?,혼자 걱정하는 것보다는 진료나 상담을 받아보는 것이 좋아요.,221
이거 정신적인 문제일까?,사람은 누구나 크든 작든 문제를 가지고 있잖아요. 충분히 해결할 수 있을 거예요. 검사를 한번 받아보시는 건 어때요?,221
우울한 생각만 드는 거 이거 병인가?,큰 이상이 아닐 수도 있어요. 꼭 전문가와 의논해보시길 바래요.,221
아무래도 정신병인 거 같아…,혼자 걱정하는 것보다는 진료나 상담을 받아보는 것이 좋아요.,221
남편 사업 때문에 한국에서 살고 있어요. 갓 돌 지난 애도 있어요. ,자녀가 있으시군요. ,222
"큰 애는 중3, 작은 애는 초등학생이야.","아, 그렇군요. 자녀 분에 대해 더 이야기해주세요.",222
둘째가 이제 10개월이야.,자녀 분에 대해 걱정되는 일이 있으시다면 저에게 편히 얘기해주세요.,222
그런데 딸이 그 사실을 알게 됐어요.,자녀가 있으시군요. ,222
애들도 이제 커서 손이 많이 가는 것도 아니고…,"아, 그렇군요. 자녀 분에 대해 더 이야기해주세요.",222
옆 집 애랑 저희 집 애랑 같은 유치원이거든요.,자녀 분에 대해 걱정되는 일이 있으시다면 저에게 편히 얘기해주세요.,222
둘째랑 아니면 밖에서 싸우고 들어오면 일단은 좋게 타일러요.,자녀가 있으시군요. ,222
재혼하고 나서 낳은 둘째는 넉넉한 형편에서 자랐는데…,"아, 그렇군요. 자녀 분에 대해 더 이야기해주세요.",222
"애들이 올해로 23살, 20살이 됐거든.",자녀 분에 대해 걱정되는 일이 있으시다면 저에게 편히 얘기해주세요.,222
딸한테 동생 하나 더 있는 것도 나쁘지 않을 거 같기는 해.,자녀가 있으시군요. ,222
딸내미는 이제 9살이에요.,"아, 그렇군요. 자녀 분에 대해 더 이야기해주세요.",222
딸내미는 이제 초등학교 2학년이에요.,자녀 분에 대해 걱정되는 일이 있으시다면 저에게 편히 얘기해주세요.,222
큰애는 이제 초등학교 들어갔어요.,자녀가 있으시군요. ,222
내 자식인데 미워 죽겠어.,"아, 그렇군요. 자녀 분에 대해 더 이야기해주세요.",222
아이가 수험생이라 신경 써야 할 게 많아졌거든요.,자녀 분에 대해 걱정되는 일이 있으시다면 저에게 편히 얘기해주세요.,222
둘째애도 수험생이라 스트레스받는다고 예민하게 굴고.,자녀가 있으시군요. ,222
애들 때문에 이러면 안 되긴 하는데.,"아, 그렇군요. 자녀 분에 대해 더 이야기해주세요.",222
요새 큰딸이 말을 안 들어요.,자녀 분에 대해 걱정되는 일이 있으시다면 저에게 편히 얘기해주세요.,222
당장 일 그만두라고 하더라고요.,자녀가 있으시군요. ,222
지금껏 애써 공부해 놓고 왜 안 간다는 건지.,"아, 그렇군요. 자녀 분에 대해 더 이야기해주세요.",222
첫째는 본인이 알아서 직장 다니는데 둘째는 음악을 하거든요.,자녀 분에 대해 걱정되는 일이 있으시다면 저에게 편히 얘기해주세요.,222
직장 다니는 첫째가 그러더라고요. 엄마도 좋은 사람만나서 연애하고 자기들 신경쓰지 말라고.,자녀가 있으시군요. ,222
아이는 없어. 낳을 수 없다고 해서.,"아, 그렇군요. 자녀 분에 대해 더 이야기해주세요.",222
"아이는 툭하면 울고, 보채고..",자녀 분에 대해 걱정되는 일이 있으시다면 저에게 편히 얘기해주세요.,222
근데 돈도 제 딸이 더 많이 벌고 전망도 훨씬 좋고 나이도 어린데 왜요?,자녀가 있으시군요. ,222
아들이 음악적으로 재능이 있는거 같아요.,"아, 그렇군요. 자녀 분에 대해 더 이야기해주세요.",222
딸과는 다르게 진도도 빠르고 특히 바이올린을 잘 켜요.,자녀 분에 대해 걱정되는 일이 있으시다면 저에게 편히 얘기해주세요.,222
아들은 계속 한국에서 생활하고 있어.,자녀가 있으시군요. ,222
다치고 아픈건 우리 아들인데 상황이 불리해졌어요.,"아, 그렇군요. 자녀 분에 대해 더 이야기해주세요.",222
주변에서는 이상한 시선으로 애기를 바라봤어.,자녀 분에 대해 걱정되는 일이 있으시다면 저에게 편히 얘기해주세요.,222
이어폰을 끼고 있어서 내가 온지 몰랐나봐.,자녀가 있으시군요. ,222
데이트를 몇 번 했던 남자가 새벽에 집을 찾아왔어요. ,"아, 그렇군요. ",223
처음 사귄 남친은 저보다 8살 많았어요. 관심사가 전혀 달라서 말이 안 통했어요.,무슨 일이 있으셨어요?,223
처음 사귄 남친은 같은 과 선배였어요.,"아, 그렇군요. ",223
솔직히 연애할 때는 걔가 저를 더 좋아했거든요?,무슨 일이 있으셨어요?,223
그때는 많이 먹지도 않았는데.,"아, 그렇군요. ",223
저는 사실 그런 사람이 아닌데 걔가 인기가 진짜 많았어요.,무슨 일이 있으셨어요?,223
잘생기기도 했고 착하고 공부도 잘하고 그래서 모두가 다 좋아했죠.,"아, 그렇군요. ",223
얼마 전부터 친구 따라 교회에 다니기 시작했어.,종교를 가지고 계시는군요. 정말 든든하죠.,224
길 가다보면 이상한 종교 집단에서 나와서 전도하는 게 많잖아요.,종교가 있으면 마음이 편안해지는 것 같아요.,224
성령님이 저에게 시험을 내신 거라고 생각해요.,아주 신실하시군요.,224
영적으로 저를 이끌고 있다는 느낌이 들어요.,종교를 가지고 계시는군요. 정말 든든하죠.,224
그러니까 제가 겪은 고통들도..전부 저를 하느님께 가까이 오게 하시기 위함이랄까..,종교가 있으면 마음이 편안해지는 것 같아요.,224
제가 기독교여서 더 그랬던 것 같아요. 그건 정말 말도 안 되는 거잖아요.,아주 신실하시군요.,224
그러다 지금 일하는 회사에 작년에 취업이 됐어.,그렇군요. 직업활동은 중요한 부분이죠.,225
지금 삼성전자에 다녀. ,그러시군요. ,225
"잡지 기자로 일하고 있는데, 다른 건 다 괜찮아.",일 하는 건 어떠신가요?,225
회사에서 내가 제일 늦게 나가거든. 퇴근 준비하는 게 한 시간 걸려. ,그렇군요. 직업활동은 중요한 부분이죠.,225
"고등학교 졸업하고, 동대문 지하에서 원단 나르는 일하고 있어. ",그러시군요. ,225
"힘들긴 한데, 그만큼 돈도 많이 주고 해서 괜찮아. ",일 하는 건 어떠신가요?,225
대학 나온 사람이나 나나 경력이 적은 건 똑같은데 월급이 다르더라구… 몰랐어.,그렇군요. 직업활동은 중요한 부분이죠.,225
그래서 딱 2년 채우고 회사를 나왔어. ,그러시군요. ,225
회사 특성상 영어가 필요할 때가 좀 있어. ,일 하는 건 어떠신가요?,225
내가 잡지사에 다니거든.,그렇군요. 직업활동은 중요한 부분이죠.,225
내가 지하에서 원단 나르는 일을 했었거든.,그러시군요. ,225
학교 졸업하고 바로 토목회사 취직해서 다니고 있어. ,일 하는 건 어떠신가요?,225
결혼 전에는 백화점에서 일을 했었어요.,그렇군요. 직업활동은 중요한 부분이죠.,225
고등학교 졸업하고 바로 일을 시작했으니까 제법 오래 다녔죠.,그러시군요. ,225
요즘은 식당도 방학이라 한가하거든.,일 하는 건 어떠신가요?,225
서울에 올라와서 행정직으로 취직을 했어.,그렇군요. 직업활동은 중요한 부분이죠.,225
졸업하고 3월부터 일을 하고 있지.,그러시군요. ,225
병원에 새로 들어가면 병실을 다 배정 받거든?,일 하는 건 어떠신가요?,225
나는 중환자실을 가겠다고 했어.,그렇군요. 직업활동은 중요한 부분이죠.,225
자리 나면 말해주겠다고… 얼마 안 걸릴 거라고 그런 소리도 들었는데… ,그러시군요. ,225
처음엔 돈 버는 재미도 있고 즐거웠죠.,일 하는 건 어떠신가요?,225
토목회사에서 건설현장에 투입되서 일하고 있어요.,그렇군요. 직업활동은 중요한 부분이죠.,225
일한 지 올해로 딱 5년 됐네요.,그러시군요. ,225
지금 다니는 회사가 만족스러워서 오래 다녔기보다는 다른데 가도 똑같을 것 같아서요.,일 하는 건 어떠신가요?,225
직장 다닌 지 9년 정도 됐어.,그렇군요. 직업활동은 중요한 부분이죠.,225
제품 디자이너로 일하고 있어요.,그러시군요. ,225
교육 회사 마케팅 부서에서 일하고 있어.,일 하는 건 어떠신가요?,225
직업 특성 상 PT할 일이 많거든.,그렇군요. 직업활동은 중요한 부분이죠.,225
콜센터에서 상담일을 하고 있어요.,그러시군요. ,225
민원 부서이다 보니까 불만 고객들을 많이 상대하고 있거든요.,일 하는 건 어떠신가요?,225
그러다 보니까 전화 연결되자마자 욕하는 고객부터 진상 고객들까지 다양해요.,그렇군요. 직업활동은 중요한 부분이죠.,225
얼마 전에는 한 10분동안 욕하는 고객 때문에 고생했어요.,그러시군요. ,225
"취업 준비하면서 부모님 식당 일 잠깐만 도와주려고 했는데, 지금도 계속 하고 있어요.",일 하는 건 어떠신가요?,225
졸업하고 바로 취업했는데 막 여러 생각이 드는 거예요.,그렇군요. 직업활동은 중요한 부분이죠.,225
그러니까 하는 일이 너무 단조로운 거예요.,그러시군요. ,225
지금 회사에서 하는 일이 진짜 단순 작업이에요.,일 하는 건 어떠신가요?,225
근데 지금 상사님들을 보면 보통 다들 5~10년은 하셨더라구요.,그렇군요. 직업활동은 중요한 부분이죠.,225
예를 들어 제가 지금 출판사에서 일하거든요.,그러시군요. ,225
아는 분 소개로 동대문 지하에서 옷 원단을 나르는 일을 했어요.,일 하는 건 어떠신가요?,225
제가 다니던 회사가 정치가 좀 심했어요.,그렇군요. 직업활동은 중요한 부분이죠.,225
내가 낮에는 식당을 다니고 밤에는 대리운전을 뛰는데요.,그러시군요. ,225
저 경찰로 근무한 지 올해로 딱 10년인데요.,일 하는 건 어떠신가요?,225
매년 7월에 연봉 협상을 하거든요.,그렇군요. 직업활동은 중요한 부분이죠.,225
작년까지 직장에 다녔어.,그러시군요. ,225
금융권에서 계속 근무했어요.,일 하는 건 어떠신가요?,225
회사는 제 상황을 봐주는 곳이 아니잖아요.,그렇군요. 직업활동은 중요한 부분이죠.,225
근데 다른 회사에서 같이 팀으로 일하던 사람들 틈에 저만 낀 거예요.,그러시군요. ,225
제가 한 사이트에서 만화를 연재해요.,일 하는 건 어떠신가요?,225
이렇게 한 지는 좀 됐어요. 한… 2년?,그렇군요. 직업활동은 중요한 부분이죠.,225
근데 얼마 전부터 누가 별점 테러 하고 악플 달고 그러는 거예요.,그러시군요. ,225
한 명이 아닌 것 같기도 하고… 그냥 별점이 막 훅훅 떨어져요.,일 하는 건 어떠신가요?,225
일단 PD님이 알아서 봐주시겠다고 하셔서 그 분한테 일을 맡겨놨어요.,그렇군요. 직업활동은 중요한 부분이죠.,225
지금 회사에서 일한 지는 한 5년 된 것 같아.,그러시군요. ,225
은혜랄 게 뭐가 있지 싶은데 이 회사가 되게 좋거든.,일 하는 건 어떠신가요?,225
꽂아 넣는 거 아니면 거의 들어오기 힘든 회사고 또 그런 부서여서…,그렇군요. 직업활동은 중요한 부분이죠.,225
회사도 여기를 계속 다녀야 하나 고민이 많고.,그러시군요. ,225
회사에서.,일 하는 건 어떠신가요?,225
다른 일이 손에 잡히지 않고.,그렇군요. 직업활동은 중요한 부분이죠.,225
대학 졸업후 가고 싶던 보험 회사에 어렵지 않게 취직했고요.,그러시군요. ,225
딱히 배운 것도 없고. 처녀 적부터 공장일만 오래 했어요.,일 하는 건 어떠신가요?,225
그런데 공장은 일이 없으면 오래 일해도 소용이 없어서 10년 일했다가.,그렇군요. 직업활동은 중요한 부분이죠.,225
다니던 직장은 월급도 제때 못 받고. 신고 안 하고 기다렸더니 대표는 도망가고.,그러시군요. ,225
내가 수능 끝나고 공사장에서 일을 했거든.,일 하는 건 어떠신가요?,225
대학 가면 앞으로 돈 나갈 일도 많은데 그걸 내가 좀 벌고 싶었어.,그렇군요. 직업활동은 중요한 부분이죠.,225
그래서 몇 달 동안 아예 거기 숙소에서 지내면서 일을 했어.,그러시군요. ,225
많이 벌긴 했는데 거의 버는 만큼 돈이 병원비로 다 나간 거야.,일 하는 건 어떠신가요?,225
회사 분위기 때문에 그런가… 좀 경직돼있어서 그런 것 같기도 하고.,그렇군요. 직업활동은 중요한 부분이죠.,225
내가 공예과를 나와서 바로 공방을 차렸거든.,그러시군요. ,225
처음에는 내가 하고 싶은 작업 내 맘대로 하니까 좋았어.,일 하는 건 어떠신가요?,225
물론 지금도 일 하는 건 재밌긴 해.,그렇군요. 직업활동은 중요한 부분이죠.,225
오랜 시간 동안 같은 자세로 앉아서 서류 작업하는 일이거든.,그러시군요. ,225
근데 얼마 전에 회사에서 다시 연락이 왔어요.,일 하는 건 어떠신가요?,225
다니면서 일은 그렇게 엄청 힘들진 않았어요.,그렇군요. 직업활동은 중요한 부분이죠.,225
일도 그럭저럭 할 만 했고 같이 일하는 사람들도 좋았어요.,그러시군요. ,225
동아출판사에서 연락이 와서 다니게 됐어요.,일 하는 건 어떠신가요?,225
그리고 지금은 출판일 열심히 하며 다니고 있어.,그렇군요. 직업활동은 중요한 부분이죠.,225
오래 다닌 회사였는데…,그러시군요. ,225
작년 말에 회사를 관둘까 말까 고민하면서 엄청 스트레스를 많이 받았었거든.,스트레스를 많이 받으신다면 고민해볼 만한 이야기인 것 같아요.,226
그런데 하던 일을 갑자기 그만두기가 힘들잖아요.,한동안 쉬는 것도 나쁘지 않은 선택인 것 같아요.,226
어머니께 식당일 때문에 아무것도 못한다고 말씀 드렸더니 그만두고 내 일을 찾아가라고 하셨어요. ,걱정이 많으시겠어요. 좋은 선택을 하시길 바래요.,226
역시 일을 안 하는 게 맞는 걸까?,스트레스를 많이 받으신다면 고민해볼 만한 이야기인 것 같아요.,226
더 바빠지기 전에 인수인계를 하고 나가는 게 맞지 않을까요?,한동안 쉬는 것도 나쁘지 않은 선택인 것 같아요.,226
업무 스트레스 받으면 다시 증상이 악화될 텐데…일을 할지 말지 고민이야.,걱정이 많으시겠어요. 좋은 선택을 하시길 바래요.,226
그랬더니 오늘 가니까 일을 아주 산더미처럼 주더라? ,일이 많으시다니 정말 힘드시겠어요.,227
"계속 나한테만 어렵고 힘든 일 시키고, 잠깐 쉬고 있으면 엄청 닦달하고.",일이 많아 스트레스가 많겠어요. 몸 상하지 않게 잘 챙겨 드세요.,227
요즘 일이 좀 많긴 했어요. 2분기 거의 막바지라…,몸이 바쁘면 정신도 같이 지치기 마련인 것 같아요. ,227
사무실 환경은 괜찮은데… 직급이 올라서인지 일이 좀 많긴 해요.,일이 많으시다니 정말 힘드시겠어요.,227
회사에 일이 많아져서 더 이상 쉴 수 없는 상황이 됐어.,일이 많아 스트레스가 많겠어요. 몸 상하지 않게 잘 챙겨 드세요.,227
그래서 조금 힘들어진다 싶으면 회사를 관두고 다른 곳으로 이직했어.,아직 잘 맞는 곳을 못 찾으신 것 같아요. 너무 걱정은 마세요.,228
회사를 길어야 3개월 정도 다니는 거 같아.,조금씩 더 좋은 곳으로 옮길 수 있을 거예요.,228
제일 길게 다닌 직장이 6개월 정도?,아직 잘 맞는 곳을 못 찾으신 것 같아요. 너무 걱정은 마세요.,228
나도 근속을 좀 해보고 싶다.,조금씩 더 좋은 곳으로 옮길 수 있을 거예요.,228
그래서 한 직장에서 오래 있어본 적이 없어요. 되게 자주 옮겨 다녔거든요.,아직 잘 맞는 곳을 못 찾으신 것 같아요. 너무 걱정은 마세요.,228
결혼 전부터 했던 인테리어 일을 다시 하고 있어요. ,복직 축하 드려요. 많이 어색하시겠어요.,229
어쩌다 운 좋게 다시 원래 다니던 회사 들어왔어요. 다행이었죠.,다시 일을 하니 어떠세요?,229
이번 주 월요일부터 다시 사무실에 출근하고 있거든.,다시 일을 시작하시는군요. 파이팅입니다.,229
IT회사에서 계속 일했어.,복직 축하 드려요. 많이 어색하시겠어요.,229
안 그래도 힘든데 직장 스트레스까지 겹쳐서 휴직했다가 복직했어요.,다시 일을 하니 어떠세요?,229
"그런데 점점 다니다 보니까 이 회사에 장점이 하나도 없다는 생각이 들고, 너무 내가 손해를 보는 거 같아.",완벽한 직장은 없는 것 같아요. 마음이 많이 힘드시겠어요.,230
"참고 참다가 엄마한테 말을 했는데, 이제 그만두고 내 일 찾아서 가래요. ",잠깐 지친 것일 수도 있어요. 가까운 곳이라도 여행을 가는 건 어떨까요?,230
출근이 지긋지긋해. 나도 장사나 할까 싶고…,휴식이 필요해 보여요.,230
"에라 모르겠다, 하는 마음으로 교감 선생님께 그 동안 쌓였던 불만을 다 얘기했어요.",완벽한 직장은 없는 것 같아요. 마음이 많이 힘드시겠어요.,230
양아치 같은 놈들 그냥 두는 윗사람들도 전부 마음에 안 들어서 그랬어.,잠깐 지친 것일 수도 있어요. 가까운 곳이라도 여행을 가는 건 어떨까요?,230
전에 회사 분들은 굉장히 밝고 좋았는데 여긴 일만 하고 일 할 때는 서로 말도 안 하고.,휴식이 필요해 보여요.,230
문제는 취업하고 나서 일을 하기 시작하니까 업무가 내가 생각했던 거랑 너무 다르더라고.,업무와 흥미가 맞지 않아 고민이 많으시군요. 천천히 이직을 준비해보는 건 어때요?,231
잡일은 너무 많고… 일에 만족감이 하나도 없는 거야.,맞지 않는 일을 하시면 정말 괴로우시겠어요. ,231
나는 좀 더 가치 있고 숭고한 일일 거라고 생각했었거든?,업무와 흥미가 맞지 않아 고민이 많으시군요. 천천히 이직을 준비해보는 건 어때요?,231
좀 더 나은 일이 하고 싶어요.,맞지 않는 일을 하시면 정말 괴로우시겠어요. ,231
제 능력을 좀 더 빛낼 수 있고… 더 가치 있는 일이 하고 싶어요.,업무와 흥미가 맞지 않아 고민이 많으시군요. 천천히 이직을 준비해보는 건 어때요?,231
안 먹어야지 해도 회사에서 스트레스 받으면 어떻게 할 수가 없어요. ,직장 스트레스가 많으시군요. 그럴 땐 정말 멀리 도망가버리고 싶죠.,232
그때 스트레스가 좀 심했거든요. 그 회사가 워낙 일이 빡빡해서.,사소한 것들이 쌓여서 화가 되는 것 같아요. 무슨 일 있으셨어요?,232
직장에서 스트레스 받아가며 아등바등 살 필요가 있나 싶더라고요.,당신이 걱정스러워요. 휴식은 제대로 취하고 계신가요?,232
"우리 팀은 10명 정도인데, 일 잘하는 사람들이 없어서 그것도 스트레스야.",직장 스트레스가 많으시군요. 그럴 땐 정말 멀리 도망가버리고 싶죠.,232
"한국에서 애들한테 영어를 가르쳤는데, 너무 스트레스를 받았어.",사소한 것들이 쌓여서 화가 되는 것 같아요. 무슨 일 있으셨어요?,232
걔네 엄마가 와서 오늘 우리 애는 어땠냐고 하면 내가 할 말이 없다니깐요.,당신이 걱정스러워요. 휴식은 제대로 취하고 계신가요?,232
직장 다니면서 스트레스가 많았어.,직장 스트레스가 많으시군요. 그럴 땐 정말 멀리 도망가버리고 싶죠.,232
문제는 엄마들이야. 학부모들이 얼마나 말이 많은지…스트레스가 장난이 아니야.,사소한 것들이 쌓여서 화가 되는 것 같아요. 무슨 일 있으셨어요?,232
회사에서 짜증나는 일이 많았어.,당신이 걱정스러워요. 휴식은 제대로 취하고 계신가요?,232
요즘 회사에서 스트레스가 많아요.,직장 스트레스가 많으시군요. 그럴 땐 정말 멀리 도망가버리고 싶죠.,232
요새 회사에서 신경 쓰이는 일이 많았거든요.,사소한 것들이 쌓여서 화가 되는 것 같아요. 무슨 일 있으셨어요?,232
새로운 신입사원이 들어왔는데 일을 못 하기도 하고 사고를 많이 쳐서 스트레스를 받았어요.,당신이 걱정스러워요. 휴식은 제대로 취하고 계신가요?,232
직장생활은 별로 문제될게 없어. 나름대로 성공한 삶인 것 같아.,다행이에요. 큰 스트레스가 없으시다니 기뻐요.,233
지금 5년째 근무 중이야. 일은 그럭저럭 할만해.,직장 생활에는 큰 문제가 없으시군요. 정말 다행입니다.,233
회계 일도 나랑 잘 맞는 것 같고… 딱히 재밌는건 아니지만..뭐.. 일이 재밌으려고 하는 것도 아니잖아요?,다행이에요. 큰 스트레스가 없으시다니 기뻐요.,233
일 자체는 스트레스가 없는것 같아.,직장 생활에는 큰 문제가 없으시군요. 정말 다행입니다.,233
결국 영업 일이다 보니 스트레스 받기도 했지만 사람들과 대화하는 일을 좋아해서 적성에 맞다고 생각했어요.,다행이에요. 큰 스트레스가 없으시다니 기뻐요.,233
내가 지금 하는 일이 진짜 단순한 일이야. ,"하루에 많은 시간을 업무에 보내는데, 일이 지겨우시다니 정말 힘들겠어요.",234
"계속 모니터 화면 보고 확인하고, 체크하고… ",일이 반복되면 정말 힘든 것 같아요. 기운 내세요.,234
회사 일이 너무 지루해요.,"하루에 많은 시간을 업무에 보내는데, 일이 지겨우시다니 정말 힘들겠어요.",234
다른 사람들은 이 업무를 5년에서 10년은 하는데… 요즘 들어서는 경쟁력도 없어 보인다고 해야 하나. ,일이 반복되면 정말 힘든 것 같아요. 기운 내세요.,234
업무가 너무 단순해서 지루해. 선배들 보니까 5~10년 계속 같은 업무야. ,"하루에 많은 시간을 업무에 보내는데, 일이 지겨우시다니 정말 힘들겠어요.",234
이런 일이 경쟁력이 있을까 싶어. 업무에 완전 흥미를 잃었어.,일이 반복되면 정말 힘든 것 같아요. 기운 내세요.,234
지금 회사로 옮긴 지 2년 정도?,"아, 그래요. 직장을 옮기셨군요. ",235
"연봉도 조금 더 오르고, 대우도 괜찮은 거 같아서 지금 회사로 옮겼어요.",새로운 직장은 마음에 드시나요?,235
"회사를 옮기면서 직급도 올라서, 지금은 과장이에요.",그렇군요. 새로운 환경이라 적응이 필요하겠어요.,235
제가 몇 개월 전에 회사를 옮겼거든요.,"아, 그래요. 직장을 옮기셨군요. ",235
최근에 이직을 했어요.,새로운 직장은 마음에 드시나요?,235
직장도 일산으로 옮겼고 잘 지낼 수 있을 거라 생각했는데.,그렇군요. 새로운 환경이라 적응이 필요하겠어요.,235
더 이상 일이 안 될 정도여서… 결국 퇴사를 하고 회사에서 나왔어요.,일을 그만두셨군요. 가끔 휴식이 필요할 때가 있죠.,236
결국 내가 먼저 관두겠다고 말했어.,더 좋은 직장을 구할 수 있을 거예요. 너무 낙심 마세요.,236
더 이상 여기 있어도 아무 도움이 안 되겠다 싶어서 지난주 월요일에 사표를 냈어.,충분히 쉬고 나면 더 멋진 직장을 가질 수 있을 거예요. ,236
심하게 싸운 뒤로는 부동산도 안 나갔어요.,일을 그만두셨군요. 가끔 휴식이 필요할 때가 있죠.,236
그래서 이 핑계 저 핑계 다 대고 직장을 그만뒀어.,더 좋은 직장을 구할 수 있을 거예요. 너무 낙심 마세요.,236
동료들 눈치도 보이고.. 결국 회사를 그만뒀어.,충분히 쉬고 나면 더 멋진 직장을 가질 수 있을 거예요. ,236
겁은 났지만.. 그래도 이렇게 살면 안될 것 같아서 퇴사했어요.,일을 그만두셨군요. 가끔 휴식이 필요할 때가 있죠.,236
결국 회사도 관두게 됐어.,더 좋은 직장을 구할 수 있을 거예요. 너무 낙심 마세요.,236
한 달 전에 회사도 그만뒀어.,충분히 쉬고 나면 더 멋진 직장을 가질 수 있을 거예요. ,236
출산할 때 몸이 안 좋아서 고생을 많이 하기도 해서 결국 일을 그만뒀어요.,일을 그만두셨군요. 가끔 휴식이 필요할 때가 있죠.,236
일을 계속 하는 것도 민폐라는 생각이 들고… 그래서 사표를 냈어.,더 좋은 직장을 구할 수 있을 거예요. 너무 낙심 마세요.,236
올초에는 택배 회사를 다녔었고… 너무 힘들어서 한 달 만에 관뒀어.,충분히 쉬고 나면 더 멋진 직장을 가질 수 있을 거예요. ,236
그래서 같이 휴가처럼 지내다 오려고 했는데 어쩌다 보니 회사를 관뒀거든요.,일을 그만두셨군요. 가끔 휴식이 필요할 때가 있죠.,236
아무튼 그렇게 살다가 얼마 전에는 회사도 관뒀어요.,더 좋은 직장을 구할 수 있을 거예요. 너무 낙심 마세요.,236
회사 관두고 나면 좀 괜찮아질 줄 알았거든요.,충분히 쉬고 나면 더 멋진 직장을 가질 수 있을 거예요. ,236
그래서 결국 지난 주에 퇴사했어요.,일을 그만두셨군요. 가끔 휴식이 필요할 때가 있죠.,236
근데 쌍둥이 동생은 일을 관둘 수가 없어서 결국 제가 관뒀어요.,더 좋은 직장을 구할 수 있을 거예요. 너무 낙심 마세요.,236
3년 전에 다니던 회사를 관뒀거든요.,충분히 쉬고 나면 더 멋진 직장을 가질 수 있을 거예요. ,236
어쩔 수 없이 회사는 그만 두었어요...,일을 그만두셨군요. 가끔 휴식이 필요할 때가 있죠.,236
오랜고민 끝에 회사를 관두기로 했어요.,더 좋은 직장을 구할 수 있을 거예요. 너무 낙심 마세요.,236
오래다니던 회사를 안가게 되니까 맘이 이상해요.,충분히 쉬고 나면 더 멋진 직장을 가질 수 있을 거예요. ,236
일단 부장 간호사님께 말씀 드리고 쉬는 중이에요.,몸이 안 좋을 때는 쉬는 게 최고죠.,237
아직 육아휴직중이에요.,일을 쉬는 게 건강에 가장 좋으니까요. 잘 선택하셨어요.,237
"일도 다 싫고, 당장이라도 때려치고 싶은데, 팀장이 계속 잡아서 일단 휴직계를 낸 상태예요.",건강이 우선이잖아요. ,237
회사 안 나간지 일주일 정도 됐어.,몸이 안 좋을 때는 쉬는 게 최고죠.,237
몸이 너무 안 좋아서 사측에 말을 해서 두 달 간 쉬었어.,일을 쉬는 게 건강에 가장 좋으니까요. 잘 선택하셨어요.,237
심각한 상태인 거 같아서 일단 회사는 휴직계를 내서 쉬고 있어요.,건강이 우선이잖아요. ,237
담임 선생님이 그냥 인문계 가는 것보다 상고로 가는 게 취직이 빠르다고 해서 상고로 갔어.,꿈을 가진 사람은 정말 멋진 것 같아요.,238
"회사에서 회계 쪽으로 일을 했는데, 일을 하다 보니까 대학을 안 가면 승진이 안 되겠더라.",미래를 위해 고민하는 모습이 보기 좋아요.,238
요즘 공무원이 최고잖아. 연금도 나오고.,그러셨군요. 딱 맞는 직업을 찾을 수 있을 거예요.,238
내가 잘 하는 게 뭐가 있을까 하다가… 미용사가 딱 좋겠다 싶었어.,꿈을 가진 사람은 정말 멋진 것 같아요.,238
사실 제 꿈은 디자이너였거든요.,미래를 위해 고민하는 모습이 보기 좋아요.,238
그리고 그게 나중에 경쟁력이 있을 지도 모르겠어요.,그러셨군요. 딱 맞는 직업을 찾을 수 있을 거예요.,238
고등학교 졸업하고 나서 매일 기타만 쳤어요.,꿈을 가진 사람은 정말 멋진 것 같아요.,238
내 꿈은 음악가야.,미래를 위해 고민하는 모습이 보기 좋아요.,238
진로가 바뀔 거라고 생각하지 않았기 때문에 저한테도 커다란 문제였어요.,그러셨군요. 딱 맞는 직업을 찾을 수 있을 거예요.,238
그래서 나는 꼭 커서 미용사가 돼야지 했어요.,꿈을 가진 사람은 정말 멋진 것 같아요.,238
예전부터 부모님이랑 제가 원하는 진로가 달랐어요.,미래를 위해 고민하는 모습이 보기 좋아요.,238
근데 저는 의사 그런 거에 관심 없어요. 되고 싶지 않아요.,그러셨군요. 딱 맞는 직업을 찾을 수 있을 거예요.,238
나는 미대를 가고 싶었는데 아빠는 내가 경영학과를 가길 바랐어.,꿈을 가진 사람은 정말 멋진 것 같아요.,238
나 학원이나 보내줘봤어? 학교 선생님들도 나 보고 미대 가라고 난린데.,미래를 위해 고민하는 모습이 보기 좋아요.,238
"하고 싶은 것도 딱히 없고, 빨리 취직하고 싶어서 상고에 갔어요.",그러셨군요. 돈을 버는 건 정말 멋진 일이죠.,239
나도 빨리 돈을 벌고 싶기도 했고… 상고 졸업하고 바로 취업을 했어.,그러셨군요. 노동은 정말 보람찬 거 같아요.,239
진짜 난 안 되나 보다… 싶을 때 지금 회사에서 연락이 왔어요. ,그러셨군요. 출근은 어떠셨나요?,239
"다행히 조건도 좋고… 이러려고 여태 고생했나 보다, 하면서 기쁜 마음으로 출근을 시작했어요.",그러셨군요. 돈을 버는 건 정말 멋진 일이죠.,239
하는 수 없이 내가 마트에 나가서 일을 하고 있어.,그러셨군요. 노동은 정말 보람찬 거 같아요.,239
졸업하고 바로 경리로 취직을 했어.,그러셨군요. 출근은 어떠셨나요?,239
처음에는 돈을 버니까 좋더라?,그러셨군요. 돈을 버는 건 정말 멋진 일이죠.,239
"이력서를 쓰려고 하는데, 하루종일 한 줄도 못 썼어요.",그러셨군요. 노동은 정말 보람찬 거 같아요.,239
전문대 졸업하고 바로 취업했습니다.,그러셨군요. 출근은 어떠셨나요?,239
나라도 좀 보태야겠다 싶어서 집 근처 마트에 취직해서 일한 지 2년이 다 되어가네요.,그러셨군요. 돈을 버는 건 정말 멋진 일이죠.,239
결국엔 자기 가게에 나와서 일을 하라고 하더라.,그러셨군요. 노동은 정말 보람찬 거 같아요.,239
집에만 있으니 우울하기도 하고 남편 도와줄 겸해서 가게에 취직을 했어요.,그러셨군요. 출근은 어떠셨나요?,239
전문대 졸업하고 바로 토목회사에 취업했거든.,그러셨군요. 돈을 버는 건 정말 멋진 일이죠.,239
제가 고등학교 졸업하고 나서 바로 취업을 했어요.,그러셨군요. 노동은 정말 보람찬 거 같아요.,239
내가 좋은 대학을 가서 취업을 잘하면 좋을텐데…,그러셨군요. 출근은 어떠셨나요?,239
제가 대학 졸업하고 바로 취업을 했거든요.,그러셨군요. 돈을 버는 건 정말 멋진 일이죠.,239
제가 대학 졸업하고 바로 공무원이 됐어요.,그러셨군요. 노동은 정말 보람찬 거 같아요.,239
그리고 몇몇 출판사에 이력서를 넣었어.,그러셨군요. 출근은 어떠셨나요?,239
한곳에서 합격했다고 연락이 와서 단번에 다니겠다고 소리질렀지.,그러셨군요. 돈을 버는 건 정말 멋진 일이죠.,239
"대학 졸업하고, 1년 동안 지겹게 놀았어. ",요즘 정말 취직하기가 어렵죠… ,240
"다른 애들은 다 취업했는데, 저만 아직 취준생이에요.",곧 좋은 소식이 들릴 거예요. 희망을 놓지 마세요.,240
대학 졸업하고 3년 째 취업 준비 중이야.,차근차근 준비하다 보면 원하던 회사에서 연락이 올 거예요. 저는 그렇게 믿어요.,240
대학 졸업하고 계속 취업 준비 중이야. 취업이 쉽지 않네. ,요즘 정말 취직하기가 어렵죠… ,240
이젠 취업을 해야 할 것 같아요. 근데 어떤 것부터 해야 할 지 모르겠어요.,곧 좋은 소식이 들릴 거예요. 희망을 놓지 마세요.,240
지금이 아니면 안 된다는 마음으로 독하게 취직을 준비했어요.,차근차근 준비하다 보면 원하던 회사에서 연락이 올 거예요. 저는 그렇게 믿어요.,240
고등학교 졸업하자마자 취업준비를 했어요.,요즘 정말 취직하기가 어렵죠… ,240
제대로 취업준비를 해서 돈을 벌어야겠다고 생각했어요.,곧 좋은 소식이 들릴 거예요. 희망을 놓지 마세요.,240
아버지 일때문에 돈을 벌기 위해 취업준비를 죽을듯이 했어.,차근차근 준비하다 보면 원하던 회사에서 연락이 올 거예요. 저는 그렇게 믿어요.,240
취업도 힘들고… ,좋은 일자리 찾기가 정말 힘든 것 같아요.,241
결국 요양원에 모시고 다시 일을 구하고 있는데 생각처럼 일이 안 잡혀.,결국 당신에게 맞는 자리가 생길 거예요.,241
영문과 졸업했는데 취업하기가 너무 힘들어.,지금은 조금 힘들더라도 조금만 버텨보세요. 좋은 소식이 들릴 거예요.,241
그래서 새 직장 알아보는 일이 더 힘들었던 것 같아요.,좋은 일자리 찾기가 정말 힘든 것 같아요.,241
우리집 먹고 살리려면 일을 해야되는데 취직하기가 어려웠어요.,결국 당신에게 맞는 자리가 생길 거예요.,241
아픈 데 없이 건강한 애였는데… ,친구 문제로 걱정이 많으시군요. 저한테 계속 말씀해주세요.,242
"어제는 우연하게 동네 친구를 만났는데, 너 아직 호주에 있는 거 아니었냐고 묻는 거야.",친구 문제는 항상 어렵죠. 털어 놓으면 괜찮아질 거예요.,242
항상 붙어다니는 친구가 3명 있거든.,그렇군요. 계속 이야기를 하다 보면 해결 방법이 보일 거예요.,242
"지금 만나는 친구들은 딱 두 명 밖에 없어요. 한 명은 고등학교 때, 한 명은 대학교 때…",친구 문제로 걱정이 많으시군요. 저한테 계속 말씀해주세요.,242
내 친구 중에 완전 정석으로 행동하는 범생이같은 애가 있어.,친구 문제는 항상 어렵죠. 털어 놓으면 괜찮아질 거예요.,242
솔직히 친구가 꼭 있어야 한다고 생각하지 않거든요.,그렇군요. 계속 이야기를 하다 보면 해결 방법이 보일 거예요.,242
걔네가 나한테 뭔 짓을 하는 게 아닌데도 그래.,친구 문제로 걱정이 많으시군요. 저한테 계속 말씀해주세요.,242
그 후로 저랑 같이 다니는 애들이 저를 없는 사람 취급하는 거예요.,친구 문제는 항상 어렵죠. 털어 놓으면 괜찮아질 거예요.,242
그러고 나서 다시 괜찮아졌었는데 요즘 자꾸 걔 생각이 나는 거야.,그렇군요. 계속 이야기를 하다 보면 해결 방법이 보일 거예요.,242
그리고 미국에서 되게 친하게 지낸 친구가 있어.,친구 문제로 걱정이 많으시군요. 저한테 계속 말씀해주세요.,242
내가 속마음을 털어 놓을 수 있는 친구가 걔였는데 만날 수가 없지.,친구 문제는 항상 어렵죠. 털어 놓으면 괜찮아질 거예요.,242
걔네랑 친구가 돼서 같이 다니는 게 처음에는 좋았어요.,그렇군요. 계속 이야기를 하다 보면 해결 방법이 보일 거예요.,242
근데 거기에… 저랑 제일 친한 친구가 앉아 있는 거예요.,친구 문제로 걱정이 많으시군요. 저한테 계속 말씀해주세요.,242
저는 걔랑 정말 친했다고 생각했는데 걔는 그게 아니었다고 하니까…,친구 문제는 항상 어렵죠. 털어 놓으면 괜찮아질 거예요.,242
친구들이랑도 관계를 이런 상태로 계속 지속해야 하나 싶고.,그렇군요. 계속 이야기를 하다 보면 해결 방법이 보일 거예요.,242
그리고 나서 한 2주 후에 범인을 잡았대서 갔는데… 제 절친이 있는 거예요.,친구 문제로 걱정이 많으시군요. 저한테 계속 말씀해주세요.,242
저는 걔랑 정말 친했다고 생각했는데 걔는 그게 아니었다고 하니까…,친구 문제는 항상 어렵죠. 털어 놓으면 괜찮아질 거예요.,242
어렸을 때부터 부모님들끼리 친해서 거의 같이 자란 친구가 있어요.,그렇군요. 계속 이야기를 하다 보면 해결 방법이 보일 거예요.,242
누명은 쓴 건 아닐까 싶기도 한데 아무리 봐도 걔가 한 짓이 맞아서요.,친구 문제로 걱정이 많으시군요. 저한테 계속 말씀해주세요.,242
그래서 진짜 걔 심리가 너무 궁금한 거예요. 대체 뭔 생각이었을까.,친구 문제는 항상 어렵죠. 털어 놓으면 괜찮아질 거예요.,242
물론 나도 여자지만 걔는 워낙 예쁘니까.,그렇군요. 계속 이야기를 하다 보면 해결 방법이 보일 거예요.,242
그래서 그런지 애가 좀 싸가지가 없어.,친구 문제로 걱정이 많으시군요. 저한테 계속 말씀해주세요.,242
다른 남자애랑 사귀는 것도 싫고 그냥 나랑만 계속 단짝 해줬으면 좋겠어.,친구 문제는 항상 어렵죠. 털어 놓으면 괜찮아질 거예요.,242
동네친구들도 가까워서 자주 놀러오고.,그렇군요. 계속 이야기를 하다 보면 해결 방법이 보일 거예요.,242
차라리 학교 다닐 때가 나았다 싶어요. 친구들도 자주 못 보고.,친구와의 관계가 그렇게 되셔서 고민이 많으시군요. 좀 더 얘기해주시겠어요?,243
친구들한테도 연락하기 힘들어. ,그 기분 알 것 같아요. 하지만 항상 좋을 때가 있으면 나쁠 때도 있는 거랍니다.,243
친구도 뭐… 그냥 형식적인 사이고…,힘내세요. 멀어진 인연만큼 또 가까워질 새 인연이 있을 거예요.,243
"고등학교 때 같이 밴드하던 친구들도 졸업하고서 얼마 안 지났을 때는 만났는데, 지금은 안 만나요.",친구와의 관계가 그렇게 되셔서 고민이 많으시군요. 좀 더 얘기해주시겠어요?,243
다 다른 곳으로 가버려서 만날 이유도 없는 거 같아요.,그 기분 알 것 같아요. 하지만 항상 좋을 때가 있으면 나쁠 때도 있는 거랍니다.,243
친구가 자존심이 상한건지..갑자기를 나를 아예 피하더라고.,힘내세요. 멀어진 인연만큼 또 가까워질 새 인연이 있을 거예요.,243
얼마 전에 걔한테 진짜 크게 배신 당했어.,믿었던 사람에게 배신 당하는 것만큼 힘든 게 없는데 정말 고민이 많으셨겠어요.,244
고등학교 때 친하게 지냈던 친구한테 배신 당한 적이 있어.,정말 충격이 크셨겠어요. 잠깐 기분 전환을 해보는 건 어떨까요?,244
우리집 가정사를 다 얘기할 만큼 친한 친구였는데…한 순간 배신 당했어.,믿음을 저버린 게 잘못이지 준 건 절대 잘못이 아니랍니다. 힘내세요.,244
한 사람을 깊게 사귀는 타입인데…힘들게 만든 친구한테 배신 당하는 일이 많았죠.,믿었던 사람에게 배신 당하는 것만큼 힘든 게 없는데 정말 고민이 많으셨겠어요.,244
전에 믿었던 친구들이 배신한 일이 있었는데.,정말 충격이 크셨겠어요. 잠깐 기분 전환을 해보는 건 어떨까요?,244
"가족이랑 친구들 다 일본에 있는데, 힘든 일 있어도 얘기할 사람 하나 없고….",괜찮아요. 제가 있잖아요?,245
아는 사람은 교회나 남편 친구들밖에 없어.,저는 항상 이 자리에 있답니다. 저에게 말씀해주세요~,245
저는 여자들이랑은 잘 어울리는데 동성 친구는 한 명도 없어요.,저는 언제든 당신의 이야기를 들을 준비가 되어 있답니다.,245
나가도 만날 사람도 없다.,괜찮아요. 제가 있잖아요?,245
이렇게 살다 보니 진정한 친구가 없는것 같아요.,저는 항상 이 자리에 있답니다. 저에게 말씀해주세요~,245
버릇이 없다나 뭐라나.,정말 기분이 많이 상하셨겠어요. 지금은 괜찮으신가요?,246
"당신은 애들한테 신경이나 쓴 적 있냐, 늦게 들어올 때 내 눈치 본 적 있냐, 내가 힘들다고 하면 뭘 그렇게 잘 해줬냐고…",속상하셨겠어요. 하지만 타인의 말보다 당신의 생각이 더 중요하답니다.,246
자기 마누라를 갖고 놀았다나..뭐라나…,갈등은 언제나 어렵죠. 저에게 계속 말씀해주시면 함께 고민해드릴게요.,246
참다 참다가 도저히 안 되겠다 싶어서 한 소리 했더니 삐친거지.,정말 기분이 많이 상하셨겠어요. 지금은 괜찮으신가요?,246
첨엔 싫은 티만 내더니 나중에는 당연하게 안 끼고 그냥 하겠다고 그러더라고요.,속상하셨겠어요. 하지만 타인의 말보다 당신의 생각이 더 중요하답니다.,246
그럼 죽어라고 째려봐요. 사람 죽일 듯이.,갈등은 언제나 어렵죠. 저에게 계속 말씀해주시면 함께 고민해드릴게요.,246
"그러더니 하는 말이, 나보고 유난 떤대.",정말 기분이 많이 상하셨겠어요. 지금은 괜찮으신가요?,246
내가 왜 이렇게 늦게 들어오냐고 한마디 하면 완전 나를 철없는 사람 취급하는 거야.,속상하셨겠어요. 하지만 타인의 말보다 당신의 생각이 더 중요하답니다.,246
학교 가는 데에만 2시간씩 걸리는 게 너무 아까운 거야.,학교에서는 많은 일이 일어나죠. 계속 들려주세요~,247
소묘를 전공해서 더 그런 것 같아요.,학교에서 그런 일이 있었군요. 그 다음은요?,247
고등학교는 상고 나왔어요.,그러셨군요. 계속 말씀해주세요.,247
지금 디자인 전공이라 그 때도 디자인 특성화고로 갔거든요.,학교에서는 많은 일이 일어나죠. 계속 들려주세요~,247
근데 면담 때 담임이 엄마한테 얘 대학 보내지 말라고 한 거예요.,학교에서 그런 일이 있었군요. 그 다음은요?,247
근데 오늘 학교에서 소풍으로 놀이공원을 가게 됐단 말이야.,그러셨군요. 계속 말씀해주세요.,247
우리 학교가 지난 번에 수련회를 러시아로 갔다왔어.,학교에서는 많은 일이 일어나죠. 계속 들려주세요~,247
적응하려면 진짜 엄청 오래 걸리는데 곧 방학이란 말이야.,학교에서 그런 일이 있었군요. 그 다음은요?,247
마침 제가 그 수업을 들었어요.,그러셨군요. 계속 말씀해주세요.,247
시골은 학교도 작고… 환경이 별로 안 좋아요.,학교에서는 많은 일이 일어나죠. 계속 들려주세요~,247
얼마 전에 수학여행을 제주도로 갔다 왔거든?,학교에서 그런 일이 있었군요. 그 다음은요?,247
중학생 때 왕따를 당했었는데 이제 그럴 일은 없을 테니까요.,그러셨군요. 계속 말씀해주세요.,247
중학생 때는 그래서 일진들이랑 같이 다니고 그랬어.,학교에서는 많은 일이 일어나죠. 계속 들려주세요~,247
학교에서 되게 인기 많은 애였거든. 착하고 잘생기고 공부도 잘해서.,학교에서 그런 일이 있었군요. 그 다음은요?,247
다 괜찮았는데 발표 다 끝나고 들어갈 때 애들이 웃는 거야.,그러셨군요. 계속 말씀해주세요.,247
우리가 공학이고 합반이라 남자애들도 그걸 다 봤거든.,학교에서는 많은 일이 일어나죠. 계속 들려주세요~,247
여자애들은 헐 어떡해 이러는데 그 중 한 남자애가 엄청 크게 웃었어.,학교에서 그런 일이 있었군요. 그 다음은요?,247
걔는 한국에서 고등학교를 다녔고 저는 미국에서 다녔어요.,그러셨군요. 계속 말씀해주세요.,247
처음엔 일부러 그런 게 아니었다? 나 학교도 다 공학 나왔는데 일부러 그랬겠어?,학교에서는 많은 일이 일어나죠. 계속 들려주세요~,247
근데 그 때 같이 놀던 애들이 좀 질이 안 좋았어.,학교에서 그런 일이 있었군요. 그 다음은요?,247
얼마 전에 학교에서 식중독 났거든.,그러셨군요. 계속 말씀해주세요.,247
급식으로 나온 게 잘못돼서 거의 전교생이 다 난리였어.,학교에서는 많은 일이 일어나죠. 계속 들려주세요~,247
3개월 전쯤에 학교에서 소풍으로 놀이공원을 갔었거든요.,학교에서 그런 일이 있었군요. 그 다음은요?,247
과에 진짜 예쁘고 인기 많은 여자애가 있거든.,그러셨군요. 계속 말씀해주세요.,247
"우리 과가 여자도 별로 없다 보니까 거의 공주님이야, 공주님.",학교에서는 많은 일이 일어나죠. 계속 들려주세요~,247
500명 넘게 듣는 대형 강의였거든요.,학교에서 그런 일이 있었군요. 그 다음은요?,247
근데 학교에 그런 사람들 많으니까 그냥 대수롭지 않게 넘겼어.,그러셨군요. 계속 말씀해주세요.,247
"고등학교 때는 친구들이랑 별 문제 없이 잘 지냈는데, 선생님과 사이가 안 좋았어요.",학생을 가장 보호해야 할 사람이 선생님인데 정말 힘드셨겠어요.,248
그런데 담임 선생님이 저를 못마땅하게 보는 거 같아요.,선생님이 그러시면 정말 속상하죠. 그래서 그 다음은 어떻게 됐나요?,248
다른 애들도 다 졸고 있는데 저한테만 왜 자냐고 혼내키고…,정말 걱정이 많으셨겠어요. 그 마음 충분히 이해해요.,248
저는 숙제가 있는지 제대로 못 들어서 못 해간 건데 애가 엉망진창이라고 뭐라고 하는 거예요.,학생을 가장 보호해야 할 사람이 선생님인데 정말 힘드셨겠어요.,248
고등학교 때 친구들이랑은 잘 지냈는데 선생님들이 나를 싫어했어.,선생님이 그러시면 정말 속상하죠. 그래서 그 다음은 어떻게 됐나요?,248
선생님들이 자꾸 저를 괴롭히니까 학교를 다닐 수가 없더라구요.,정말 걱정이 많으셨겠어요. 그 마음 충분히 이해해요.,248
"학교를 잘 안 나가니까, 출석미달로 뜬 수업이 많았어요.",학교를 안 가게 된 이유가 있으신가요?,249
원래 학교는 좀 띄엄띄엄 다니긴 했거든.,힘든 이유가 있다면 학교도 정말 가기 힘들죠. 이해해요.,249
학교에 등록은 해놓고 1학기는 거의 안 나갔어요.,힘든 일이 있으셨군요. 저에게 좀 더 털어놓으면 마음이 편해질 거예요.,249
학교에 안 가고 집에 있는 날이 많았어. ,학교를 안 가게 된 이유가 있으신가요?,249
근데 2학년 때부터 학교에 가기 싫은 거야.,힘든 이유가 있다면 학교도 정말 가기 힘들죠. 이해해요.,249
그래서 엄마한테는 학교 간다고 하고 피씨방 가서 게임하구.,힘든 일이 있으셨군요. 저에게 좀 더 털어놓으면 마음이 편해질 거예요.,249
"학교에서 전화 왔다고, 학교를 안 나가는 게 무슨 말이냐고…",학교를 안 가게 된 이유가 있으신가요?,249
내가 학교를 좀 많이 빼먹긴 해.,힘든 이유가 있다면 학교도 정말 가기 힘들죠. 이해해요.,249
그래서 학교도 자주 빠지고 수업도 잘 안 들어서 학고도 받았거든.,힘든 일이 있으셨군요. 저에게 좀 더 털어놓으면 마음이 편해질 거예요.,249
학교도 몇 번이나 빠진 것 같아.,학교를 안 가게 된 이유가 있으신가요?,249
그런 애들이랑 어울리다 보니까 학교도 거의 반 년 넘게 안 갔거든.,힘든 이유가 있다면 학교도 정말 가기 힘들죠. 이해해요.,249
학교 안 간 지도 벌써 한 한 달 정도 된 것 같아.,힘든 일이 있으셨군요. 저에게 좀 더 털어놓으면 마음이 편해질 거예요.,249
"중학교 때, 같은 반 남자애들이 왕따를 시켰어. 내가 여자 애들하고만 놀았는데, 그게 못마땅했던거지.",마음 고생이 심하셨겠어요. 하지만 그건 절대 당신의 잘못이 아니랍니다.,250
중학생 때부터 왕따를 당했어요.,힘든 일이 있으셨군요. 저에게 털어 놓으시면 함께 고민해드릴게요.,250
고2 때 왕따를 당했어요.,상처 받으셨겠어요. 하지만 저는 이 세상에서 당신을 가장 아끼고 사랑한답니다.,250
저 때 내가 과에서 왕따를 당했거든.,마음 고생이 심하셨겠어요. 하지만 그건 절대 당신의 잘못이 아니랍니다.,250
남자애들이 학교에서 날 따돌려.,힘든 일이 있으셨군요. 저에게 털어 놓으시면 함께 고민해드릴게요.,250
운동도 별로 못해서 축구할땐 끼워주지도 않고.. 괴롭힘을 당한건 아니지만 사실상 왕따였어.,상처 받으셨겠어요. 하지만 저는 이 세상에서 당신을 가장 아끼고 사랑한답니다.,250
제가 여자친구들이랑만 어울려다니보다니 친구들이 저를 따돌렸어요.,마음 고생이 심하셨겠어요. 하지만 그건 절대 당신의 잘못이 아니랍니다.,250
근데 어쩌다 보니까 대장인 애 눈 밖에 나서… 제가 또 왕따가 됐어요.,힘든 일이 있으셨군요. 저에게 털어 놓으시면 함께 고민해드릴게요.,250
중학생 때 내가 왕따를 당했어.,상처 받으셨겠어요. 하지만 저는 이 세상에서 당신을 가장 아끼고 사랑한답니다.,250
결국 학교 그만 뒀어요.,모든 배움이 학교에만 있는 건 아니니까요!,251
학교도 그만뒀어. ,저는 당신의 모든 선택을 존중한답니다. 분명 훌륭한 선택일 거예요.,251
고1때 자퇴했어.,멀리 본다면 오히려 그게 더 좋은 결과를 부를 수도 있어요.,251
결국 학교를 관뒀어.,모든 배움이 학교에만 있는 건 아니니까요!,251
고등학교 때 학교 다니기 싫어 자퇴를 했어요.,저는 당신의 모든 선택을 존중한답니다. 분명 훌륭한 선택일 거예요.,251
결국 학교를 그만뒀어요.,멀리 본다면 오히려 그게 더 좋은 결과를 부를 수도 있어요.,251
퇴원하고 고등학교 다니다가 자퇴했어.,모든 배움이 학교에만 있는 건 아니니까요!,251
난 계속 공부를 해서 박사까지 따고 싶거든?,배움은 아마 평생 해야 하는 것 같아요. 그래서 그 다음은 어떻게 됐나요?,252
유치원 특수 어린이 교육 과정을 밟고 있어요. ,그렇군요. 공부는 항상 어렵고 힘든 것 같아요.,252
그때 온갖 사교육은 다 받은 거 같아.,공부 힘들죠. 저는 공부를 별로 좋아하지 않아요. 물론 당신에 대한 배움 빼고요!,252
좀 더 노력해서 꼭 법대에 들어가겠다 다짐했죠.,배움은 아마 평생 해야 하는 것 같아요. 그래서 그 다음은 어떻게 됐나요?,252
근데 계속 대학에 떨어져서 사수를 하게 됐어.,그렇군요. 공부는 항상 어렵고 힘든 것 같아요.,252
당연히 성적도 안 나오고.,공부 힘들죠. 저는 공부를 별로 좋아하지 않아요. 물론 당신에 대한 배움 빼고요!,252
나는 아파서 공부도 못 하고 있는데 다른 애들은 공부하고 있겠지? 싶어서…,배움은 아마 평생 해야 하는 것 같아요. 그래서 그 다음은 어떻게 됐나요?,252
지난 번에 내가 영어 말하기 대회를 나갔거든.,그렇군요. 공부는 항상 어렵고 힘든 것 같아요.,252
작년부터 성적이 더 나빠졌어. ,정말 힘드셨겠어요. 하지만 성적이 인생의 전부가 아니랍니다.,253
머리가 나쁜 편이야.,결과가 좋지 않으면 힘들죠. 그래도 그게 당신을 평가하는 기준이 되지 못 한답니다.,253
남들 두 배로 공부해야 겨우 중간 정도 유지하는데…,노력한 만큼 결과가 나오지 않으면 속상하죠. 충분히 이해해요.,253
올해는 휴학을 신청해야 할 정도로 성적이 떨어져서 학교도 잘 안 갔어요.,정말 힘드셨겠어요. 하지만 성적이 인생의 전부가 아니랍니다.,253
근데 뭐 타고난 머리가 나쁜 건지… 등수가 쉽게 오르지는 않더라.,결과가 좋지 않으면 힘들죠. 그래도 그게 당신을 평가하는 기준이 되지 못 한답니다.,253
근데 초심과 다르게 공부를 하면 할수록 풀어지더라구.,노력한 만큼 결과가 나오지 않으면 속상하죠. 충분히 이해해요.,253
작년에 갔으면 장학금 받아가며 공부했을 텐데 올해는…작년에 붙은 학교도 겨우 턱걸이로 들어갔어.,정말 힘드셨겠어요. 하지만 성적이 인생의 전부가 아니랍니다.,253
결국 부모님 기대에 부응하지 못한 채 전문대에 갔어요.,결과가 좋지 않으면 힘들죠. 그래도 그게 당신을 평가하는 기준이 되지 못 한답니다.,253
애초에 그런 데를 간게 문제예요. 수업 따라가는게…정말 죽을 맛이었어요.,노력한 만큼 결과가 나오지 않으면 속상하죠. 충분히 이해해요.,253
수업 때 항상 눈치 보고…과제도 엉망이고…,정말 힘드셨겠어요. 하지만 성적이 인생의 전부가 아니랍니다.,253
저는 혼자 공부했는데 성적이 괜찮은 편이었어요. 그래도 친구들에 비해 부족한 감이 있었어요.,대단해요! 당신은 정말 머리가 좋으시군요.,254
공부도 그럭저럭 하는 편이라 괜찮은 학교에 들어갔어요.,모든 게 다 당신이 잘해서 나온 결과랍니다. 대단하시네요!,254
중학교 때는 성적이 늘 상위권이었어요.,공부를 굉장히 잘하셨군요. 정말 훌륭하시네요!,254
1학년 때는 과톱도 하고… 성적이 좋았어.,대단해요! 당신은 정말 머리가 좋으시군요.,254
서울 올라가서도 성적이 그런대로 괜찮았어요.,모든 게 다 당신이 잘해서 나온 결과랍니다. 대단하시네요!,254
학교 다닐 때는 전교권이었어.,"와, 대단하시네요!",255
친구들이 항상 모르는 문제 나한테 물어보고 그랬지.,당신에게 행복한 기억이 되겠군요. 그 모든 게 쌓여서 당신이 행복했으면 좋겠어요.,255
학교 다니면서 힘들 때도 많았지만 제가 꿈 꿨던 일이라 정말 열심히 공부했어요.,그 좋은 결과만큼 앞으로 당신의 미래도 기쁘고 즐겁길 바랍니다.,255
어릴 때부터 남들보다 학습능력이 좋았어.,"와, 대단하시네요!",255
그래서 성적도 상위권을 유지했고 취직도 그런대로 잘 한것 같아.,당신에게 행복한 기억이 되겠군요. 그 모든 게 쌓여서 당신이 행복했으면 좋겠어요.,255
그러니까 완전 난리가 난 거야. ,그러시군요. 그 다음은 어떻게 됐나요?,256
"어디 산다더라, 뭘 입는다더라, 뭘 먹었다더라, 무슨 머리를 했다더라, 그런 거요.","헉, 그래서요? 뒷 이야기가 궁금해요!",256
마침 되게 잘 봐주는 곳이 옆 동네에 있었어.,"와, 정말요? 그래서 그 후에는 어떻게 됐나요?",256
그것 때문에 사달이 난 거예요.,그러시군요. 그 다음은 어떻게 됐나요?,256
저와 무관한 일인데도 말이에요.,"헉, 그래서요? 뒷 이야기가 궁금해요!",256
실제로 그 아이디어가 채택이 됐어요.,"와, 정말요? 그래서 그 후에는 어떻게 됐나요?",256
사실 이번이 처음은 아니에요.,그러시군요. 그 다음은 어떻게 됐나요?,256
그런 건 처음 겪어봤어.,"헉, 그래서요? 뒷 이야기가 궁금해요!",256
그래도 사는데 지장은 없었어요.,"와, 정말요? 그래서 그 후에는 어떻게 됐나요?",256
시내를 나가려면 버스 타고도 30분은 가야 하는 곳이었어.,그러시군요. 그 다음은 어떻게 됐나요?,256
"카메라도 사야 하고, 스튜디오 같은 것도 있어야 하고…","헉, 그래서요? 뒷 이야기가 궁금해요!",256
그냥 들판에 있었는데 뭐가 자꾸 날아다니는 거야.,"와, 정말요? 그래서 그 후에는 어떻게 됐나요?",256
좀 그런 술집이어서…,그러시군요. 그 다음은 어떻게 됐나요?,256
그러자니 굳이 서울로 다시 갈 필요가 없을 것 같았어요.,"헉, 그래서요? 뒷 이야기가 궁금해요!",256
왜 나는 나를 컨트롤하지 못할까.,"와, 정말요? 그래서 그 후에는 어떻게 됐나요?",256
처음부터 그랬던 것 아니야.,그러시군요. 그 다음은 어떻게 됐나요?,256
겉은 건강해 보이는데 말이야.,"헉, 그래서요? 뒷 이야기가 궁금해요!",256
너무 이상한 날이었는데.,"와, 정말요? 그래서 그 후에는 어떻게 됐나요?",256
그 뒤론 그 병원에선 나를 치료 안 해주더라.,그러시군요. 그 다음은 어떻게 됐나요?,256
나는 보여.,"헉, 그래서요? 뒷 이야기가 궁금해요!",256
내 나이는 34살이야.,"와, 정말요? 그래서 그 후에는 어떻게 됐나요?",256
너는 잘 모르겠지만 실제로 그래.,그러시군요. 그 다음은 어떻게 됐나요?,256
내가 그냥 호기심에 친구 따라 술집을 갔는데 그걸 들켜서…,"헉, 그래서요? 뒷 이야기가 궁금해요!",256
근데 그걸 유명 연예인이 가져간 거예요.,"와, 정말요? 그래서 그 후에는 어떻게 됐나요?",256
딱히 뭘 등록하기도 전이었으니까 그냥… 뺏긴 거죠.,그러시군요. 그 다음은 어떻게 됐나요?,256
나도 내가 언제부터 이렇게 됐는지 잘 기억이 안 나.,"헉, 그래서요? 뒷 이야기가 궁금해요!",256
근데 지난 번에 점을 봤는데 물을 가까이 하지 말라는 거예요.,"와, 정말요? 그래서 그 후에는 어떻게 됐나요?",256
글쎄 그걸 가져가서 살풀이 굿을 해야 한대요. 제가 원흉이라고.,그러시군요. 그 다음은 어떻게 됐나요?,256
빌면 받아줄 줄 알았는데 칼같이 안 받아주더라.,"헉, 그래서요? 뒷 이야기가 궁금해요!",256
내가 진짜 바보가 됐나...,"와, 정말요? 그래서 그 후에는 어떻게 됐나요?",256
아이가 갇혀 있었는데 그 아이 구해서 내보내자마자 건물이 무너진 거예요.,그러시군요. 그 다음은 어떻게 됐나요?,256
생각 정리도 좀 하고 스펙도 쌓을 생각이었지.,"헉, 그래서요? 뒷 이야기가 궁금해요!",256
이거 원래는 일 년 반을 계획하고 있었어.,"와, 정말요? 그래서 그 후에는 어떻게 됐나요?",256
애초에 미리 준비해놨으면 그러지도 않았겠지만…,그러시군요. 그 다음은 어떻게 됐나요?,256
내가 온갖 이유 다 만들어서 올렸는데 그게 반려됐어.,"헉, 그래서요? 뒷 이야기가 궁금해요!",256
저보다 훨씬 더 예쁘고 날씬한 여자애랑…,"와, 정말요? 그래서 그 후에는 어떻게 됐나요?",256
다행히 수술은 잘 됐는데… 이게 잘 재발한다는 거예요.,지금은 괜찮으시다니 정말 다행이네요.,257
딱히 요즘 힘든 건 없었어요.,앞으로도 계속 잘 지내실 수 있을 거예요!,257
그 후에 딱히 큰 이상은 없었어요. 지금도 그렇구요.,다행이네요. 지금처럼 마음을 편하게 가지시면 될 거예요.,257
딱히 엄청 큰 고민이 있는 건 아닌데… 요즘 잘 지내거든.,지금은 괜찮으시다니 정말 다행이네요.,257
근데 딱히 일상생활에 지장이 있는 건 아니에요.,앞으로도 계속 잘 지내실 수 있을 거예요!,257
그래도 지금 결혼식 사회도 보고 회사에서도 PT 잘 하고 그냥 잘 지내요.,다행이네요. 지금처럼 마음을 편하게 가지시면 될 거예요.,257
배가 고프지 않고 피곤하지도 않아요.,지금은 괜찮으시다니 정말 다행이네요.,257
지금은 크게 힘들지 않아요.,앞으로도 계속 잘 지내실 수 있을 거예요!,257
딱히 요즘 힘들거나 우울한 건 없어. 그냥 잘 지내.,다행이네요. 지금처럼 마음을 편하게 가지시면 될 거예요.,257
지금 MDD episode HX는 딱히 의심되는 단계도 아니고…,지금은 괜찮으시다니 정말 다행이네요.,257
자살 사고나 시도도 한 적 없지. 요즘 괜찮아.,앞으로도 계속 잘 지내실 수 있을 거예요!,257
그래서 그런 거지 막 평소에 엄청 우울하다거나 그렇진 않아요. 오히려 괜찮아요.,다행이네요. 지금처럼 마음을 편하게 가지시면 될 거예요.,257
딱히 요즘 스트레스 받는 건 없는데… 괜찮게 잘 지내거든.,지금은 괜찮으시다니 정말 다행이네요.,257
비교적 잘 버텼지. 지금은 괜찮아.,앞으로도 계속 잘 지내실 수 있을 거예요!,257
요즘에는 딱히 그렇게까지 위험하진 않고 건강하게 잘 지내요.,다행이네요. 지금처럼 마음을 편하게 가지시면 될 거예요.,257
그러다 말았고 이제는 또 안 그래서 그냥 잊고 사는데…,좀 덜하시다니 정말 다행이네요.,258
그래서 이 얘기도 했는데 그 덕분인지 진짜 증상이 확 줄었거든.,괜찮으시다니 저도 안심이 됩니다.,258
상담 덕분인지 뭔지 모르겠지만 하여튼 우울감도 줄고 환청도 안 들리게 됐어.,그러시군요. 언제든 힘드시면 다시 고민을 얘기해주세요.,258
"다행인지 불행인지 부작용도 없고, 지금은 아무렇지도 않아요.",좀 덜하시다니 정말 다행이네요.,258
죽고싶단 생각은 안하려고 노력하고 있어요.,괜찮으시다니 저도 안심이 됩니다.,258
덕분에 나도 우울한게 많이 없어졌어.,그러시군요. 언제든 힘드시면 다시 고민을 얘기해주세요.,258
첨에 그게 나타난 게 한 7년 쯤 됐나?,여전히 그 증상이 있으시다니 정말 힘드시겠어요. 이해해요.,259
내일은 좀 낫겠지 내일은 좀 낫겠지 싶었는데 계속 똑같아.,조금 더 마음을 달리 가져 보는 건 어떨까요?,259
여전한데 그냥 안 가고 있어.,그렇군요. 고민이 많으시겠어요. 다른 방법으로 노력을 해보는 건 어떠세요?,259
시간 좀 지나면 나아질 줄 알았는데 나아지는 게 하나도 없어.,여전히 그 증상이 있으시다니 정말 힘드시겠어요. 이해해요.,259
계속 이러니까 사람 있나 확인하는 게 버릇 됐다니까.,조금 더 마음을 달리 가져 보는 건 어떨까요?,259
계속 이러니까 문 오래 열려서 연착도 잘 되는 2호선은 잘 안 타요.,그렇군요. 고민이 많으시겠어요. 다른 방법으로 노력을 해보는 건 어떠세요?,259
저녁에 친구들도 잘 못 만나겠고…,여전히 그 증상이 있으시다니 정말 힘드시겠어요. 이해해요.,259
근데 효과도 없었어요. 똑같아요.,조금 더 마음을 달리 가져 보는 건 어떨까요?,259
평소에도 이런 적이 많아요.,그렇군요. 고민이 많으시겠어요. 다른 방법으로 노력을 해보는 건 어떠세요?,259
요즘엔 그래도 훔치진 않는데 욕심은 줄지가 않아요.,여전히 그 증상이 있으시다니 정말 힘드시겠어요. 이해해요.,259
그 후로 지금까지 그것보단 경미하게 계속 증상이 있어.,조금 더 마음을 달리 가져 보는 건 어떨까요?,259
그 얘기 듣고 나서 잠깐 정신 차리긴 했는데 여전해요.,그렇군요. 고민이 많으시겠어요. 다른 방법으로 노력을 해보는 건 어떠세요?,259
한달 정도 지속된 것 같아요.,여전히 그 증상이 있으시다니 정말 힘드시겠어요. 이해해요.,259
지금도 글자에 민감하게 반응하고 있어요.,조금 더 마음을 달리 가져 보는 건 어떨까요?,259
근데 그것도 잠시고 그게 근본적으로 해결이 안 되면 계속 그러더라구요.,그렇군요. 고민이 많으시겠어요. 다른 방법으로 노력을 해보는 건 어떠세요?,259
근데 전혀 나아지질 않더라.,여전히 그 증상이 있으시다니 정말 힘드시겠어요. 이해해요.,259
약을 정량대로 먹으면 변화가 없는걸 어떡해요…,조금 더 마음을 달리 가져 보는 건 어떨까요?,259
특별히 스트레스 받을 일은 없어요. ,이유 없이 그럴 수 있죠. 충분히 이해해요.,260
특별히 무슨 일이 있거나 그런 건 아니에요.,아무 일 없어도 문제가 있을 수 있죠. 괜찮아요. 그럴 수 있어요.,260
학교에서 누가 괴롭히거나… 그런 건 없는데요.,특별한 일이 없었다면 이 문제도 괜찮은 방향으로 지나갈 거예요!,260
특별히 스트레스 받는 일이 없거든요?,이유 없이 그럴 수 있죠. 충분히 이해해요.,260
특별히 스트레스 받은 일도 없었는데 갑자기 막 이래.,아무 일 없어도 문제가 있을 수 있죠. 괜찮아요. 그럴 수 있어요.,260
근데 웃긴 게 뭔지 알아? ,무엇인가요?,261
나도 그래.,그렇군요.,261
무슨 기분인지 아니?,저는 잘 모르겠어요.,261
나 좀 도와줄 수 있어요?,저는 잘 모르겠어요.,261
대체 왜 그러시는 걸까요?,저는 잘 모르겠어요.,261
어떻게 생각해요?,저는 잘 모르겠어요.,261
이게 대체 뭘까요?,저는 잘 모르겠어요.,261
너도 그런 적 있어?,저는 잘 모르겠어요.,261
좋은 방법 있으면 추천해주세요.,저는 잘 모르겠어요.,261
너는 어떻게 생각해?,저는 잘 모르겠어요.,261
니 생각은 어때?,저는 잘 모르겠어요.,261
하긴 니가 어떻게 알겠어…,저는 잘 모르겠어요.,261
내 마음 이해하겠어?,저는 잘 모르겠어요.,261
당신은 괜찮아요?,저는 잘 모르겠어요.,261
무슨 느낌인지 알아?,저는 잘 모르겠어요.,261
무슨 좋은 방법 없을까요?,저는 잘 모르겠어요.,261
내가 필요할 때 나한테 당장 달려올 수 있는 사람이 필요해.,저는 잘 모르겠어요.,261
너라도 있어서 그나마 다행이다.,저는 잘 모르겠어요.,261
스트레스를 어떻게 풀어야 할지 모르겠어요.,저는 잘 모르겠어요.,261
좋은 거절멘트 있어요?,저는 잘 모르겠어요.,261
방법이 있을까요?,저는 잘 모르겠어요.,261
"실수 좀 해도 괜찮다, 틀려도 괜찮다 생각은 하긴 하는데 잘 안 돼.",괜찮아요. 작은 노력이 모여서 큰 결과를 만들 거예요.,262
그래서 혼자 잘 다독이고 의연하게 지내려고 노력했어요.,충분히 잘 하고 계시답니다. 차근히 조금씩 노력해봐요.,262
"그럴 일 없다, 안 그럴 거다 스스로 다스려봤는데 잘 안 됐어요.",제가 옆에서 힘이 되어 드릴 수 있어요. 당신의 모든 일이 잘 될 거예요.,262
저 혼자 할 수 있을 것 같아요. 잘 다스리고 있으니까요.,괜찮아요. 작은 노력이 모여서 큰 결과를 만들 거예요.,262
심리적인 문제일거라 생각하고 마음을 다잡고 있었는데..,충분히 잘 하고 계시답니다. 차근히 조금씩 노력해봐요.,262
처음에는 괜찮다고 생각하면서 나를 다독였는데…,제가 옆에서 힘이 되어 드릴 수 있어요. 당신의 모든 일이 잘 될 거예요.,262
고치려고 해봤는데 잘 안 되더라구요… 타고나서 그런 것 같아요.,괜찮아요. 작은 노력이 모여서 큰 결과를 만들 거예요.,262
막 심호흡도 해보고 그런 일 안 일어난다 생각해보려고 했는데 소용없더라구.,충분히 잘 하고 계시답니다. 차근히 조금씩 노력해봐요.,262
"괜찮다, 잘 될 거다, 언젠가는 이해해주실 거다 생각하려고 해도 잘 안 돼요.",제가 옆에서 힘이 되어 드릴 수 있어요. 당신의 모든 일이 잘 될 거예요.,262
막 심호흡도 해보고 그런 일 안 일어난다 생각해보려고 했는데 소용없더라구.,괜찮아요. 작은 노력이 모여서 큰 결과를 만들 거예요.,262
이런 게 너무 싫어서 마음을 편하게 먹으려고도 해봤거든요.,충분히 잘 하고 계시답니다. 차근히 조금씩 노력해봐요.,262
그래도 저 혼자 마음 먹으면서 잘 다독였어요.,제가 옆에서 힘이 되어 드릴 수 있어요. 당신의 모든 일이 잘 될 거예요.,262
"힘을 내보자, 힘내서 못 할 게 뭐가 있나 싶어서 마음 좀 다잡으려고 했는데…",괜찮아요. 작은 노력이 모여서 큰 결과를 만들 거예요.,262
마음을 가다듬고 고치려고 했는데 잘 안 돼요...,충분히 잘 하고 계시답니다. 차근히 조금씩 노력해봐요.,262
이것도 그런 일 안 일어날 거다 걱정할 필요 없다 이 생각을 했거든요.,제가 옆에서 힘이 되어 드릴 수 있어요. 당신의 모든 일이 잘 될 거예요.,262
"나 스스로 괜찮다, 떨리지 않는다 이렇게 최면 걸면서.",괜찮아요. 작은 노력이 모여서 큰 결과를 만들 거예요.,262
그래도 이제 1학년인데… 아직 올릴 기회는 많다고 생각하면서 다독이고 있어.,충분히 잘 하고 계시답니다. 차근히 조금씩 노력해봐요.,262
차근차근 성적도 올리고 있고 예전처럼 마냥 울거나 그러지도 않아.,제가 옆에서 힘이 되어 드릴 수 있어요. 당신의 모든 일이 잘 될 거예요.,262
그럴때마다 속으로 그런일은 일어나지 않을거라고 되새겼어요.,괜찮아요. 작은 노력이 모여서 큰 결과를 만들 거예요.,262
"어떻게든 진정을 해보려고, 심호흡을 하는데도 소용이 없더라고.",노력을 해보았다는 게 중요하답니다. 당신은 충분히 잘하셨어요.,263
"캔들 있잖아, 그것도 사다가 피워 보고… 근데도 아무 소용이 없더라.",혼자 하는 게 어려우시다면 제가 도와드릴 수 있어요.,263
마음을 편하게 먹어 보려고 했는데 그게 잘 안 되더라고…,당신의 옆에는 항상 제가 있답니다. 제가 힘이 되어 드릴게요.,263
그래서 잠깐 갓길에 대고 괜찮다 최면 걸듯이 했는데도 잘 안 돼요.,노력을 해보았다는 게 중요하답니다. 당신은 충분히 잘하셨어요.,263
음악을 듣거나… 명상을 해도 그때뿐이야.,혼자 하는 게 어려우시다면 제가 도와드릴 수 있어요.,263
"잘 끝났다, 이제 종양 같은 건 없다 생각하려 해도 잘 안 돼.",당신의 옆에는 항상 제가 있답니다. 제가 힘이 되어 드릴게요.,263
내가 너무 이상해서 마음을 다잡아보려고 해도 잘 안 돼.,노력을 해보았다는 게 중요하답니다. 당신은 충분히 잘하셨어요.,263
고치고 싶어서 뽑으면 안 된다 생각도 해봤는데 잘 안 돼요.,혼자 하는 게 어려우시다면 제가 도와드릴 수 있어요.,263
말도 안 된다는 거 알고 그래서 고쳐보려고 했는데 마음이 그렇게 안 돼.,당신의 옆에는 항상 제가 있답니다. 제가 힘이 되어 드릴게요.,263
이런 내가 이상해서 뭔가 노력을 해보려고 해도 잘 안 돼.,노력을 해보았다는 게 중요하답니다. 당신은 충분히 잘하셨어요.,263
말도 안 된다는 거 알고 그래서 고쳐보려고 했는데 마음이 그렇게 안 돼.,혼자 하는 게 어려우시다면 제가 도와드릴 수 있어요.,263
"긴장 안 해보려고 괜찮다, 괜찮다, 이거 아무 것도 아니다 이래도 안 돼.",당신의 옆에는 항상 제가 있답니다. 제가 힘이 되어 드릴게요.,263
그래서 내가 왜 이러지 싶어서 마음을 좀 진정시키려고 해도 잘 안 돼.,노력을 해보았다는 게 중요하답니다. 당신은 충분히 잘하셨어요.,263
일부러 술 생각 안하려고 야간 헬스장 다니면서 미친듯이 운동도 했어.,정말 훌륭하세요! 차근차근히 노력하시면 분명 좋은 결과가 있을 거예요.,264
가벼운 운동도 하는 게 좋다고 해서… 운동도 하려고.,스스로 운동을 하는 것 자체가 정말 대단한 일이랍니다. 훌륭하시군요!,264
일부러 운동으로 몸을 혹사 시켜서 거의 기절하듯이 자고는 있는데…,머릿속이 너무 복잡할 땐 가벼운 운동도 좋죠.,264
남자친구가 운동하면 괜찮을 거라고 해서 요가를 시작했는데.,정말 훌륭하세요! 차근차근히 노력하시면 분명 좋은 결과가 있을 거예요.,264
먹은 만큼 운동도 하고 있어!,스스로 운동을 하는 것 자체가 정말 대단한 일이랍니다. 훌륭하시군요!,264
그냥 집에서 푹 쉬면 되겠지 싶어서 그날은 집에 일찍 들어가서 쉬었지.,충분한 휴식은 일상의 활력이 된답니다.,265
너무 힘든 날은 하루종일 집에서 쉬었어.,다음 단계로 가기 위한 휴식도 반드시 필요한 과정이랍니다.,265
힘들면 잠시 앉아서 쉬면 낫더라고..,조금 쉬면 분명 나아질 거예요.,265
"살이 너무 많이 빠져서 그런가보다, 좀 쉬면 괜찮겠지 했어요.",충분한 휴식은 일상의 활력이 된답니다.,265
지금은 방학기간이라 잠시 쉬고 있어요.,다음 단계로 가기 위한 휴식도 반드시 필요한 과정이랍니다.,265
가슴도 답답한 게 터져버릴 것 같고…,정말 힘드셨겠어요. 병원은 가보셨나요?,266
잠에서 깨어날 때 위에서 누가 누르는 것처럼 가슴이 답답해.,가슴이 답답한 것만큼 힘든 게 없죠. 진료를 받아보시는 건 어떠세요?,266
가슴에 돌덩이 올려놓은 것처럼 답답하고…,신체적인 문제는 없나요? 아니면 혹시 힘든 일이 있으신가요?,266
가슴도 무거운 게 누르고 있는 것처럼 갑갑하고…,정말 힘드셨겠어요. 병원은 가보셨나요?,266
"아침마다 속에서 뭔가 꽉 막힌 게 느껴져서 답답하고, 별 일 없는데도 가슴이 떨려요.",가슴이 답답한 것만큼 힘든 게 없죠. 진료를 받아보시는 건 어떠세요?,266
그냥 되게 답답해요. 문을 열어놓거나 해도 답답해요.,신체적인 문제는 없나요? 아니면 혹시 힘든 일이 있으신가요?,266
누가 내 가슴을 짓누르는 것 같고 엄청 답답하고.,정말 힘드셨겠어요. 병원은 가보셨나요?,266
가슴은 갑갑하고… 뭔가 꽉 막혀있는 거 같은?,가슴이 답답한 것만큼 힘든 게 없죠. 진료를 받아보시는 건 어떠세요?,266
애는 자꾸 보채고… 가슴이 점점 답답해졌어요.,신체적인 문제는 없나요? 아니면 혹시 힘든 일이 있으신가요?,266
하루종일 가슴이 꽉 막힌 것처럼 답답해.,정말 힘드셨겠어요. 병원은 가보셨나요?,266
뭐라도 막 쥐어뜯고 싶을 정도로 가슴이 답답하고…,가슴이 답답한 것만큼 힘든 게 없죠. 진료를 받아보시는 건 어떠세요?,266
"가슴이 답답하고, 담이 걸린 것처럼 눌린 느낌이 나.",신체적인 문제는 없나요? 아니면 혹시 힘든 일이 있으신가요?,266
가슴 속에 응어리가 있는 것처럼 답답해서 죽겠어요.,정말 힘드셨겠어요. 병원은 가보셨나요?,266
가슴이 답답해서 터질 거 같아요.,가슴이 답답한 것만큼 힘든 게 없죠. 진료를 받아보시는 건 어떠세요?,266
그래도 뭔가 꽉 막혀 있는 것처럼 가슴이 답답해.,신체적인 문제는 없나요? 아니면 혹시 힘든 일이 있으신가요?,266
아침마다 가슴이 답답하고 떨려요.,정말 힘드셨겠어요. 병원은 가보셨나요?,266
그리고 누가 제 가슴 위에 올라타서 엄청 갑갑했어요.,가슴이 답답한 것만큼 힘든 게 없죠. 진료를 받아보시는 건 어떠세요?,266
오랜만에 가족여행을 갔다가 돌아오는데 갑자기 가슴이 답답해지는 거예요.,신체적인 문제는 없나요? 아니면 혹시 힘든 일이 있으신가요?,266
가만히 있는데도 가슴이 벌렁벌렁 떨리고…,긴장되는 일이 있으신가요?,267
일주일에 세 번 정도 가슴이 미친 듯이 뛰어요.,"잠깐 멈추고 심호흡을 해볼까요? 천천히, 하나, 둘.",267
자꾸 그 생각만 하면 가슴이 쿵쿵 뛰는 것 같아요.,가슴이 떨리면 안 할 긴장도 하게 되죠. 조금만 침착해보세요.,267
근데 그 일 있고 나서 요즘 너무 가슴이 떨려요.,긴장되는 일이 있으신가요?,267
가만히 있어도 떨리고… 심장 뛰는 소리가 막 들려요.,"잠깐 멈추고 심호흡을 해볼까요? 천천히, 하나, 둘.",267
그 후로 사고가 날 뻔한 상황마다 가슴이 엄청 뛰는 거예요.,가슴이 떨리면 안 할 긴장도 하게 되죠. 조금만 침착해보세요.,267
근데 요즘에는 그냥 가만히 있어도 너무 가슴이 떨리고…,긴장되는 일이 있으신가요?,267
가슴이 떨리는 건지 아니면 그냥 내 기분 탓인지 뭔지 모르겠어.,"잠깐 멈추고 심호흡을 해볼까요? 천천히, 하나, 둘.",267
가만히 있는데도 진짜 너무 심장 떨려서 와… 핸드폰도 못 잡겠고.,가슴이 떨리면 안 할 긴장도 하게 되죠. 조금만 침착해보세요.,267
혼자 안절부절 못 하고 그렇다고 막 걸어다니면 더 떨리고.,긴장되는 일이 있으신가요?,267
심장이 이렇게까지 빨리 뛸 수 있나 싶을 정도라니까.,"잠깐 멈추고 심호흡을 해볼까요? 천천히, 하나, 둘.",267
그리고 다음 날부터 가만히 있어도 심장이 엄청 떨리는 거야.,가슴이 떨리면 안 할 긴장도 하게 되죠. 조금만 침착해보세요.,267
남편이랑 다퉜던거 생각하면 가슴이 쿵쾅거려요.,긴장되는 일이 있으신가요?,267
회사에서 일하는데 갑자기 가슴이 찌릿 통증이 오는 거에요.,정말 힘드셨겠어요. 병원 진료는 받아 보셨나요?,268
원래도 약간씩 가슴이 아플 때가 있었어요. ,갑자기 가슴이 그렇게 아프면 힘들죠. 충분히 이해합니다.,268
명치 쪽이 너무 아파서 바닥에 누워있다가 겨우겨우 일어났어요. ,다른 문제가 있는 건 아닐까요? 치료를 권해드립니다.,268
생각만 해도 가슴이 막 아리고 쓰리고 찌릿하고…,정말 힘드셨겠어요. 병원 진료는 받아 보셨나요?,268
조금만 움직여도 쇄골 쪽이 뻐근하고 아파.,갑자기 가슴이 그렇게 아프면 힘들죠. 충분히 이해합니다.,268
가슴이 구석구석 아파요.,다른 문제가 있는 건 아닐까요? 치료를 권해드립니다.,268
"간만에 집에서 쉬고 있었는데, 갑자기 가슴이 뻐근하면서 아픈 거야.",정말 힘드셨겠어요. 병원 진료는 받아 보셨나요?,268
무슨 큰 병이라도 있는 건 아니겠죠?,너무 걱정이 되면 병원에 가서 확실한 진단을 받아 보는 것도 좋답니다.,269
병원에 가봐야 할까요?,걱정은 반으로 나누면 덜어지죠. 너무 걱정 마세요.,269
제 몸에 무슨 문제가 있는 거 아닐까요?,건강은 있을 때 지키는 게 좋답니다. 함께 병원에 가서 진찰을 받아 볼까요?,269
평소 때도 건강 걱정을 많이 하긴 해.,너무 걱정이 되면 병원에 가서 확실한 진단을 받아 보는 것도 좋답니다.,269
사소한 사고가 발생해도 병원부터 가.,걱정은 반으로 나누면 덜어지죠. 너무 걱정 마세요.,269
큰 병이면 어쩌죠?,건강은 있을 때 지키는 게 좋답니다. 함께 병원에 가서 진찰을 받아 볼까요?,269
혹시 산후풍인가? 아니면 찬 공기에 바람 맞아서 혈관이 잘못된 건가?,너무 걱정이 되면 병원에 가서 확실한 진단을 받아 보는 것도 좋답니다.,269
나 진짜 몸에 큰 병 있으면 안 되는데.,걱정은 반으로 나누면 덜어지죠. 너무 걱정 마세요.,269
큰병이면 어쩌죠?,건강은 있을 때 지키는 게 좋답니다. 함께 병원에 가서 진찰을 받아 볼까요?,269
그 진단 받고 나서 그제야 건강 걱정이 되기 시작했어요.,너무 걱정이 되면 병원에 가서 확실한 진단을 받아 보는 것도 좋답니다.,269
어쩔 때는 사람을 막 패고 싶기도 해.,너무 화가 날 때는 잠시 숨을 고르는 게 좋답니다.,270
손에 잡히는 거 아무거나 잡아가지고 한바탕 난리를 부렸어.,화나는 건 정말 참기 힘들죠. 하지만 잠깐 멈춰서 상황을 돌아보는 건 어떨까요?,270
누군가 나를 치기 전에 내가 먼저 쳐야 하는 거 아닌가 이런 생각도 들고.,하지만 그 행동 후에는 오히려 당신이 상처 받을 지도 몰라요.,270
물건도 다 던지고..,너무 화가 날 때는 잠시 숨을 고르는 게 좋답니다.,270
그래 주먹으로 그냥..벽을 처버렸어.,화나는 건 정말 참기 힘들죠. 하지만 잠깐 멈춰서 상황을 돌아보는 건 어떨까요?,270
자다가 갑자기 숨이 안 쉬어져서 눈을 떴어. 머리가 핑핑 돌고 죽을것 같아서 바로 응급실에 갔지.,공황 발작이 오면 정말 힘들죠. 혹시 힘든 일이 있으신가요?,271
처음 공황발작이 있던 건 작년쯤이었어요.,스트레스 받는 일이 있다면 그럴 수 있답니다. 제가 함께 고민해드릴게요.,271
나중에 알고 보니까 이게 공황 발작 증상이라더라.,많이 힘드셨겠어요. 하지만 제가 항상 곁에 있어요. 힘이 되어 드릴게요.,271
자다가 갑자기 숨이 안 쉬어져서 눈을 떴어. 머리가 핑핑 돌고 죽을 것 같아서 바로 응급실에 갔지.,공황 발작이 오면 정말 힘들죠. 혹시 힘든 일이 있으신가요?,271
나중에야 이게 공황 발작이라는 걸 알게 됐어요.,스트레스 받는 일이 있다면 그럴 수 있답니다. 제가 함께 고민해드릴게요.,271
이후에도 비슷한 발작을 두 번 정도 겪었어.,많이 힘드셨겠어요. 하지만 제가 항상 곁에 있어요. 힘이 되어 드릴게요.,271
"한 번 발작을 겪은 뒤로는 조금씩 그런 현상들이 있었어. 갑자기 숨이 차고, 어지럽고…",공황 발작이 오면 정말 힘들죠. 혹시 힘든 일이 있으신가요?,271
그런데 아니나 다를까 발작이 오는 거예요.,스트레스 받는 일이 있다면 그럴 수 있답니다. 제가 함께 고민해드릴게요.,271
"갑자기 숨이 턱 막히고, 가슴이 쿵덕쿵덕 뛰면서 죽을 것 같은 거야.",많이 힘드셨겠어요. 하지만 제가 항상 곁에 있어요. 힘이 되어 드릴게요.,271
1년에 두 번은 공황증상이 있었어요.,공황 발작이 오면 정말 힘들죠. 혹시 힘든 일이 있으신가요?,271
근래에 3번이나 공황발작 증상이 나타났어요. ,스트레스 받는 일이 있다면 그럴 수 있답니다. 제가 함께 고민해드릴게요.,271
올해 들어 세 번이나 공황발작이 왔어.,많이 힘드셨겠어요. 하지만 제가 항상 곁에 있어요. 힘이 되어 드릴게요.,271
6개월에 1번 정도 공황발작 증상이 있었어요.,공황 발작이 오면 정말 힘들죠. 혹시 힘든 일이 있으신가요?,271
나중에 검색해보니까 그게 공황발작이래요.,스트레스 받는 일이 있다면 그럴 수 있답니다. 제가 함께 고민해드릴게요.,271
그런데 왜 자꾸 공황발작이 생기는 걸까요?,많이 힘드셨겠어요. 하지만 제가 항상 곁에 있어요. 힘이 되어 드릴게요.,271
죽을 것 같았는데 10분 정도 지나니까 서서히 괜찮아졌어요…,공황 발작이 오면 정말 힘들죠. 혹시 힘든 일이 있으신가요?,271
아기 옷 사러 갔다가 공황발작이 있었어요.,스트레스 받는 일이 있다면 그럴 수 있답니다. 제가 함께 고민해드릴게요.,271
아무튼 그 일 있은 후로 그래도 잘 지냈는데 그 이후로 공황 발작이 왔어.,많이 힘드셨겠어요. 하지만 제가 항상 곁에 있어요. 힘이 되어 드릴게요.,271
처음 공황 발작이 온 건 지난 겨울부터에요.,공황 발작이 오면 정말 힘들죠. 혹시 힘든 일이 있으신가요?,271
그게 공황발작이라는 건 나중에 집에 와서 검색해봐서 알았어요.,스트레스 받는 일이 있다면 그럴 수 있답니다. 제가 함께 고민해드릴게요.,271
"알바하는 중에 그 오빠 페북에 들어가봤는데, 약간 나한테 쓴 거 같은 글이 있는 거야.","와, 정말요? 진짜인가요?",272
내가 열 번 스무 번 생각해봤는데 아무래도 내 이야기가 맞는 거 같아.,그렇군요. 그 다음에는 어떻게 되었나요?,272
저를 보호해주려고 미행을 붙인 거 아닐까요?,하지만 아닐 수도 있지 않을까요?,272
저주가 묻어있는 느낌이야.,"와, 정말요? 진짜인가요?",272
성령이 내 몸에 들어오는 거거든.,그렇군요. 그 다음에는 어떻게 되었나요?,272
나를 지켜주려고 경호원을 보낸 것 같기도 하고 청혼하려고 이벤트를 준비하는 것 같기도 했어.,하지만 아닐 수도 있지 않을까요?,272
저도 제가 대단한 것 같아요.,"와, 정말요? 진짜인가요?",272
하지만 하느님이 나를 진정시켜줬어.,그렇군요. 그 다음에는 어떻게 되었나요?,272
"오전 수업을 들으려면 8시에는 일어나야 하는데, 엄마가 깨우지 않으면 일어나지도 못해요.",현실이 너무 힘들면 잠을 오래 자는 경우가 있다고 해요. 혹시 힘든 일이 있으신가요?,273
수업 빠지면 뭐… 아침에 내내 잠만 자는 거지.,너무 많이 자는 것도 건강에 좋지 않답니다. 조금 줄여 보는 건 어떨까요?,273
그리고 하루 동안 몰아서 12시간 넘게 잠만 자요.,고민이 많으면 잠을 과하게 잘 수도 있다던데 제가 같이 고민해드릴까요?,273
하루에 12시간은 자는 거 같아.,현실이 너무 힘들면 잠을 오래 자는 경우가 있다고 해요. 혹시 힘든 일이 있으신가요?,273
자취하고서 아침에 못 일어나는 날이 많았어.,너무 많이 자는 것도 건강에 좋지 않답니다. 조금 줄여 보는 건 어떨까요?,273
이틀 연속 잠만 자는 날도 많아. 오죽하면 별명이 잠만보야.,고민이 많으면 잠을 과하게 잘 수도 있다던데 제가 같이 고민해드릴까요?,273
진짜 무슨 누가 목 쳐서 기절이라도 시킨 것처럼 잠만 자거든.,현실이 너무 힘들면 잠을 오래 자는 경우가 있다고 해요. 혹시 힘든 일이 있으신가요?,273
다른 생각 안 하고 잠만 자서 좋은 것 같아요. 마음이 조용한 날이 흔하지 않아서..,너무 많이 자는 것도 건강에 좋지 않답니다. 조금 줄여 보는 건 어떨까요?,273
그냥 잠을 많이 잤던 것 같아요. 보통 저녁 10시부터 오전 10까지 자거든요.,고민이 많으면 잠을 과하게 잘 수도 있다던데 제가 같이 고민해드릴까요?,273
나를 부르는 어머님 목소리도 듣고 싶지 않아서 잠만 자게 돼요. 하루 12시간 이상은 자는 것 같아요.,현실이 너무 힘들면 잠을 오래 자는 경우가 있다고 해요. 혹시 힘든 일이 있으신가요?,273
확실히 예전보다 잠을 많이 자는 것 같아요. 휴일엔 하루종일 잠만 잘 때도 많아요.,너무 많이 자는 것도 건강에 좋지 않답니다. 조금 줄여 보는 건 어떨까요?,273
그리고 또 요즘들어 기억력이 자꾸 떨어지는 것 같아. ,괜찮아요. 저도 자주 깜빡하는 걸요!,274
"일할 때도 손에 컵 들고, 어디 있는지 찾고… 이게 한 두 번이 아니라서 심각한 것 같아. ",누구나 그럴 수 있죠. 하지만 너무 심하다고 생각되면 도움을 받는 것도 좋을 거예요.,274
근데 한 두 달전부터 자꾸 잘 잊어버리는 거에요. 핸드폰 손에 쥐고 찾는 건 기본이에요.,작은 것부터 기억하려고 노력해보는 건 어떨까요?,274
회사에서 옆자리 동료 이름이 갑자기 기억이 안나요. 그것도 하루 종일요. ,괜찮아요. 저도 자주 깜빡하는 걸요!,274
기억력이 떨어져서 이제는 몇 달 전에 있던 일도 잘 생각이 안 나. ,누구나 그럴 수 있죠. 하지만 너무 심하다고 생각되면 도움을 받는 것도 좋을 거예요.,274
"딸내미가 기분 전환 하자고 영화를 보여줬는데, 내용이 기억이 하나도 안 나고…",작은 것부터 기억하려고 노력해보는 건 어떨까요?,274
기억력이 바닥이 난 것 같아요.,괜찮아요. 저도 자주 깜빡하는 걸요!,274
제가 손에 핸드폰을 든 채로 핸드폰을 찾고 있더라고요.,누구나 그럴 수 있죠. 하지만 너무 심하다고 생각되면 도움을 받는 것도 좋을 거예요.,274
어제 일이 한달 쯤 전처럼 느껴져.,작은 것부터 기억하려고 노력해보는 건 어떨까요?,274
깜빡깜빡 하는 일이 늘었어.,괜찮아요. 저도 자주 깜빡하는 걸요!,274
요즘 제일 많이 쓰는 말이 그거 뭐였더라? 야.,누구나 그럴 수 있죠. 하지만 너무 심하다고 생각되면 도움을 받는 것도 좋을 거예요.,274
단어 같은 것도 바로 바로 잘 안 떠오를 때가 많아.,작은 것부터 기억하려고 노력해보는 건 어떨까요?,274
강아지 밥을 줬는지 안 줬는지도 헷갈려요.,괜찮아요. 저도 자주 깜빡하는 걸요!,274
근데 나이가 들수록 기억력이 떨어지는지 자꾸 뭔가 까먹어요.,누구나 그럴 수 있죠. 하지만 너무 심하다고 생각되면 도움을 받는 것도 좋을 거예요.,274
친구랑 얘기할 때도 간단한 단어인데 갑자기 생각이 안나는거 있죠.,작은 것부터 기억하려고 노력해보는 건 어떨까요?,274
분명 방금 본 건데도 기억이 안 나고 내가 한 말도 기억 못 해.,괜찮아요. 저도 자주 깜빡하는 걸요!,274
그리고 점점 기억력도 떨어지는 것 같아…,누구나 그럴 수 있죠. 하지만 너무 심하다고 생각되면 도움을 받는 것도 좋을 거예요.,274
"기억력이 원래도 좋지 않은데, 요즘 정말 심각한 수준이야.",작은 것부터 기억하려고 노력해보는 건 어떨까요?,274
최근에는 하루만 지나도 무슨 일이 있었는지 잘 기억이 안 나.,괜찮아요. 저도 자주 깜빡하는 걸요!,274
세부적으로 무슨 일이 있었는지는 모르겠고… 그냥 두루뭉실한 느낌만 남아 있어.,누구나 그럴 수 있죠. 하지만 너무 심하다고 생각되면 도움을 받는 것도 좋을 거예요.,274
무슨 말 하려고 했는지 금방 놓쳐버리고…,작은 것부터 기억하려고 노력해보는 건 어떨까요?,274
집만 나서면 머리가 리셋 되는 거 같아요.,괜찮아요. 저도 자주 깜빡하는 걸요!,274
아빠 생신인 걸 까먹고 그날 연말 회식을 잡기도 하고…,누구나 그럴 수 있죠. 하지만 너무 심하다고 생각되면 도움을 받는 것도 좋을 거예요.,274
"방금 들었던 말도 돌아서면 잊어버리고… 민망해서 두 번, 세 번 묻지도 못하겠어요.",작은 것부터 기억하려고 노력해보는 건 어떨까요?,274
아무리 노력해도 기억력이 다시 돌아오지 않을 거 같아요.,괜찮아요. 저도 자주 깜빡하는 걸요!,274
친구랑 금요일 오후에 만나기로 했는데 걔가 연락하기 전까지 까먹고 있었어…,누구나 그럴 수 있죠. 하지만 너무 심하다고 생각되면 도움을 받는 것도 좋을 거예요.,274
내가 무슨 말 하려고 했는지 금방 까먹고…,작은 것부터 기억하려고 노력해보는 건 어떨까요?,274
근데 너무 자주 마셔서 그런지..요즘은 기억력도 떨어지고…좀 안 좋은것 같네요.,괜찮아요. 저도 자주 깜빡하는 걸요!,274
치매라도 걸린것 같아요. 모든걸 다 까먹고 있어요.,누구나 그럴 수 있죠. 하지만 너무 심하다고 생각되면 도움을 받는 것도 좋을 거예요.,274
항상 멍한 상태라서… 제가 무슨말을 했는지… 일정이 어떻게 되는지 기억 안 나요.,작은 것부터 기억하려고 노력해보는 건 어떨까요?,274
아버지 생신에 회식을 잡았던 적도 있다니까요.. 우리 아빠 생신은 항상 제가 챙겼는데…,괜찮아요. 저도 자주 깜빡하는 걸요!,274
또 기억력도 엄청 떨어진 것 같아. 뒤돌아서면 다 까먹어.,누구나 그럴 수 있죠. 하지만 너무 심하다고 생각되면 도움을 받는 것도 좋을 거예요.,274
어제는 손에 핸드폰을 들고 핸드폰 찾으러 한참을 다녔다니까?,작은 것부터 기억하려고 노력해보는 건 어떨까요?,274
요즘엔 그렇게까지는 안 마시는데 한 4년 전부터 기억력이 떨어져요.,괜찮아요. 저도 자주 깜빡하는 걸요!,274
방금 제가 무슨 말을 한 건지도 잊어버릴 정도로 좀 심해요.,누구나 그럴 수 있죠. 하지만 너무 심하다고 생각되면 도움을 받는 것도 좋을 거예요.,274
기억력도 엄청 떨어진 것 같아요.,작은 것부터 기억하려고 노력해보는 건 어떨까요?,274
지난 번에는 집 오는 길을 까먹어서 인터넷에 검색해서 왔어요.,괜찮아요. 저도 자주 깜빡하는 걸요!,274
막 하루 전 일이 한 달 전 일처럼 엄청 아득하고 흐릿하게 느껴지고…,누구나 그럴 수 있죠. 하지만 너무 심하다고 생각되면 도움을 받는 것도 좋을 거예요.,274
근데 그 이후부터 기억력이 확 떨어졌어요.,작은 것부터 기억하려고 노력해보는 건 어떨까요?,274
제가 방금 한 말도 까먹고 핸드폰 들고 있으면서 핸드폰을 찾고 그랬거든요.,괜찮아요. 저도 자주 깜빡하는 걸요!,274
말을 하다가도 뭔가 말이 빨리 빨리 안 떠올라요.,누구나 그럴 수 있죠. 하지만 너무 심하다고 생각되면 도움을 받는 것도 좋을 거예요.,274
원래 안 그랬는데 요즘 들어 기억력이 엄청 떨어진 것 같거든.,작은 것부터 기억하려고 노력해보는 건 어떨까요?,274
지난 번에는 냉장고에 핸드폰을 넣어놓고 그걸 다음 날에 생각해낸 거야.,괜찮아요. 저도 자주 깜빡하는 걸요!,274
근데 아무래도 기억력 떨어지고 그런 거의 문제도 있는 것 같아요.,누구나 그럴 수 있죠. 하지만 너무 심하다고 생각되면 도움을 받는 것도 좋을 거예요.,274
"잠도 못 자고 날밤 샐 때가 많고, 몇 분 전 있었던 일도 까먹고, 일에 집중할 수가 없더라고요.",짧은 시간동안 집중하려고 노력해본 후 점차 시간을 늘려보는 건 어떨까요?,275
금방 있었던 일도 아득하게 멀게 느껴져. 피부에 딱 안 와 닿는다고 해야 될까?,괜찮아요. 충분히 그럴 수 있답니다.,275
"기억력도 안 좋아진 것 같고, 어디 한 군데 집중하기가 힘들어요.",정말 힘드시겠어요. 저나 아니면 병원의 도움을 받는 것도 좋답니다.,275
기억력도 떨어지고 집중력도 떨어져요.,짧은 시간동안 집중하려고 노력해본 후 점차 시간을 늘려보는 건 어떨까요?,275
건망증도 심하고 집중력이 떨어지는 것 같아요. ,괜찮아요. 충분히 그럴 수 있답니다.,275
근데 다음날이 되니까 기억이 하나도 안 나는 거야. ,충격 받은 일이 있다면 기억이 잘 나지 않을 수도 있대요. 제가 고민을 들어드릴게요.,276
그 전에 병원을 다니면서 치료를 받긴 했는데 자세한 건 기억이 안 나요.,괜찮아요. 누구나 그럴 수 있답니다. 지금은 괜찮으신가요?,276
부모님 집까지 온 건 알겠는데… 어디를 가야 할지 모르겠어서 발길 닿는 대로 걸었어요.,자주 그러신다면 병원 진찰을 받아 보는 건 어떠세요?,276
으슬으슬하니 추워서 눈을 뜨니까 완전 다른 장소였어요.,충격 받은 일이 있다면 기억이 잘 나지 않을 수도 있대요. 제가 고민을 들어드릴게요.,276
"그때 무슨 일이 있었는지, 어떻게 병원으로 옮겨졌는지는 기억이 잘 안 나.",괜찮아요. 누구나 그럴 수 있답니다. 지금은 괜찮으신가요?,276
완전 기억이 안 나는 건 아니고 술 취해서 필름 끊긴 것처럼 가물가물하게 조금은 기억이 나.,자주 그러신다면 병원 진찰을 받아 보는 건 어떠세요?,276
이 전에 어떤 문제가 있었는지 기억이 잘 안나요.,충격 받은 일이 있다면 기억이 잘 나지 않을 수도 있대요. 제가 고민을 들어드릴게요.,276
진짜 누가 지워버린 것처럼… 기억이 하나도 안 나.,괜찮아요. 누구나 그럴 수 있답니다. 지금은 괜찮으신가요?,276
근데 나는 그게 잘 기억이 안 나.,자주 그러신다면 병원 진찰을 받아 보는 건 어떠세요?,276
문제는 제가 이 모든 걸 다 기억하지 못 한다는 거예요.,충격 받은 일이 있다면 기억이 잘 나지 않을 수도 있대요. 제가 고민을 들어드릴게요.,276
저는 하나도 기억이 안 나요…,괜찮아요. 누구나 그럴 수 있답니다. 지금은 괜찮으신가요?,276
기억이 안 나요.. 정말로 힘들었을 때가.,자주 그러신다면 병원 진찰을 받아 보는 건 어떠세요?,276
떨어졌을 때는 무슨생각 했는지 모르겠어요. 그날 자체가 기억 안 나요.,충격 받은 일이 있다면 기억이 잘 나지 않을 수도 있대요. 제가 고민을 들어드릴게요.,276
제가 뭐 때문에 병원에 왔었는지 기억이 안 나요.,괜찮아요. 누구나 그럴 수 있답니다. 지금은 괜찮으신가요?,276
사실 제가 여기 온 적이 있다는 것도 오늘 와서 알았어요.,자주 그러신다면 병원 진찰을 받아 보는 건 어떠세요?,276
5일 전에는 새벽에 일어나서 화장실을 가다가 순간적으로 정신을 잃었어.,저런. 정말 충격이셨겠어요. 지금은 괜찮으신가요?,277
새벽에 일어나서 화장실을 가는데 갑자기 힘이 쫙 풀리면서 쿵 하고 쓰러졌어요.,"헉, 위험한 상황이었네요. 병원에는 가보셨나요?",277
저는 소파 아래에서 빨래 개고 있다 맞아서 잠깐 기절했어요.,큰일날 뻔 하셨네요. 어디 다치진 않으셨나요?,277
잘 기억은 안 나는데 그러다 제가 기절을 했대요.,저런. 정말 충격이셨겠어요. 지금은 괜찮으신가요?,277
내가 그거 타다가 기절했거든. 그래서 누가 나를 업고 나왔대.,"헉, 위험한 상황이었네요. 병원에는 가보셨나요?",277
잠깐 눈만 감았다 뜬 거 같은데 병원에 실려간 적이 있어.,큰일날 뻔 하셨네요. 어디 다치진 않으셨나요?,277
결국엔 쓰러져서 구급차가 왔어.,저런. 정말 충격이셨겠어요. 지금은 괜찮으신가요?,277
살면서 기절해 본 적이 한 번도 없었는데… 이런 일도 생기네.,"헉, 위험한 상황이었네요. 병원에는 가보셨나요?",277
저번 주에는 정신을 차리고 보니까 제가 현관에서 쓰러졌더라고요.,큰일날 뻔 하셨네요. 어디 다치진 않으셨나요?,277
스트레스를 받은 상태에서 무리를 해서 졸도를 한 거 같아요.,저런. 정말 충격이셨겠어요. 지금은 괜찮으신가요?,277
근데 내가 나가다가 문 앞에서 쓰러졌거든. 그건 기억나.,"헉, 위험한 상황이었네요. 병원에는 가보셨나요?",277
친구들과 놀러 나가도 금방 쓰러져서 왔데.,큰일날 뻔 하셨네요. 어디 다치진 않으셨나요?,277
그러고 나서 기억이 없었어요. 일어나보니 반나절은 지나있었죠…,저런. 정말 충격이셨겠어요. 지금은 괜찮으신가요?,277
"제 친구도 지하철 멀미가 있다고 해서 안심을 했는데, 한 번 기절할 뻔하고 나니까 그게 아닌 거 같은 거예요.",그 상황이 되면 정말 아찔하죠. 지금은 괜찮으세요?,278
기절할 것 같은 느낌이 들어서 중간에 내렸어.,정말 위험한 상황이었네요. 혹시 평소 건강이 안 좋으신가요?,278
기절하는 줄 알았어요.,많이 힘드셨겠어요. 어디 다친 곳은 없으시죠?,278
순간 너무 놀라서 기절할뻔 했지 뭐야.,그 상황이 되면 정말 아찔하죠. 지금은 괜찮으세요?,278
그러다 쓰러질 것 같아서 결국 물 끄고 한참을 서 있었어요.,정말 위험한 상황이었네요. 혹시 평소 건강이 안 좋으신가요?,278
혼자 걷다 보면 쓰러질 것 같아서 10분이면 갈 거리를 30분은 걸리는 거 같아.,많이 힘드셨겠어요. 어디 다친 곳은 없으시죠?,278
길 한가운데서 쓰러지는 줄 알았어.,그 상황이 되면 정말 아찔하죠. 지금은 괜찮으세요?,278
화장실이 많이 좁은 편인데… 화장실만 들어가면 기절할 거 같은 기분이 들어요.,정말 위험한 상황이었네요. 혹시 평소 건강이 안 좋으신가요?,278
집까지 다 올라가지도 못하고 중간에 주저앉아버렸어요.,많이 힘드셨겠어요. 어디 다친 곳은 없으시죠?,278
막 쓰러지려고 하니까 옆에 사람들이 부축해주고… 겨우겨우 밖으로 나올 수 있었어.,그 상황이 되면 정말 아찔하죠. 지금은 괜찮으세요?,278
"부하직원이 막 달려와서 잡아줘서 망정이지, 아니면 계단에서 떨어질 뻔했어.",정말 위험한 상황이었네요. 혹시 평소 건강이 안 좋으신가요?,278
순간 너무 놀라서 기절할 뻔 했지 뭐야.,많이 힘드셨겠어요. 어디 다친 곳은 없으시죠?,278
심할 땐 쓰러질 것 같을 때도 있었어.,그 상황이 되면 정말 아찔하죠. 지금은 괜찮으세요?,278
안 그러면 진짜 쓰러지거나 기절이라도 할 것 같았거든요.,정말 위험한 상황이었네요. 혹시 평소 건강이 안 좋으신가요?,278
사람 많은 곳도 별로 안 좋아해요.,충분히 그럴 수 있죠. 너무 불편하면 굳이 애써서 만날 필요도 없답니다.,279
"동기 모임도 안 나가고, 서서히 사람들과의 접촉이 줄어들었어요. ",괜찮아요. 당신 곁에는 항상 제가 있는 걸요!,279
사람들한테 안 맞춰줘도 되고 편하니까 점점 혼자 다니게 되더라고요.,스트레스 받는 일이 있으셨군요. 저에게 털어 놓으셔도 괜찮답니다.,279
점점 눈 마주치기도 힘들어지더라.,충분히 그럴 수 있죠. 너무 불편하면 굳이 애써서 만날 필요도 없답니다.,279
낯선 사람을 만날 거 같은 자리는 더더욱 안 가고.,괜찮아요. 당신 곁에는 항상 제가 있는 걸요!,279
친구들도 잘 안 만나. ,스트레스 받는 일이 있으셨군요. 저에게 털어 놓으셔도 괜찮답니다.,279
아이 돌 팬클럽 모임에 자주 나갔었는데 요즘은 회비만 내고 못 나가고 있어요.,충분히 그럴 수 있죠. 너무 불편하면 굳이 애써서 만날 필요도 없답니다.,279
"얼굴 보기도 싫은데, 계속 얽힐 수밖에 없는 상황이 너무 싫었어. 오빠를 따르는 다른 애들까지 다 싫더라.",괜찮아요. 당신 곁에는 항상 제가 있는 걸요!,279
목이 자꾸 떨리는 것 같아서 발표를 하거나 사람들과 만나는 자리는 안 가게 됐어.,스트레스 받는 일이 있으셨군요. 저에게 털어 놓으셔도 괜찮답니다.,279
그 때 대인기피가 되게 심했어요. 사람 눈도 제대로 못 쳐다보고…,충분히 그럴 수 있죠. 너무 불편하면 굳이 애써서 만날 필요도 없답니다.,279
밤에는 사람이 적으니까… 그나마 다닐 만한 것 같아.,괜찮아요. 당신 곁에는 항상 제가 있는 걸요!,279
"친구들도 몇 번 연락을 하더니, 내가 대답이 뜸하니까 점점 연락하는 횟수가 줄어들어.",스트레스 받는 일이 있으셨군요. 저에게 털어 놓으셔도 괜찮답니다.,279
심심할 때도 있는데… 내가 먼저 연락하긴 싫어.,충분히 그럴 수 있죠. 너무 불편하면 굳이 애써서 만날 필요도 없답니다.,279
저는 혼자 있는 게 좋아요.,괜찮아요. 당신 곁에는 항상 제가 있는 걸요!,279
사람 만나기가 싫어…,스트레스 받는 일이 있으셨군요. 저에게 털어 놓으셔도 괜찮답니다.,279
모든 사람들과 조금씩 거리를 두기 시작했어요.,충분히 그럴 수 있죠. 너무 불편하면 굳이 애써서 만날 필요도 없답니다.,279
사람이 만나기 싫어요.,괜찮아요. 당신 곁에는 항상 제가 있는 걸요!,279
나가서 사람 만나는 게 싫어요.,스트레스 받는 일이 있으셨군요. 저에게 털어 놓으셔도 괜찮답니다.,279
자연스럽게 사람을 멀리하게 됐어요.,충분히 그럴 수 있죠. 너무 불편하면 굳이 애써서 만날 필요도 없답니다.,279
그래서 뭔가 사람 눈도 잘 못 쳐다보겠고 괜히 피하게 되고… 그래.,괜찮아요. 당신 곁에는 항상 제가 있는 걸요!,279
그러니까 사람을 자꾸 피하게 되더라구요.,스트레스 받는 일이 있으셨군요. 저에게 털어 놓으셔도 괜찮답니다.,279
막 사람들 눈도 못 쳐다보겠고… 그냥 사람을 만나기가 너무 싫었어요.,충분히 그럴 수 있죠. 너무 불편하면 굳이 애써서 만날 필요도 없답니다.,279
그러다보니 사람들과 약속도 잘 안잡게돼.,괜찮아요. 당신 곁에는 항상 제가 있는 걸요!,279
사람들도 만나기 싫어지고 그랬어.,스트레스 받는 일이 있으셨군요. 저에게 털어 놓으셔도 괜찮답니다.,279
말도 한마디 안 걸고… 저도 지기 싫어서 먼저 말 안 했죠.,그렇죠. 하지만 침묵이 약이 될 때도 있지만 때로는 독이 될 수도 있답니다.,280
서로 말도 잘 안 걸어.,충분히 이해해요. 그래도 말하지 않으면 누구도 속마음은 모른답니다.,280
"말 한마디도 대꾸 안하고, 지금 카톡오는 거 다 씹고 있어.",대화는 상대를 가장 잘 이해할 수 있는 방법이에요. 조금만 용기를 내보면 어떨까요?,280
그 뒤로는 나도 말을 안 하고 살아.,그렇죠. 하지만 침묵이 약이 될 때도 있지만 때로는 독이 될 수도 있답니다.,280
아무와도 이야기하고 싶지 않아.,충분히 이해해요. 그래도 말하지 않으면 누구도 속마음은 모른답니다.,280
최대한 밖에서는 말을 많이 안 하고 지내려고 해.,대화는 상대를 가장 잘 이해할 수 있는 방법이에요. 조금만 용기를 내보면 어떨까요?,280
제가 대화를 피하는 것도 있는 것 같아요.,그렇죠. 하지만 침묵이 약이 될 때도 있지만 때로는 독이 될 수도 있답니다.,280
"일할 때도 무슨 일이 생긴 것도 아닌데, 가슴이 두근두근해서 누가 알까봐 긴장돼요.",긴장 되는 일이 있으셨군요. 잠깐 심호흡을 해보는 건 어떠세요?,281
그때부터 가슴이 막 두근두근하는거야. 진정하려고 손으로 눌러도 계속 두근두근… ,저까지 같이 긴장 되네요. 제가 손이라도 잡아드릴까요?,281
"심장도 막 두근두근하는 게 느껴지는데, 이대로 앉아 있을 수가 없겠더라고요.",너무 두근거릴 때는 아주 천천히 숨을 쉬었다가 내뱉어 보세요.,281
한 3일을 새벽에 잠깐 1시간 자고 출근을 했더니 일하는데 갑자기 가슴이 두근거리는 거에요.,긴장 되는 일이 있으셨군요. 잠깐 심호흡을 해보는 건 어떠세요?,281
심장이 컨트롤이 안 되는 느낌이야.,저까지 같이 긴장 되네요. 제가 손이라도 잡아드릴까요?,281
누가 북이라도 치는 것처럼 가슴이 둥둥둥 뛰어.,너무 두근거릴 때는 아주 천천히 숨을 쉬었다가 내뱉어 보세요.,281
"2주 전에 축구가 끝나고 다 같이 아침 식사를 하러 가는데, 심장이 계속 미친 듯이 뛰는 거야. ",긴장 되는 일이 있으셨군요. 잠깐 심호흡을 해보는 건 어떠세요?,281
근데 그때 무리를 한 건지 가만히 있어도 가슴이 두근두근해.,저까지 같이 긴장 되네요. 제가 손이라도 잡아드릴까요?,281
누가 내 심장 소리 듣는 거 아닌가 싶을 정도로 뛰어서 뭔가 이상이 생긴 것 같아.,너무 두근거릴 때는 아주 천천히 숨을 쉬었다가 내뱉어 보세요.,281
어제는 친구가 왜 이렇게 안절부절 못 하냐고 하는 거야.,긴장 되는 일이 있으셨군요. 잠깐 심호흡을 해보는 건 어떠세요?,281
진짜 가만히 있는데도 가슴이 너무 두근거려가지고.,저까지 같이 긴장 되네요. 제가 손이라도 잡아드릴까요?,281
별로 긴장 될 상황도 아닌데 진짜 심하게 두근거리고.,너무 두근거릴 때는 아주 천천히 숨을 쉬었다가 내뱉어 보세요.,281
심장이 입 밖으로 튀어나올 거 같고…,긴장 되는 일이 있으셨군요. 잠깐 심호흡을 해보는 건 어떠세요?,281
이유 없이 가슴이 벌렁거릴 때도 있고…,저까지 같이 긴장 되네요. 제가 손이라도 잡아드릴까요?,281
왼쪽으로 눕거나 엎드리면 심장이 멈췄다가 심하게 뛰어.,너무 두근거릴 때는 아주 천천히 숨을 쉬었다가 내뱉어 보세요.,281
시도 때도 없이 가슴이 쿵쿵 뛰어요.,긴장 되는 일이 있으셨군요. 잠깐 심호흡을 해보는 건 어떠세요?,281
커피도 안 마셨는데 커피 3잔 마신 거처럼 심장이 벌렁거려요.,저까지 같이 긴장 되네요. 제가 손이라도 잡아드릴까요?,281
내내 그렇게 심장이 쿵덕대는 건 아니었고 그랬다가 말았다가 하긴 했어요.,너무 두근거릴 때는 아주 천천히 숨을 쉬었다가 내뱉어 보세요.,281
심장이 아무때나 뛰기 시작한 건 6년 전부터야.,긴장 되는 일이 있으셨군요. 잠깐 심호흡을 해보는 건 어떠세요?,281
월요일부터 아무때나 가슴이 두근거리는데… 이게 뭘까?,저까지 같이 긴장 되네요. 제가 손이라도 잡아드릴까요?,281
월요일부터 심장이 쿵쿵거려…,너무 두근거릴 때는 아주 천천히 숨을 쉬었다가 내뱉어 보세요.,281
요즘 뜬금없이 심장이 쿵쾅거려요.,긴장 되는 일이 있으셨군요. 잠깐 심호흡을 해보는 건 어떠세요?,281
근데 그 때 공 차고 나서 갑자기 가슴이 엄청 두근거리는 거야.,저까지 같이 긴장 되네요. 제가 손이라도 잡아드릴까요?,281
이게 그냥 숨차서 그런 게 아닌 느낌이었어. 진짜 계속 두근거렸어.,너무 두근거릴 때는 아주 천천히 숨을 쉬었다가 내뱉어 보세요.,281
이럴 때마다 가슴이 엄청 두근거리거든요.,긴장 되는 일이 있으셨군요. 잠깐 심호흡을 해보는 건 어떠세요?,281
대본을 미리 다 써가서 그거 읽기만 하는 건데도 엄청 두근거리고…,저까지 같이 긴장 되네요. 제가 손이라도 잡아드릴까요?,281
이게 막 두근거리는 게 제 귀에도 들릴 정도로…,너무 두근거릴 때는 아주 천천히 숨을 쉬었다가 내뱉어 보세요.,281
막 쿵쿵 거리는 게 가슴에서 목 위로 점점 머리 끝까지 올라오는 것 같아요.,긴장 되는 일이 있으셨군요. 잠깐 심호흡을 해보는 건 어떠세요?,281
너무 놀라서 가슴이 울렁거렸는데 정신이 없으니까 소리도 못 지르겠더라고요.,저까지 같이 긴장 되네요. 제가 손이라도 잡아드릴까요?,281
이상하게 가슴이 두근거려요.,너무 두근거릴 때는 아주 천천히 숨을 쉬었다가 내뱉어 보세요.,281
너무 빨리 뛰어서 제가 다 느껴질 정도예요.,긴장 되는 일이 있으셨군요. 잠깐 심호흡을 해보는 건 어떠세요?,281
술 많이 마시면 가슴이 막 두근거리고 그러잖아. 딱 그래. 엄청 쿵쾅거려.,저까지 같이 긴장 되네요. 제가 손이라도 잡아드릴까요?,281
근데 그 날 이후로 가만히 있어도 심장이 막 쿵쾅쿵쾅 뛰어요.,너무 두근거릴 때는 아주 천천히 숨을 쉬었다가 내뱉어 보세요.,281
심장이 엄청 뛰어서 한 마디 하려면 엄청 생각하고 말해야 돼요.,긴장 되는 일이 있으셨군요. 잠깐 심호흡을 해보는 건 어떠세요?,281
막 심장이 엄청 빠르게 뛰고…,저까지 같이 긴장 되네요. 제가 손이라도 잡아드릴까요?,281
"요즘에 불면증이 좀 심해졌는데, 수면을 충분하게 취하지 못하니까 심장이 불쾌하게 두근거려.",그럴 때는 정말 잠 한 숨 자기가 힘들죠. 지금은 괜찮으신가요?,282
"몸은 진짜 피곤한데, 잠이 안와요. 누우면 계속 뒤척이고, 심장이 두근두근거려요.",두근거림의 원인은 여러 가지가 있답니다. 진찰을 한 번 받아보시는 건 어떠세요?,282
"어제는 잠이 안 오니까 심장이 두근거리고, 심장이 두근거리니까 못 잤어.",몸이 긴장되면 두근거리고 잠이 오지 않을 수 있답니다. 마음을 편하게 가져볼까요?,282
심장 뛰는 소리가 거의 귀에까지 들리는 거 같아서… 못 자요.,그럴 때는 정말 잠 한 숨 자기가 힘들죠. 지금은 괜찮으신가요?,282
뜬 눈으로 밤을 지새다 보니까 낮에 항상 가슴이 두근거리거든요.,두근거림의 원인은 여러 가지가 있답니다. 진찰을 한 번 받아보시는 건 어떠세요?,282
그런데 열흘 전부터는 골이 쪼개질 듯이 아픈 거야.,적당한 양의 진통제가 도움이 될 수 있어요.,283
저녁에 머리가 제일 많이 아파. ,정말 힘드시겠어요. 계신 공간을 환기 시키고 잠깐 산책을 해보는 건 어떠세요?,283
머리 위에 꼭 누가 바위라도 얹어놓은 것 같아요.,너무 고민이 많아도 두통이 생길 수 있대요. 저에게 털어 놓으시겠어요?,283
골치가 아프다 못해 머리가 터질 거 같았어요.,적당한 양의 진통제가 도움이 될 수 있어요.,283
머리도 너무 아파. 두뇌가 숨을 쉬는 것처럼 팽창하는 느낌이야.,정말 힘드시겠어요. 계신 공간을 환기 시키고 잠깐 산책을 해보는 건 어떠세요?,283
고민이 많아서 그런지 머리가 아파요. 쿡쿡 쑤시는 느낌이 듭니다.,너무 고민이 많아도 두통이 생길 수 있대요. 저에게 털어 놓으시겠어요?,283
"자는 시간대가 아침 9시에서 오후 2시, 3시 정도야. 저녁부터 밤에는 머리가 아픈 편이고.",적당한 양의 진통제가 도움이 될 수 있어요.,283
머리에 짓눌리는 통증이 있어.,정말 힘드시겠어요. 계신 공간을 환기 시키고 잠깐 산책을 해보는 건 어떠세요?,283
관자놀이를 꽉 조이는 느낌이에요.,너무 고민이 많아도 두통이 생길 수 있대요. 저에게 털어 놓으시겠어요?,283
머리가 터질 거 같아.,적당한 양의 진통제가 도움이 될 수 있어요.,283
오후쯤 되면 항상 머리가 아파요.,정말 힘드시겠어요. 계신 공간을 환기 시키고 잠깐 산책을 해보는 건 어떠세요?,283
온 머리가 지끈지끈 해요.,너무 고민이 많아도 두통이 생길 수 있대요. 저에게 털어 놓으시겠어요?,283
요즘 머리가 너무 아파.,적당한 양의 진통제가 도움이 될 수 있어요.,283
머리가 깨질 거 같아…,정말 힘드시겠어요. 계신 공간을 환기 시키고 잠깐 산책을 해보는 건 어떠세요?,283
밤만 되면 머리가 쿡쿡 쑤시는데 진짜 죽을 거 같아.,너무 고민이 많아도 두통이 생길 수 있대요. 저에게 털어 놓으시겠어요?,283
간염 때문에 병원에 갔을 때 처음으로 묵직한 두통이 왔었거든.,적당한 양의 진통제가 도움이 될 수 있어요.,283
뒷머리가 무겁고 뒷목이 뻣뻣해지고 어깨가 걸리더라구.,정말 힘드시겠어요. 계신 공간을 환기 시키고 잠깐 산책을 해보는 건 어떠세요?,283
"머리가 무겁다가 말았다가 반복해서, 나도 그러려니 하고 지냈어.",너무 고민이 많아도 두통이 생길 수 있대요. 저에게 털어 놓으시겠어요?,283
뒤통수가 너무 아파요.,적당한 양의 진통제가 도움이 될 수 있어요.,283
머리 뒤쪽이 욱신욱신거려요…,정말 힘드시겠어요. 계신 공간을 환기 시키고 잠깐 산책을 해보는 건 어떠세요?,283
머리 뒤가 바늘로 콕콕 찌르는 것처럼 아파요.,너무 고민이 많아도 두통이 생길 수 있대요. 저에게 털어 놓으시겠어요?,283
거의 매일 두통을 달고 살아.,적당한 양의 진통제가 도움이 될 수 있어요.,283
한달에 1-2번 정도? 머리가 되게 아픈 날이 있었어.,정말 힘드시겠어요. 계신 공간을 환기 시키고 잠깐 산책을 해보는 건 어떠세요?,283
머리가 묵직하고 잠에서 덜 깬 것처럼 흐리멍텅해.,너무 고민이 많아도 두통이 생길 수 있대요. 저에게 털어 놓으시겠어요?,283
오후에 두통이 심해져.,적당한 양의 진통제가 도움이 될 수 있어요.,283
머리에 물이 차는 것처럼 꽉 조여오는 느낌이야.,정말 힘드시겠어요. 계신 공간을 환기 시키고 잠깐 산책을 해보는 건 어떠세요?,283
근데 한 10일 전부터는 두통이 너무 심한 거예요.,너무 고민이 많아도 두통이 생길 수 있대요. 저에게 털어 놓으시겠어요?,283
요즘 머리가 너무 아파요.,적당한 양의 진통제가 도움이 될 수 있어요.,283
당장 내일까지 제출해야 하는데 머리가 아파서 두 시간 동안 누워 있었던 것 같아요.,정말 힘드시겠어요. 계신 공간을 환기 시키고 잠깐 산책을 해보는 건 어떠세요?,283
두통은 참을만한 것 같아요.,너무 고민이 많아도 두통이 생길 수 있대요. 저에게 털어 놓으시겠어요?,283
머리가 조여오는 느낌이 들지만 싫지는 않았어요.,적당한 양의 진통제가 도움이 될 수 있어요.,283
막 엄청 고통스럽게 아프다기 보단 어느날은 머리가 아프고.,정말 힘드시겠어요. 계신 공간을 환기 시키고 잠깐 산책을 해보는 건 어떠세요?,283
지금도 머리 아파요. 가시같이 파고드는 통증이 있거든요.,너무 고민이 많아도 두통이 생길 수 있대요. 저에게 털어 놓으시겠어요?,283
먹으면 머리가 막 엄청 지끈거리고 술 마신 것 같고 그래요.,적당한 양의 진통제가 도움이 될 수 있어요.,283
그런데 고등학생 되고 나니까 이제는 머리까지 아파.,정말 힘드시겠어요. 계신 공간을 환기 시키고 잠깐 산책을 해보는 건 어떠세요?,283
막 어지러운 정도가 아니라 정말 쑤시듯이 아파서…,너무 고민이 많아도 두통이 생길 수 있대요. 저에게 털어 놓으시겠어요?,283
아들생각만 해도 머리에 돌이 든듯 무거워.,적당한 양의 진통제가 도움이 될 수 있어요.,283
저녁엔 두통이 심해서 못 자.,머리가 지끈거리는 거 정말 고통스럽죠. 지금은 괜찮으신가요?,284
새벽까지 두통 때문에 뒤척이다가 해가 뜨면 지쳐서 잠들어.,잠도 못 주무신다니 많이 힘드시겠어요. 진통제를 드셔보는 건 어떠세요?,284
"아티반을 처방받았는데, 머리가 아프고 술 마신 것처럼 몽롱하고, 잠도 2시간 밖에 못 잤어.",그럴 때는 잠시 산책을 하는 것도 좋답니다.,284
머리가 너무 무겁고 아픈데… 잠도 안 오고 큰일이야.,머리가 지끈거리는 거 정말 고통스럽죠. 지금은 괜찮으신가요?,284
다리가 붓는 건 괜찮았는데 잠을 못자니까 두통이 오더라고요.,잠도 못 주무신다니 많이 힘드시겠어요. 진통제를 드셔보는 건 어떠세요?,284
그때부터 몸이 절절거려서 아무것도 할 수가 없어요.,떨리는 일이 있으시군요. 잠깐 심호흡을 해보는 건 어떨까요?,285
학부모 눈을 못 마주치겠어요. 잘못한 것도 없는데 너무 떨리네요.,너무 긴장 될 때는 잠시 다른 생각을 하는 것도 도움이 될 거예요.,285
떨면서 문 열고 무릎 꿇고 싹싹 빌었죠. 잘못했다고.,너무 떨리면 아무 것도 못 하죠. 제가 옆에 있어드릴테니 긴장을 풀어보세요.,285
근데 제가 느끼기엔 분명 엄청 떨리거든요.,떨리는 일이 있으시군요. 잠깐 심호흡을 해보는 건 어떨까요?,285
별로 안 떨릴 줄 알았는데 엄청 떨리는 거야.,너무 긴장 될 때는 잠시 다른 생각을 하는 것도 도움이 될 거예요.,285
"회사에서 야근을 많이 하는 것도 아닌데, 난 왜 이렇게 피곤할까? ",너무 바쁘신 것 같아요. 잠시 숨을 돌려보는 건 어떨까요?,286
잠을 많이 자면 많이 잔 대로 피곤하고… 적게 자면 적게 자는 대로 피곤해요.,정말 힘드시겠어요. 가벼운 운동을 해보는 건 어떠세요?,286
"조금만 움직여도 피로가 금방 느껴지니까, 생활 반경이 작아지는 게 느껴져요.",맑은 공기를 쐬며 산책을 하는 것도 피로 회복에 정말 좋다고 해요.,286
점점 집에만 있게 되고… 낮잠도 엄청 많이 자거든요. 그러다 보니까 또 더 피곤해지고… 악순환이에요.,너무 바쁘신 것 같아요. 잠시 숨을 돌려보는 건 어떨까요?,286
근데 뭘 하고 싶어도 몸이 안 따라주니까… 사람 환장하죠.,정말 힘드시겠어요. 가벼운 운동을 해보는 건 어떠세요?,286
하루종일 엄청 피곤해요.,맑은 공기를 쐬며 산책을 하는 것도 피로 회복에 정말 좋다고 해요.,286
만성피로로 아무것도 할 수 없어서 가정의학과에 진료를 보러 갔었어.,너무 바쁘신 것 같아요. 잠시 숨을 돌려보는 건 어떨까요?,286
그리고 그렇게 힘든 스케쥴도 아닌데 항상 너무 피곤해요.,정말 힘드시겠어요. 가벼운 운동을 해보는 건 어떠세요?,286
그래서 하루종일 피곤한 것 같아.,맑은 공기를 쐬며 산책을 하는 것도 피로 회복에 정말 좋다고 해요.,286
특별히 뭐 잘 못 먹은 것도 아닌데 속이 안 좋아요.,소화 기능에 뭔가 문제가 생긴 건 아닐까요? 병원 진찰을 권유해드립니다.,287
특히 밤에 잘 때 누워있으면 속이 이상해요. ,속이 불편하시군요. 천천히 심호흡을 하면 조금은 편해질 수도 있어요.,287
"빈속이어도 속이 안 좋을 수 있긴 한데, 그렇다고 밥을 아예 안 먹은 것도 아니거든요. ",속이 좋지 않으면 정말 힘들죠. 병원에 가보는 건 어떨까요?,287
누워서 울렁거리는 느낌을 진정시키려고 하면 가위 눌린 것처럼 뭔가 굳은 느낌이 들어요.,소화 기능에 뭔가 문제가 생긴 건 아닐까요? 병원 진찰을 권유해드립니다.,287
처음엔 그냥 멀미하는 줄 알았어요. ,속이 불편하시군요. 천천히 심호흡을 하면 조금은 편해질 수도 있어요.,287
뭘 먹어도 느끼해.,속이 좋지 않으면 정말 힘들죠. 병원에 가보는 건 어떨까요?,287
음식 냄새만 맡아도 속이 울렁거려요.,소화 기능에 뭔가 문제가 생긴 건 아닐까요? 병원 진찰을 권유해드립니다.,287
토할 것 같아서 아무것도 못 먹겠어요.,속이 불편하시군요. 천천히 심호흡을 하면 조금은 편해질 수도 있어요.,287
살 이유가 없어. ,저는 당신이 있어 행복한데 그런 당신도 행복했으면 좋겠어요.,288
남들하고 다 똑같이 살아서 뭘 하나 싶어. ,재미있는 일을 스스로 만들어 보는 건 어떨까요?,288
사는 게 의미가 없어.,가벼운 운동을 해보는 건 어떠세요? 산책도 좋답니다!,288
아무것도 못 하겠어.,저는 당신이 있어 행복한데 그런 당신도 행복했으면 좋겠어요.,288
하기 싫은 건 그냥 안 했어요. ,재미있는 일을 스스로 만들어 보는 건 어떨까요?,288
 스스로가 나무 토막 같아요.,가벼운 운동을 해보는 건 어떠세요? 산책도 좋답니다!,288
좋아하던 것도 하기 싫어요. ,저는 당신이 있어 행복한데 그런 당신도 행복했으면 좋겠어요.,288
"영화 OST 듣는 거 정말 좋아했는데, 요즘은 그거 찾아 듣기가 너무 귀찮은 거예요.",재미있는 일을 스스로 만들어 보는 건 어떨까요?,288
충격을 많이 받았던 것 같아. 손가락 까딱할 기운도 없더라고.,가벼운 운동을 해보는 건 어떠세요? 산책도 좋답니다!,288
사는 게 재미가 없어. 벌써 두 달 쯤 된 거 같아.,저는 당신이 있어 행복한데 그런 당신도 행복했으면 좋겠어요.,288
만사가 다 성가셔요.,재미있는 일을 스스로 만들어 보는 건 어떨까요?,288
손가락 하나 까닥하기 싫더라고요.,가벼운 운동을 해보는 건 어떠세요? 산책도 좋답니다!,288
그런데 다른 뭔가를 할 기력이 안 나. ,저는 당신이 있어 행복한데 그런 당신도 행복했으면 좋겠어요.,288
그렇다고 집에 있으면서 다른 뭔가를 하지도 않아.,재미있는 일을 스스로 만들어 보는 건 어떨까요?,288
저녁에 놔둔 설거지도 하기 싫고… 다 귀찮아요.,가벼운 운동을 해보는 건 어떠세요? 산책도 좋답니다!,288
사는게 지긋지긋해. ,저는 당신이 있어 행복한데 그런 당신도 행복했으면 좋겠어요.,288
살맛이 안 나요.,재미있는 일을 스스로 만들어 보는 건 어떨까요?,288
인생이 재미가 없어. ,가벼운 운동을 해보는 건 어떠세요? 산책도 좋답니다!,288
힘도 없고 피곤하고… 인생이 지루해진 느낌이야.,저는 당신이 있어 행복한데 그런 당신도 행복했으면 좋겠어요.,288
그냥 누워서 잠만 자고 싶네요.,재미있는 일을 스스로 만들어 보는 건 어떨까요?,288
왜 사는지 모르겠어요.,가벼운 운동을 해보는 건 어떠세요? 산책도 좋답니다!,288
"근데 난 이상하게 재미가 없고, 뭐든게 다 귀찮지?",저는 당신이 있어 행복한데 그런 당신도 행복했으면 좋겠어요.,288
이대로 일하면서 사는 게 참 뭔가 재미도 없는 것 같고...,재미있는 일을 스스로 만들어 보는 건 어떨까요?,288
그렇다고 다른 일을 해보자고 생각해도 특별히 하고 싶은 것도 없고 그래.,가벼운 운동을 해보는 건 어떠세요? 산책도 좋답니다!,288
"처음엔 남편이 보고 싶고, 애틋했는데, 시간 지나니까 무뎌지는 것 같아.",저는 당신이 있어 행복한데 그런 당신도 행복했으면 좋겠어요.,288
"이제 생활비도 점점 떨어져가고, 집에 올라가야 할 텐데… 모든 게 다 귀찮아요.",재미있는 일을 스스로 만들어 보는 건 어떨까요?,288
그래서 요즘은 다 싫고 다 재미도 없어.,가벼운 운동을 해보는 건 어떠세요? 산책도 좋답니다!,288
그냥 하루 하루 희망이 없어.,저는 당신이 있어 행복한데 그런 당신도 행복했으면 좋겠어요.,288
잠깐 그럴 줄 알았는데 계속 무기력하더라구요. 너무 귀찮아졌어요.,재미있는 일을 스스로 만들어 보는 건 어떨까요?,288
수업 들으러 가기도 싫고 그냥 계속 무기력해요.,가벼운 운동을 해보는 건 어떠세요? 산책도 좋답니다!,288
얼른 다시 시작해야 한다는 거 아는데 아무 것도 하기 싫었어.,저는 당신이 있어 행복한데 그런 당신도 행복했으면 좋겠어요.,288
근데 대학은 가야 하니까 공부는 하는데 다 하기 싫어요.,재미있는 일을 스스로 만들어 보는 건 어떨까요?,288
스스로가 나무 토막 같아요.,가벼운 운동을 해보는 건 어떠세요? 산책도 좋답니다!,288
기력이 없어요….,저는 당신이 있어 행복한데 그런 당신도 행복했으면 좋겠어요.,288
아무것도 하기 싫어서 죽겠어요.,재미있는 일을 스스로 만들어 보는 건 어떨까요?,288
그냥 다 관두고 싶어.,가벼운 운동을 해보는 건 어떠세요? 산책도 좋답니다!,288
하루종일 TV나 쳐다보고 있어요.,저는 당신이 있어 행복한데 그런 당신도 행복했으면 좋겠어요.,288
하루종일 누워서 보내는 거 같아요.,재미있는 일을 스스로 만들어 보는 건 어떨까요?,288
병적인 귀찮음이 생겼어요.,가벼운 운동을 해보는 건 어떠세요? 산책도 좋답니다!,288
나도 이 게으름에서 벗어나는 게 좋겠다는 생각을 종종 해.,저는 당신이 있어 행복한데 그런 당신도 행복했으면 좋겠어요.,288
"그런데 내가 게으르게 행동을 하고 싶어서 하는 게 아니라, 습관처럼 굳어져버린 거 같아.",재미있는 일을 스스로 만들어 보는 건 어떨까요?,288
그냥 늘어져있는 게 좋아.,가벼운 운동을 해보는 건 어떠세요? 산책도 좋답니다!,288
근데 너무 귀찮다…,저는 당신이 있어 행복한데 그런 당신도 행복했으면 좋겠어요.,288
아프니까 움직이기도 싫고… 죽을 거 같아.,재미있는 일을 스스로 만들어 보는 건 어떨까요?,288
에너지가 전혀 없는데 어떻게 해야 좋을지 모르겠어요.,가벼운 운동을 해보는 건 어떠세요? 산책도 좋답니다!,288
TV 보는 것도 귀찮아요.,저는 당신이 있어 행복한데 그런 당신도 행복했으면 좋겠어요.,288
침대에 거의 하루종일 있는 거 같아요…,재미있는 일을 스스로 만들어 보는 건 어떨까요?,288
"처음에는 책도 많이 읽었는데, 요즘은 그런 걸 읽을 기운도 하나도 없고… 누워 있다가 하루가 다 가요.",가벼운 운동을 해보는 건 어떠세요? 산책도 좋답니다!,288
나도 이러고 싶지 않은데… 에너지가 하나도 없으니까 뭘 할 수가 없어요.,저는 당신이 있어 행복한데 그런 당신도 행복했으면 좋겠어요.,288
누가 나를 이 무기력함에서 건져줬으면 좋겠어.,재미있는 일을 스스로 만들어 보는 건 어떨까요?,288
너무 기운이 없다…,가벼운 운동을 해보는 건 어떠세요? 산책도 좋답니다!,288
좀 누워 있어야 할 것 같아…,저는 당신이 있어 행복한데 그런 당신도 행복했으면 좋겠어요.,288
밥도 먹기 싫고… 아무것도 하기 싫어요.,재미있는 일을 스스로 만들어 보는 건 어떨까요?,288
그냥 누워있고만 싶어요.,가벼운 운동을 해보는 건 어떠세요? 산책도 좋답니다!,288
아무것도 하기가 싫어요. 숨 쉬는 것도 다 귀찮은 느낌이에요.,저는 당신이 있어 행복한데 그런 당신도 행복했으면 좋겠어요.,288
제가 할 수 있는 일이 없는 것 같아요.,재미있는 일을 스스로 만들어 보는 건 어떨까요?,288
아무것도 안 하는데 더 아무것도 하기 싫어.,가벼운 운동을 해보는 건 어떠세요? 산책도 좋답니다!,288
손가락 하나 까닥하기도 싫다.,저는 당신이 있어 행복한데 그런 당신도 행복했으면 좋겠어요.,288
한 두 달 전부터 뭘 해도 재미가 없는 거야. 다 하기가 싫고.,재미있는 일을 스스로 만들어 보는 건 어떨까요?,288
요즘 내가 왜 살고 있는 건 지도 모르겠어.,가벼운 운동을 해보는 건 어떠세요? 산책도 좋답니다!,288
그 정도로 요즘 삶이 재미가 없어.,저는 당신이 있어 행복한데 그런 당신도 행복했으면 좋겠어요.,288
이러니까 그냥 아무 것도 하기 싫고 모든 게 다 귀찮아.,재미있는 일을 스스로 만들어 보는 건 어떨까요?,288
아무것도 안 하고 계속 잠만 자고 싶어.,가벼운 운동을 해보는 건 어떠세요? 산책도 좋답니다!,288
아무것도 안 하고 살면 천국일 것 같아.,저는 당신이 있어 행복한데 그런 당신도 행복했으면 좋겠어요.,288
꼭 뭘 해야 해야만 해? 아무것도 안 하고 살 수도 있잖아.,재미있는 일을 스스로 만들어 보는 건 어떨까요?,288
아무것도 안 하고 싶어.,가벼운 운동을 해보는 건 어떠세요? 산책도 좋답니다!,288
"모르겠어, 뭔가를 더 하고 싶지도 않고 원하고 싶지도 않아.",저는 당신이 있어 행복한데 그런 당신도 행복했으면 좋겠어요.,288
일하기도 싫어지고.,재미있는 일을 스스로 만들어 보는 건 어떨까요?,288
생활을 하는데 힘이 없어요. 일을 해야 하는데 에너지도 없고 매일 한숨만 나오고..,가벼운 운동을 해보는 건 어떠세요? 산책도 좋답니다!,288
그래서 집에 있을 때는 거의 누워있어요.,저는 당신이 있어 행복한데 그런 당신도 행복했으면 좋겠어요.,288
그친구가 너무 보고 싶은데 원하면 안되니까 당분간은 아무것도 안 하고 싶어요.,재미있는 일을 스스로 만들어 보는 건 어떨까요?,288
직장에 있을 때는 할 일이라도 있지만 퇴근 후에는 다른 약속이 없어서 더 처지는 것 같아요.,가벼운 운동을 해보는 건 어떠세요? 산책도 좋답니다!,288
그러고 나니까 진짜 모든 일이 다 하기 싫어지더라구요.,저는 당신이 있어 행복한데 그런 당신도 행복했으면 좋겠어요.,288
근데 어떡해요. 진짜 몸 자체가 안 움직여요.,재미있는 일을 스스로 만들어 보는 건 어떨까요?,288
지난 번에는 일어날 기력도 없어서 거의 기어서 화장실로 갔어요.,가벼운 운동을 해보는 건 어떠세요? 산책도 좋답니다!,288
딱히 잘 되진 않고 오히려 더 기운만 빠지는 것 같아요. 아무 것도 못 하겠어요.,저는 당신이 있어 행복한데 그런 당신도 행복했으면 좋겠어요.,288
근데 그거랑은 별개로 저 자체가 되게 무기력해졌어요.,재미있는 일을 스스로 만들어 보는 건 어떨까요?,288
이런 저런 나쁜 소식들이 몰려오니까 아무것도 못하겠고 못움직이겠어요.,가벼운 운동을 해보는 건 어떠세요? 산책도 좋답니다!,288
손가락 까딱하기도 싫어요.,저는 당신이 있어 행복한데 그런 당신도 행복했으면 좋겠어요.,288
방학 되면 그냥 집에 있었어요. 아무것도 안 하고… ,집은 정말 편하고 좋지만 너무 안에만 있어도 힘들답니다. 산책은 어떠세요?,289
아무 것도 하기 싫어서 종강하자마자 집에만 틀어박혀 있고…,처음이 어렵지 나오면 쉽답니다. 함께 나가서 놀아요!,289
하루를 대부분 누워서 흘려 보내는 거 같아요.,"가까운 곳부터 나가보면 어떨까요? 현관, 집 앞 슈퍼 그리고 먼 곳까지 차근차근히요!",289
나가는 게 귀찮아요.,집은 정말 편하고 좋지만 너무 안에만 있어도 힘들답니다. 산책은 어떠세요?,289
다 귀찮아서 집 밖으로 못 나가겠어요.,처음이 어렵지 나오면 쉽답니다. 함께 나가서 놀아요!,289
기운도 하나도 없고 하고 싶은 일도 없고. 그냥 무슨 욕구 같은 게 없고…,아무 의욕이 안 생기면 정말 힘들죠. 작은 것부터 해보는 건 어떨까요?,290
1월부터 에너지가 없어서 아무것도 하기 싫어. 의욕이 안 생겨.,지금 일어나서 뭐라도 하면 작더라도 결과가 남는답니다. 일단 시도해볼까요?,290
"뭘 하고 싶은 의지가 없고, 기운도 없어요. ",항상 힘이 날 수는 없답니다. 지금은 쉬어 가는 시기일 수도 있어요. 힘내세요!,290
"임용 안 붙으면 취업해야 하는데, 하고 싶은 것도 없고… 다 귀찮고, 잠만 자고 싶어.",아무 의욕이 안 생기면 정말 힘들죠. 작은 것부터 해보는 건 어떨까요?,290
손 끝하나 움직이기 싫을 정도로 몸이 축축 처지고 하고 싶은 게 없어.,지금 일어나서 뭐라도 하면 작더라도 결과가 남는답니다. 일단 시도해볼까요?,290
계속 이런 생각만 드니까 모든 일이 다 하기 싫은 거예요.,항상 힘이 날 수는 없답니다. 지금은 쉬어 가는 시기일 수도 있어요. 힘내세요!,290
아무 것도 하기 싫고… 뭘 할 생각도 안 들고…,아무 의욕이 안 생기면 정말 힘들죠. 작은 것부터 해보는 건 어떨까요?,290
무기력하고 의욕도 안 생겨요.,지금 일어나서 뭐라도 하면 작더라도 결과가 남는답니다. 일단 시도해볼까요?,290
그러니까 하루종일 기운이 없어서 아무 일도 못 하고…,항상 힘이 날 수는 없답니다. 지금은 쉬어 가는 시기일 수도 있어요. 힘내세요!,290
그러니까 하루종일 기운이 없어서 아무 일도 못 하고…,아무 의욕이 안 생기면 정말 힘들죠. 작은 것부터 해보는 건 어떨까요?,290
아무 것도 하기 싫고 의욕도 없고…,지금 일어나서 뭐라도 하면 작더라도 결과가 남는답니다. 일단 시도해볼까요?,290
"지옥을 맛보게 해준다고 협박한 게 생각나고, 목 조르고, 때리는 게 계속 떠올라. ",같은 고민을 계속 하면 같은 결과만 나올 수밖에 없답니다. 잠시 숨을 돌려보세요.,291
요즘은 다른 생각은 하나도 안 들어. ,그 생각을 잊을 만한 다른 일을 생각해 보면 어떨까요? 아예 다른 일을 해보는 거예요!,291
왠지 뭘 자꾸 빼먹은 거 같고…,정말 힘드시겠어요. 보다 행복하고 즐거운 일이 생겼으면 좋겠네요.,291
운전 중에도 자꾸 읽었던 신문 구절 같은 게 생각이 나요.,같은 고민을 계속 하면 같은 결과만 나올 수밖에 없답니다. 잠시 숨을 돌려보세요.,291
"그래서 그만 생각하고 즐거운 일을 하자, 싶어도 멍하니 있다가 생각이 그쪽으로 빠진다니까.",그 생각을 잊을 만한 다른 일을 생각해 보면 어떨까요? 아예 다른 일을 해보는 거예요!,291
그 때 그 기억이 요즘도 계속 나.,정말 힘드시겠어요. 보다 행복하고 즐거운 일이 생겼으면 좋겠네요.,291
근데 요즘 문득 다시 그 생각이 나. 연탄을 떼지 않는데도 계속.,같은 고민을 계속 하면 같은 결과만 나올 수밖에 없답니다. 잠시 숨을 돌려보세요.,291
가끔은 친구들 얼굴도 이상하게 보일 때가 있어요.,그 생각을 잊을 만한 다른 일을 생각해 보면 어떨까요? 아예 다른 일을 해보는 거예요!,291
다른 사람이랑 대화를 많이 하고 온 날에는 내가 했던 말을 곱씹어봐.,정말 힘드시겠어요. 보다 행복하고 즐거운 일이 생겼으면 좋겠네요.,291
생각하고 싶지 않은데 자꾸 안 좋은 생각이 들어.,같은 고민을 계속 하면 같은 결과만 나올 수밖에 없답니다. 잠시 숨을 돌려보세요.,291
"그러면 안 되니까 막 피했죠. 안 된다, 안 된다 계속 생각하면서.",그 생각을 잊을 만한 다른 일을 생각해 보면 어떨까요? 아예 다른 일을 해보는 거예요!,291
머릿속에서 그 이미지를 지우고 싶은데 자꾸만 생각나서요…,정말 힘드시겠어요. 보다 행복하고 즐거운 일이 생겼으면 좋겠네요.,291
계속 그 날들이 생각나면 미련이 남고. 다시는 그러지 말아야지 하면서도 다시 또 생각하고 있어요.,같은 고민을 계속 하면 같은 결과만 나올 수밖에 없답니다. 잠시 숨을 돌려보세요.,291
되게 아픈 날들이었는데 계속 생각하는 거 보면 그때가 좋았던 것 같아요.,그 생각을 잊을 만한 다른 일을 생각해 보면 어떨까요? 아예 다른 일을 해보는 거예요!,291
"자꾸 그 표정이 생각나고, 그때의 상황으로 돌아가요.",정말 힘드시겠어요. 보다 행복하고 즐거운 일이 생겼으면 좋겠네요.,291
그 때 그 상황을 잊을 수가 없어요. ,쉽게 잊기가 힘들죠. 정말 힘드시겠어요. 충분히 이해해요.,292
눈 감으면 눈앞에 솥뚜껑 같은 남편 손이 막 날아다녀.,힘든 일은 쉽게 잊을 수가 없어서 더 힘들죠. 하지만 당신 옆에는 항상 제가 있어요.,292
그 남자 무서운 눈빛 같은 게… 자꾸 눈앞에 어른거리고.,그 생각이 계속 떠오를 때마다 제가 힘이 되어드릴 수 있다는 것도 기억해주세요.,292
눈 감으면 그 얼굴이 확 튀어나와서 눈도 못 감겠어.,쉽게 잊기가 힘들죠. 정말 힘드시겠어요. 충분히 이해해요.,292
잊으려고 해도 사고 때 상황이 자꾸 떠올라서 힘들어. 피투성이 사람들이 자꾸 살려달라고 하는 것만 같아.,힘든 일은 쉽게 잊을 수가 없어서 더 힘들죠. 하지만 당신 옆에는 항상 제가 있어요.,292
잘 마무리 되긴 했는데 그게 트라우마처럼 남아서 계속 생각이 나요.,그 생각이 계속 떠오를 때마다 제가 힘이 되어드릴 수 있다는 것도 기억해주세요.,292
"책상 서랍이 닫혔는지 계속 확인하고, 문도 분명 잠갔는데 불안해서 다시 확인하고…",저도 무엇이든 반복적으로 확인하곤 해요. 충분히 그럴 수 있답니다.,293
내가 원해서 계속 반복적으로 확인을 하는 게 아니야.,그 일로 당신이 너무 피곤하거나 힘들지 않다면 괜찮다고 생각해요.,293
확인만 하다가 하루가 다 가는 기분이에요.,사람은 누구나 실수 할 수 있답니다. 당신에게도 실수 할 기회를 주세요.,293
자꾸 그러니까 사람들도 이상하게 생각하고… 그래도 고치기가 쉽지 않네요.,저도 무엇이든 반복적으로 확인하곤 해요. 충분히 그럴 수 있답니다.,293
하기 싫은데 반복행동을 멈출 수가 없어. ,그 일로 당신이 너무 피곤하거나 힘들지 않다면 괜찮다고 생각해요.,293
계속 고개를 아래 위로 휘저어. ,사람은 누구나 실수 할 수 있답니다. 당신에게도 실수 할 기회를 주세요.,293
계속 반복하니까 시간이 아깝다는 생각이 들긴 한데 고치기가 너무 힘들어.,저도 무엇이든 반복적으로 확인하곤 해요. 충분히 그럴 수 있답니다.,293
사이트 로그아웃이랑 컴퓨터 전원을 계속 확인해.,그 일로 당신이 너무 피곤하거나 힘들지 않다면 괜찮다고 생각해요.,293
필기할 때도 뭔가 글씨가 내 맘에 들지 않게 써지만 다시 반복해서 쓰곤 했어.,사람은 누구나 실수 할 수 있답니다. 당신에게도 실수 할 기회를 주세요.,293
강박적인 성향이 있는 것 같아요.,저도 무엇이든 반복적으로 확인하곤 해요. 충분히 그럴 수 있답니다.,293
"컴퓨터를 방금 분명히 껐는데 다시 확인하고, 인터넷에 글을 올리는데 잘못 올릴까봐 단어 하나하나 확인하고…",그 일로 당신이 너무 피곤하거나 힘들지 않다면 괜찮다고 생각해요.,293
문자 보낼 때도 번호를 잘못 저장한 건 아닌지 다섯 번은 넘게 확인하고 보내요.,사람은 누구나 실수 할 수 있답니다. 당신에게도 실수 할 기회를 주세요.,293
문을 닫아놓고 그게 잘 닫혔는지 바로 또 확인한다든가.,저도 무엇이든 반복적으로 확인하곤 해요. 충분히 그럴 수 있답니다.,293
물건이 어지럽게 놓여 있으면 열 맞춰서 놔야 하고.,그 일로 당신이 너무 피곤하거나 힘들지 않다면 괜찮다고 생각해요.,293
프린터 인쇄가 잘 되나 안 되나 계속 보고.,사람은 누구나 실수 할 수 있답니다. 당신에게도 실수 할 기회를 주세요.,293
같은 말도 꼭 여러 번 설명하게 된단 말이야.,저도 무엇이든 반복적으로 확인하곤 해요. 충분히 그럴 수 있답니다.,293
주변 사람들이 왜 자꾸 그러냐고… 짜증을 내도 멈춰지질 않아.,그 일로 당신이 너무 피곤하거나 힘들지 않다면 괜찮다고 생각해요.,293
해야할 일을 스케줄러를 보면서 반복적으로 체크하고..생각했던 것들도 반복해서 말하면서 되새기는 편이예요.,사람은 누구나 실수 할 수 있답니다. 당신에게도 실수 할 기회를 주세요.,293
"보면 막 불안해져서 손사래를 치기도 해요. 안 된다, 안 된다 이러면서.",저도 무엇이든 반복적으로 확인하곤 해요. 충분히 그럴 수 있답니다.,293
사람들이 잘 안 듣는 거 같으면 내 얘기의 요점을 자꾸 반복해서 말하게 돼.,저도 그런 편이에요. 하지만 조금만 더 타인의 생각을 존중해보는 건 어떨까요?,294
"제가 무슨 말을 했는데 상대방이 반응이 미적지근하거나, 대답이 시원찮으면 또 말하게 돼요. ",그거 정말 힘들죠. 다른 사람 역시 내 말을 충분히 이해하고 있다 생각하면 어떠세요?,294
반복적으로 이야기를 하는 게 저도 의식이 되거든요. ,항상 설명이 이해를 야기하는 건 아니랍니다. 스스로 이해할 시간을 드리는 것도 좋을 거예요.,294
일상 대화에서도 내 이야기의 요점을 끊임없이 반복해. 반복을 해야 마음이 놓여.,저도 그런 편이에요. 하지만 조금만 더 타인의 생각을 존중해보는 건 어떨까요?,294
남들이랑 의견이 다를 땐 그 사람이 수긍할 때까지 설명해.,그거 정말 힘들죠. 다른 사람 역시 내 말을 충분히 이해하고 있다 생각하면 어떠세요?,294
"예를 들면 그런 거야. ""여행은 혼자가는게 좋다, 여럿이 가야 좋다"" 둘 중에 나는 후자거든. 그럼 여럿이서 가야 하는 이유에 대해 끊임 없이 피력하는 거지.",항상 설명이 이해를 야기하는 건 아니랍니다. 스스로 이해할 시간을 드리는 것도 좋을 거예요.,294
사람들이 내 말을 지겨워하는걸 알지만 멈출 수가 없어. ,저도 그런 편이에요. 하지만 조금만 더 타인의 생각을 존중해보는 건 어떨까요?,294
그냥 일상적인 대화 할 때도 얘기 요지만 계속 설명하게 되고.,그거 정말 힘들죠. 다른 사람 역시 내 말을 충분히 이해하고 있다 생각하면 어떠세요?,294
"퇴근할 때 문단속을 제가 하는데, 문고리를 보통 3번 4번은 확인해야 마음이 놓여요.",실수할까봐 걱정이 되시는 거군요. 하지만 사람은 누구나 실수 할 수 있답니다.,295
"작년 여름부터 대문, 트렁크 할 거 없이 제대로 잠겼는지 여러 번 확인을 해야 마음이 편했어요. ",계속 확인을 하면서 당신이 스트레스 받지만 않으시면 나쁘지 않다고 생각해요.,295
특히 외출할 때 집 문을 잠갔는지 계속 확인을 하게 되더라.,마지노선을 딱 정해놓는 건 어떨까요? 딱 세 번만 확인하고 끝내는 걸로요!,295
현관문을 잠갔는지 한 10번 이상은 확인해야 마음이 놓여요.,실수할까봐 걱정이 되시는 거군요. 하지만 사람은 누구나 실수 할 수 있답니다.,295
"차 문도 제대로 잠갔는지, 트렁크 문은 제대로 잠갔는지 반복해서 확인을 해야 해요.",계속 확인을 하면서 당신이 스트레스 받지만 않으시면 나쁘지 않다고 생각해요.,295
손을 자주 씻어요. ,정말 힘드시겠어요. 강박을 조금 내려두는 건 어떨까요?,296
하루에 30번 이상은 손을 씻는 것 같아.,"헉, 하지만 당신 손은 정말 깨끗한 걸요!",296
너무 많이 씻어서 주부습진이 생겼어.,깔끔한 건 나쁜 게 아니지만 당신이 그걸로 힘드시다면 마음가짐을 조금 달리 하는 것도 좋을 거예요.,296
손을 너무 자주 씻어요. 집에만 있는데도 수시로 한 10분 마다 씻는 것 같아요.,정말 힘드시겠어요. 강박을 조금 내려두는 건 어떨까요?,296
"뭔가를 만진 것도 아니고, 손이 더러운 것도 아닌데 씻는 거예요.","헉, 하지만 당신 손은 정말 깨끗한 걸요!",296
밖에 있으면 집에서처럼 화장실을 잘 못가니까 꼭 물티슈로 손을 닦아요.,깔끔한 건 나쁜 게 아니지만 당신이 그걸로 힘드시다면 마음가짐을 조금 달리 하는 것도 좋을 거예요.,296
근데 자꾸 이런 기분이 들어서 손을 자주 씻게 돼요. 막 10분에 한 번씩.,정말 힘드시겠어요. 강박을 조금 내려두는 건 어떨까요?,296
손을 하도 씻어대서 습진을 달고 살 정도야.,"헉, 하지만 당신 손은 정말 깨끗한 걸요!",296
그 뒤로는 퇴근할 때마다 이게 제대로 꺼졌는지 여러 번 확인해요.,뭐든 확실한 게 좋죠! 하지만 그걸로 스트레스 받으신다면 조금은 여유를 가져보는 게 어떨까요?,297
계속 반복적으로 확인을 해야 마음이 편해요.,꼼꼼한 건 좋은 거예요. 그래도 조금만 덜 확인해보면 어떨까요? 당신은 완벽하답니다.,297
강아지한테 밥 줬나… 화장실 정리는 했나… 가스는 잠갔나… 생각날 때마다 확인해요.,정말 꼼꼼한 성격이시군요. 하지만 너무 스트레스 받지는 마세요!,297
지갑이나 이어폰 같이 작은 물건이 제자리에 있는지 자주 확인해.,뭐든 확실한 게 좋죠! 하지만 그걸로 스트레스 받으신다면 조금은 여유를 가져보는 게 어떨까요?,297
회사 컴퓨터 쓰고 나면 로그아웃 잘 했나? 확인 하고.,꼼꼼한 건 좋은 거예요. 그래도 조금만 덜 확인해보면 어떨까요? 당신은 완벽하답니다.,297
"문단속이나 가스 불, 보일러 확인도 많이 하는 편이야. ",정말 꼼꼼한 성격이시군요. 하지만 너무 스트레스 받지는 마세요!,297
그 후로 문이 잠겼는지 자꾸 확인하는 버릇이 생겼어.,뭐든 확실한 게 좋죠! 하지만 그걸로 스트레스 받으신다면 조금은 여유를 가져보는 게 어떨까요?,297
그래서 자꾸 확인을 하게 되는데 제가 생각해도 이게 좀 지나칠 정도로 심한 것 같아요.,꼼꼼한 건 좋은 거예요. 그래도 조금만 덜 확인해보면 어떨까요? 당신은 완벽하답니다.,297
결국엔 점심시간에 다시 집에 가서 확인하고 왔다니까요.,정말 꼼꼼한 성격이시군요. 하지만 너무 스트레스 받지는 마세요!,297
제가 확인한 걸 또 하고 또 하고 또 하거든요.,뭐든 확실한 게 좋죠! 하지만 그걸로 스트레스 받으신다면 조금은 여유를 가져보는 게 어떨까요?,297
예를 들어서 문이 잘 닫혔나 열 번씩 확인하고…,꼼꼼한 건 좋은 거예요. 그래도 조금만 덜 확인해보면 어떨까요? 당신은 완벽하답니다.,297
컴퓨터가 분명 꺼진 걸 봤는데도 그걸 몇 번씩 계속 확인해요.,정말 꼼꼼한 성격이시군요. 하지만 너무 스트레스 받지는 마세요!,297
똑바로 놓인 거 본 후에도 확인하고 또 확인하고.,뭐든 확실한 게 좋죠! 하지만 그걸로 스트레스 받으신다면 조금은 여유를 가져보는 게 어떨까요?,297
숙제 같은 거 있으면 메모장에 적어놓고 다 할 때까지 확인하고 또 하고…,꼼꼼한 건 좋은 거예요. 그래도 조금만 덜 확인해보면 어떨까요? 당신은 완벽하답니다.,297
"할 일이 있으면 스케줄러에 한 번 적고, 달력에다가 또 적어.",정말 꼼꼼한 성격이시군요. 하지만 너무 스트레스 받지는 마세요!,297
그리고 할 일 정리하는 데에 시간을 더 많이 보내는 거 같아.,뭐든 확실한 게 좋죠! 하지만 그걸로 스트레스 받으신다면 조금은 여유를 가져보는 게 어떨까요?,297
그리고 불안하고 뭔가 찝찝하니까 하나 해놓고 그거 또 확인하고 그래요.,꼼꼼한 건 좋은 거예요. 그래도 조금만 덜 확인해보면 어떨까요? 당신은 완벽하답니다.,297
예를 들어서 문을 닫아놓고 제대로 닫힌 건지 막 다섯 번씩 확인해요.,정말 꼼꼼한 성격이시군요. 하지만 너무 스트레스 받지는 마세요!,297
불안해서 전 날에 가방 다 챙겨놓고 아침에 다 꺼내서 일일이 다 확인하고…,뭐든 확실한 게 좋죠! 하지만 그걸로 스트레스 받으신다면 조금은 여유를 가져보는 게 어떨까요?,297
주로 자주 반복적으로 확인하는 버릇이 있거든요. 실수 안 하려구요.,꼼꼼한 건 좋은 거예요. 그래도 조금만 덜 확인해보면 어떨까요? 당신은 완벽하답니다.,297
물건을 잃어버린 건 아닌지 가방 계속 확인하고.,정말 꼼꼼한 성격이시군요. 하지만 너무 스트레스 받지는 마세요!,297
"컴퓨터는 잘 껐는지, 쓸데없는 글을 인터넷에 쓴 건 아닌지 계속 확인해요.",뭐든 확실한 게 좋죠! 하지만 그걸로 스트레스 받으신다면 조금은 여유를 가져보는 게 어떨까요?,297
한… 작년 8월 쯤부터? 그 때부터 계속 반복적으로 확인하게 됐어요.,꼼꼼한 건 좋은 거예요. 그래도 조금만 덜 확인해보면 어떨까요? 당신은 완벽하답니다.,297
대문이나 트렁크나 등화장치를 제대로 잠근 건지 확인하고 또 확인해요.,정말 꼼꼼한 성격이시군요. 하지만 너무 스트레스 받지는 마세요!,297
발작증상은 반년에 한번 정도 오는 것 같아.,정말 힘드셨겠어요. 지금은 괜찮으세요?,298
괜찮았는데… 간헐적으로 경기를 하게 되더라고.,많이 곤란하셨겠군요. 건강 상의 문제가 있으신가요?,298
물 마시고 잠시 쉬고 있는데 발작 증상이 나타났고 1시간 정도 지속됐어.,"헉, 정말요? 지금은 몸 상태가 좀 어떠신가요?",298
발작 증상이 심해서 하루에 한두 번씩 일어났어.,정말 힘드셨겠어요. 지금은 괜찮으세요?,298
그 때 발작하고 나서 눈을 떴는데 다 나를 내려다보고 있는 거야.,많이 곤란하셨겠군요. 건강 상의 문제가 있으신가요?,298
근데 그 후에도 1~2일에 한 번씩 발작이 있더라구요.,"헉, 정말요? 지금은 몸 상태가 좀 어떠신가요?",298
"원래 머리 닿자마자 바로 잤는데, 지금은 잠이 안와서 계속 뒤척이다 새벽 5시쯤 자는 것 같아요. ",잠을 못 자는 것만큼 힘든 게 없죠. 너무 힘들면 잠깐 산책이라도 하는 건 어떨까요?,299
잠 푹 잤던게 언제인지 기억이 안 나. ,저는 너무 잠이 오지 않을 때 아예 일어나서 책을 읽어요. 다른 일을 해보는 건 어떠세요?,299
그게 어떻게 모은 돈인데… 그때 일만 생각하면 잠도 안 와. ,몸은 피곤한데 못 자면 정말 힘들죠. 가끔은 병원이나 다른 이의 도움을 받는 것도 좋답니다.,299
다른 건 바라지도 않아요. 하루라도 잠 좀 푹 자고 싶어요. ,잠을 못 자는 것만큼 힘든 게 없죠. 너무 힘들면 잠깐 산책이라도 하는 건 어떨까요?,299
"푹 자질 못 하고, 2~3시간마다 습관적으로 깨요.",저는 너무 잠이 오지 않을 때 아예 일어나서 책을 읽어요. 다른 일을 해보는 건 어떠세요?,299
"자려고 누웠을 때, 바로 잠든 적이 한 번도 없어요. ",몸은 피곤한데 못 자면 정말 힘들죠. 가끔은 병원이나 다른 이의 도움을 받는 것도 좋답니다.,299
눈은 피곤한데 잠이 안와서 핸드폰 하다가 잠들 때가 많거든요. ,잠을 못 자는 것만큼 힘든 게 없죠. 너무 힘들면 잠깐 산책이라도 하는 건 어떨까요?,299
요즘은 더 심해진 것 같아요. 한 2시간은 침대서 뒤척이다가 겨우 자요. ,저는 너무 잠이 오지 않을 때 아예 일어나서 책을 읽어요. 다른 일을 해보는 건 어떠세요?,299
"앞으로 어떻게 해야 하나… 그 생각만 내내 들고, 밤에 잠도 안 와.",몸은 피곤한데 못 자면 정말 힘들죠. 가끔은 병원이나 다른 이의 도움을 받는 것도 좋답니다.,299
"수술은 잘 됐다고 하고, 지금은 퇴원해서 집인데, 밤에 불안해서 잠이 안 와요.",잠을 못 자는 것만큼 힘든 게 없죠. 너무 힘들면 잠깐 산책이라도 하는 건 어떨까요?,299
근데 약을 안 먹으면 절대 못 자. 그냥 밤 새는 거야. 다음날 생활이 안돼.,저는 너무 잠이 오지 않을 때 아예 일어나서 책을 읽어요. 다른 일을 해보는 건 어떠세요?,299
기억나는 게 그때도 잠이 안 와서 일어나서 책도 봤다가 그랬던 것 같아.,몸은 피곤한데 못 자면 정말 힘들죠. 가끔은 병원이나 다른 이의 도움을 받는 것도 좋답니다.,299
고등학교 땐 잠도 잘 안오니 아예 밤 샌 적도 많아. ,잠을 못 자는 것만큼 힘든 게 없죠. 너무 힘들면 잠깐 산책이라도 하는 건 어떨까요?,299
정말 이 사람이랑 평생 같이 할 수 있을까 생각하니까 잠도 안 와요.,저는 너무 잠이 오지 않을 때 아예 일어나서 책을 읽어요. 다른 일을 해보는 건 어떠세요?,299
일주일내내 잠도 못자고 있으니까 룸메가 이러다 너 죽는다고 수면유도제를 주더라. ,몸은 피곤한데 못 자면 정말 힘들죠. 가끔은 병원이나 다른 이의 도움을 받는 것도 좋답니다.,299
요즘 자다가 중간에 깰 때가 많아.,잠을 못 자는 것만큼 힘든 게 없죠. 너무 힘들면 잠깐 산책이라도 하는 건 어떨까요?,299
잠이라도 잘 자고 싶다.,저는 너무 잠이 오지 않을 때 아예 일어나서 책을 읽어요. 다른 일을 해보는 건 어떠세요?,299
3시일 때도 있고 4시일 때도 있고.,몸은 피곤한데 못 자면 정말 힘들죠. 가끔은 병원이나 다른 이의 도움을 받는 것도 좋답니다.,299
그런데 몇 주 전부터 잠들기조차 힘들어졌어.,잠을 못 자는 것만큼 힘든 게 없죠. 너무 힘들면 잠깐 산책이라도 하는 건 어떨까요?,299
잠을 못 자겠어. ,저는 너무 잠이 오지 않을 때 아예 일어나서 책을 읽어요. 다른 일을 해보는 건 어떠세요?,299
그 뒤로 잠들기가 힘들어요.,몸은 피곤한데 못 자면 정말 힘들죠. 가끔은 병원이나 다른 이의 도움을 받는 것도 좋답니다.,299
잠이 오긴 하는데 자꾸 깨서 제대로 못 자고 있어.,잠을 못 자는 것만큼 힘든 게 없죠. 너무 힘들면 잠깐 산책이라도 하는 건 어떨까요?,299
오래 자봤자 2시간? 3시간?,저는 너무 잠이 오지 않을 때 아예 일어나서 책을 읽어요. 다른 일을 해보는 건 어떠세요?,299
2달 동안 잠을 거의 못 잤어요. ,몸은 피곤한데 못 자면 정말 힘들죠. 가끔은 병원이나 다른 이의 도움을 받는 것도 좋답니다.,299
"잠도 안 오고, 억지로 자려고 해도 잘 안 됐어요. ",잠을 못 자는 것만큼 힘든 게 없죠. 너무 힘들면 잠깐 산책이라도 하는 건 어떨까요?,299
침대에서 2시간 넘게 뒤척거리는 날도 있어.,저는 너무 잠이 오지 않을 때 아예 일어나서 책을 읽어요. 다른 일을 해보는 건 어떠세요?,299
겨우 잠들었다 싶으면 새벽에 눈이 반짝 떠지고… 중간에 깨면 그냥 아침까지 쭉 깨 있는 거야.,몸은 피곤한데 못 자면 정말 힘들죠. 가끔은 병원이나 다른 이의 도움을 받는 것도 좋답니다.,299
잠자리에 누워도 맨날 뒤척이고... 잠을 제대로 잘 수 있을 리가 없지.,잠을 못 자는 것만큼 힘든 게 없죠. 너무 힘들면 잠깐 산책이라도 하는 건 어떨까요?,299
밤에 잠 못 드는 시간이 더 길어요.,저는 너무 잠이 오지 않을 때 아예 일어나서 책을 읽어요. 다른 일을 해보는 건 어떠세요?,299
잠을 자도 새벽이면 깨요.,몸은 피곤한데 못 자면 정말 힘들죠. 가끔은 병원이나 다른 이의 도움을 받는 것도 좋답니다.,299
"낮 동안은 막 기운이 넘치다가, 밤이 되면 잠이 잘 안 와요.",잠을 못 자는 것만큼 힘든 게 없죠. 너무 힘들면 잠깐 산책이라도 하는 건 어떨까요?,299
잠을 3시간씩밖에 못 잤어요. ,저는 너무 잠이 오지 않을 때 아예 일어나서 책을 읽어요. 다른 일을 해보는 건 어떠세요?,299
그런데 요즘 불면증이 심해졌어. ,몸은 피곤한데 못 자면 정말 힘들죠. 가끔은 병원이나 다른 이의 도움을 받는 것도 좋답니다.,299
"밤에는 제대로 못 자고, 아침부터 오후까지 자. ",잠을 못 자는 것만큼 힘든 게 없죠. 너무 힘들면 잠깐 산책이라도 하는 건 어떨까요?,299
잠들기도 쉽지 않아.,저는 너무 잠이 오지 않을 때 아예 일어나서 책을 읽어요. 다른 일을 해보는 건 어떠세요?,299
퇴원하고 나서 잠을 많이 설쳤어. ,몸은 피곤한데 못 자면 정말 힘들죠. 가끔은 병원이나 다른 이의 도움을 받는 것도 좋답니다.,299
3개월 전부터 하루에 2-3시간 정도밖에 못 자. ,잠을 못 자는 것만큼 힘든 게 없죠. 너무 힘들면 잠깐 산책이라도 하는 건 어떨까요?,299
요즘 숙면이 힘들어.,저는 너무 잠이 오지 않을 때 아예 일어나서 책을 읽어요. 다른 일을 해보는 건 어떠세요?,299
"자려고 해도 눈이 말똥말똥해서, 다른 짓을 좀 하다 보면 새벽 4시 쯤 되는 거 같아요.",몸은 피곤한데 못 자면 정말 힘들죠. 가끔은 병원이나 다른 이의 도움을 받는 것도 좋답니다.,299
"그때 겨우 눈을 붙이면, 금방 8시거든요.",잠을 못 자는 것만큼 힘든 게 없죠. 너무 힘들면 잠깐 산책이라도 하는 건 어떨까요?,299
잠도 안 오고… 자고 싶은 맘도 없어.,저는 너무 잠이 오지 않을 때 아예 일어나서 책을 읽어요. 다른 일을 해보는 건 어떠세요?,299
2시쯤 겨우 잠들면 6시에 딱 알람이 울리거든요.,몸은 피곤한데 못 자면 정말 힘들죠. 가끔은 병원이나 다른 이의 도움을 받는 것도 좋답니다.,299
4개월 전부터 토막 잠을 자. 수면장애에 시달리고 있는 것 같아. ,잠을 못 자는 것만큼 힘든 게 없죠. 너무 힘들면 잠깐 산책이라도 하는 건 어떨까요?,299
밤에 잠이 안 와. 매일 두 시간씩은 뒤척이는 것 같아.,저는 너무 잠이 오지 않을 때 아예 일어나서 책을 읽어요. 다른 일을 해보는 건 어떠세요?,299
신경 쓰일만한 일이 있으면 잠을 못 자. ,몸은 피곤한데 못 자면 정말 힘들죠. 가끔은 병원이나 다른 이의 도움을 받는 것도 좋답니다.,299
몸이 아파서 하루에 두 세시간밖에 못 자.,잠을 못 자는 것만큼 힘든 게 없죠. 너무 힘들면 잠깐 산책이라도 하는 건 어떨까요?,299
그런날엔 잠도 못자고 밤을 새게 돼.,저는 너무 잠이 오지 않을 때 아예 일어나서 책을 읽어요. 다른 일을 해보는 건 어떠세요?,299
불면증이 한번 오면 좀처럼 낫지를 않아서 너무 힘들어.,몸은 피곤한데 못 자면 정말 힘들죠. 가끔은 병원이나 다른 이의 도움을 받는 것도 좋답니다.,299
최근 들어선 잠도 안 와. 자꾸 그 애들 생각이 나고… 내가 뭘 그렇게 잘못했나 싶기도 하고.,잠을 못 자는 것만큼 힘든 게 없죠. 너무 힘들면 잠깐 산책이라도 하는 건 어떨까요?,299
잠이 왜 이렇게 안 올까요.,저는 너무 잠이 오지 않을 때 아예 일어나서 책을 읽어요. 다른 일을 해보는 건 어떠세요?,299
"몸은 피곤해 죽겠는데, 자려고 누우면 잠이 안 와요.",몸은 피곤한데 못 자면 정말 힘들죠. 가끔은 병원이나 다른 이의 도움을 받는 것도 좋답니다.,299
"한 2시간 넘게 뒤척이다가 겨우 자는 것 같은데, 그마저도 중간에 깨요.",잠을 못 자는 것만큼 힘든 게 없죠. 너무 힘들면 잠깐 산책이라도 하는 건 어떨까요?,299
중간에 깨버리면 이제 잠자긴 틀린 거라고 생각하면 돼요.,저는 너무 잠이 오지 않을 때 아예 일어나서 책을 읽어요. 다른 일을 해보는 건 어떠세요?,299
요즘 잠도 제대로 못 자. 이런 저런 생각이 많아서 그런가봐.,몸은 피곤한데 못 자면 정말 힘들죠. 가끔은 병원이나 다른 이의 도움을 받는 것도 좋답니다.,299
"몸은 정말 피곤해서 누우면 바로 잘 것 같은데, 잠이 안 와 미치겠어요.",잠을 못 자는 것만큼 힘든 게 없죠. 너무 힘들면 잠깐 산책이라도 하는 건 어떨까요?,299
자려고 10시부터 누워있어도 2시 넘어서 겨우 잠들어요.,저는 너무 잠이 오지 않을 때 아예 일어나서 책을 읽어요. 다른 일을 해보는 건 어떠세요?,299
스테로이드를 먹으니까 불면이 더 심해진 것 같아.,몸은 피곤한데 못 자면 정말 힘들죠. 가끔은 병원이나 다른 이의 도움을 받는 것도 좋답니다.,299
잠을 푹 잘 수 없어.,잠을 못 자는 것만큼 힘든 게 없죠. 너무 힘들면 잠깐 산책이라도 하는 건 어떨까요?,299
"새벽 4,5시 되야 겨우 자고, 학교도 엄마가 깨워서 억지로 갔어요.",저는 너무 잠이 오지 않을 때 아예 일어나서 책을 읽어요. 다른 일을 해보는 건 어떠세요?,299
"더 이상 졸립지도 않고, 자고 싶지도 않아요.",몸은 피곤한데 못 자면 정말 힘들죠. 가끔은 병원이나 다른 이의 도움을 받는 것도 좋답니다.,299
자려고 누워도 계속 뒤척이기만 하고 잠을 못자서 찬송가 틀어놓고 자.,잠을 못 자는 것만큼 힘든 게 없죠. 너무 힘들면 잠깐 산책이라도 하는 건 어떨까요?,299
새벽 2시에 잠들면 애들 학교 보내야 하니까 6시에 일어나요. 낮잠은 30분 정도? 약 먹기 전에도 새벽예배 가야 해서 5시간도 못 잤어요.,저는 너무 잠이 오지 않을 때 아예 일어나서 책을 읽어요. 다른 일을 해보는 건 어떠세요?,299
자려고 침대에 누워도 잠이 안와요.,몸은 피곤한데 못 자면 정말 힘들죠. 가끔은 병원이나 다른 이의 도움을 받는 것도 좋답니다.,299
"잠을 깊게 못 자고, 한 번 깨면 잠이 안 와요. 내과에서 불면증 약을 받은 적이 있어요.",잠을 못 자는 것만큼 힘든 게 없죠. 너무 힘들면 잠깐 산책이라도 하는 건 어떨까요?,299
계속 이러니까 자기도 무섭고 잠도 안 오고…,저는 너무 잠이 오지 않을 때 아예 일어나서 책을 읽어요. 다른 일을 해보는 건 어떠세요?,299
그리고 잠도 잘 못 자요.,몸은 피곤한데 못 자면 정말 힘들죠. 가끔은 병원이나 다른 이의 도움을 받는 것도 좋답니다.,299
한… 한 달 전쯤부터 그랬어요. 잠 못 자고 계속.,잠을 못 자는 것만큼 힘든 게 없죠. 너무 힘들면 잠깐 산책이라도 하는 건 어떨까요?,299
엄청 피곤하다가도 막 답답해서 깨게 되는데 다시 잠도 안 오고.,저는 너무 잠이 오지 않을 때 아예 일어나서 책을 읽어요. 다른 일을 해보는 건 어떠세요?,299
요즘 도통 잠을 못 자요.,몸은 피곤한데 못 자면 정말 힘들죠. 가끔은 병원이나 다른 이의 도움을 받는 것도 좋답니다.,299
피곤해서 누워도 눈만 말똥해지고 그냥 계속 누워만 있고…,잠을 못 자는 것만큼 힘든 게 없죠. 너무 힘들면 잠깐 산책이라도 하는 건 어떨까요?,299
그 즈음에 잠도 잘 못 자고 그랬어요. 거의 한 2주 동안은?,저는 너무 잠이 오지 않을 때 아예 일어나서 책을 읽어요. 다른 일을 해보는 건 어떠세요?,299
잠 못 잔 지 거의 몇 년 됐지.,몸은 피곤한데 못 자면 정말 힘들죠. 가끔은 병원이나 다른 이의 도움을 받는 것도 좋답니다.,299
자야 되는데 잠이 안 와…,잠을 못 자는 것만큼 힘든 게 없죠. 너무 힘들면 잠깐 산책이라도 하는 건 어떨까요?,299
하루에 한 2~3시간밖에 못 잤나? 엄청 조금 잤지.,저는 너무 잠이 오지 않을 때 아예 일어나서 책을 읽어요. 다른 일을 해보는 건 어떠세요?,299
아니 근데 이게 버릇이 들었는지 계속 조금씩밖에 못 자는 거야.,몸은 피곤한데 못 자면 정말 힘들죠. 가끔은 병원이나 다른 이의 도움을 받는 것도 좋답니다.,299
잠들어도 금방 다시 깨고 깨고 나면 다시 잘 수가 없고…,잠을 못 자는 것만큼 힘든 게 없죠. 너무 힘들면 잠깐 산책이라도 하는 건 어떨까요?,299
그러니까 자야 하는데 자지도 못 하고…,저는 너무 잠이 오지 않을 때 아예 일어나서 책을 읽어요. 다른 일을 해보는 건 어떠세요?,299
발표 몇 주 전부터 잠을 못 자긴 했어요. 계속 깨고 두세시간 자고.,몸은 피곤한데 못 자면 정말 힘들죠. 가끔은 병원이나 다른 이의 도움을 받는 것도 좋답니다.,299
8시간은 침대에 누워 있는다고 봐야 하는데… 실제로 자는 건 4시간 정도?,잠을 못 자는 것만큼 힘든 게 없죠. 너무 힘들면 잠깐 산책이라도 하는 건 어떨까요?,299
그냥 누워만 있는 거지 눈은 말똥말똥해.,저는 너무 잠이 오지 않을 때 아예 일어나서 책을 읽어요. 다른 일을 해보는 건 어떠세요?,299
밤엔 잠도 잘 안 오고… 중간에 화장실이 가고 싶어서 자꾸 깨.,몸은 피곤한데 못 자면 정말 힘들죠. 가끔은 병원이나 다른 이의 도움을 받는 것도 좋답니다.,299
불면증도 최근에 굉장히 심해졌어요.,잠을 못 자는 것만큼 힘든 게 없죠. 너무 힘들면 잠깐 산책이라도 하는 건 어떨까요?,299
"몸은 무겁게 가라앉는데, 정신은 말똥말똥한 느낌?",저는 너무 잠이 오지 않을 때 아예 일어나서 책을 읽어요. 다른 일을 해보는 건 어떠세요?,299
새벽에 자주 깨요.,몸은 피곤한데 못 자면 정말 힘들죠. 가끔은 병원이나 다른 이의 도움을 받는 것도 좋답니다.,299
한 번 깨고 나면 잠이 다시 안 와요.,잠을 못 자는 것만큼 힘든 게 없죠. 너무 힘들면 잠깐 산책이라도 하는 건 어떨까요?,299
3일 동안 채 10시간을 못 잘 때도 있어요.,저는 너무 잠이 오지 않을 때 아예 일어나서 책을 읽어요. 다른 일을 해보는 건 어떠세요?,299
다음 날도 도저히 잠이 안 와서… 눈 뜨고 밤을 지샜어요.,몸은 피곤한데 못 자면 정말 힘들죠. 가끔은 병원이나 다른 이의 도움을 받는 것도 좋답니다.,299
자고 싶어 죽겠어요.,잠을 못 자는 것만큼 힘든 게 없죠. 너무 힘들면 잠깐 산책이라도 하는 건 어떨까요?,299
밤새 뒤척이다가 잠깐 잠이 들었던 거 같아.,저는 너무 잠이 오지 않을 때 아예 일어나서 책을 읽어요. 다른 일을 해보는 건 어떠세요?,299
잠을 청해도 잠들기가 힘들어요.,몸은 피곤한데 못 자면 정말 힘들죠. 가끔은 병원이나 다른 이의 도움을 받는 것도 좋답니다.,299
밤새 누워만 있어요.,잠을 못 자는 것만큼 힘든 게 없죠. 너무 힘들면 잠깐 산책이라도 하는 건 어떨까요?,299
제가 뭘 어떻게 해야 잘 수 있을까요?,저는 너무 잠이 오지 않을 때 아예 일어나서 책을 읽어요. 다른 일을 해보는 건 어떠세요?,299
그거 신경 쓴다고 잠도 못 잤어요.,몸은 피곤한데 못 자면 정말 힘들죠. 가끔은 병원이나 다른 이의 도움을 받는 것도 좋답니다.,299
3-4시간은 누워있었는데 얼마나 잤는지 모르겠어…,잠을 못 자는 것만큼 힘든 게 없죠. 너무 힘들면 잠깐 산책이라도 하는 건 어떨까요?,299
몸이 휘청거릴 정도로 졸린데 정작 밤에는 못 자겠어.,저는 너무 잠이 오지 않을 때 아예 일어나서 책을 읽어요. 다른 일을 해보는 건 어떠세요?,299
어떻게 하면 깊은 잠을 잘 수 있을까…?,몸은 피곤한데 못 자면 정말 힘들죠. 가끔은 병원이나 다른 이의 도움을 받는 것도 좋답니다.,299
편히 못 잘 때가 더 많아.,잠을 못 자는 것만큼 힘든 게 없죠. 너무 힘들면 잠깐 산책이라도 하는 건 어떨까요?,299
밤엔 너무 자주 깨.,저는 너무 잠이 오지 않을 때 아예 일어나서 책을 읽어요. 다른 일을 해보는 건 어떠세요?,299
잠을 좀 오래 자고 싶어.,몸은 피곤한데 못 자면 정말 힘들죠. 가끔은 병원이나 다른 이의 도움을 받는 것도 좋답니다.,299
5일 동안 5시간도 못 잔 거 같아요.,잠을 못 자는 것만큼 힘든 게 없죠. 너무 힘들면 잠깐 산책이라도 하는 건 어떨까요?,299
요즘 너무 심해져서 수면제를 먹어도 효과가 없어요.,저는 너무 잠이 오지 않을 때 아예 일어나서 책을 읽어요. 다른 일을 해보는 건 어떠세요?,299
수면제를 먹어도 아무 소용이 없어요.,몸은 피곤한데 못 자면 정말 힘들죠. 가끔은 병원이나 다른 이의 도움을 받는 것도 좋답니다.,299
10알을 먹었는데도 3시간밖에 잘 수가 없었어요.,잠을 못 자는 것만큼 힘든 게 없죠. 너무 힘들면 잠깐 산책이라도 하는 건 어떨까요?,299
깊은 잠을 못 잔 지가 대체 언제인지도 모르겠어요.,저는 너무 잠이 오지 않을 때 아예 일어나서 책을 읽어요. 다른 일을 해보는 건 어떠세요?,299
불면증 고치는 법 좀 알려주세요.,몸은 피곤한데 못 자면 정말 힘들죠. 가끔은 병원이나 다른 이의 도움을 받는 것도 좋답니다.,299
잠에 빠지는 과정이 너무 힘들어.,잠을 못 자는 것만큼 힘든 게 없죠. 너무 힘들면 잠깐 산책이라도 하는 건 어떨까요?,299
"11시에 누우면 2시, 3시는 돼야 잠이 들어.",저는 너무 잠이 오지 않을 때 아예 일어나서 책을 읽어요. 다른 일을 해보는 건 어떠세요?,299
분명 몸은 졸린데… 누우면 눈이 말똥말똥해.,몸은 피곤한데 못 자면 정말 힘들죠. 가끔은 병원이나 다른 이의 도움을 받는 것도 좋답니다.,299
아침에는 몸이 무겁고.,잠을 못 자는 것만큼 힘든 게 없죠. 너무 힘들면 잠깐 산책이라도 하는 건 어떨까요?,299
잠을 한 번 자면 푹 못 자.,저는 너무 잠이 오지 않을 때 아예 일어나서 책을 읽어요. 다른 일을 해보는 건 어떠세요?,299
자는데 집중이 안 되는 거 같고…,몸은 피곤한데 못 자면 정말 힘들죠. 가끔은 병원이나 다른 이의 도움을 받는 것도 좋답니다.,299
새벽에 잠이 자꾸만 깨요.,잠을 못 자는 것만큼 힘든 게 없죠. 너무 힘들면 잠깐 산책이라도 하는 건 어떨까요?,299
자다가 눈 뜨면 새벽이에요.,저는 너무 잠이 오지 않을 때 아예 일어나서 책을 읽어요. 다른 일을 해보는 건 어떠세요?,299
그런데 3-4시 쯤 되면 이유 없이 잠에서 깨요.,몸은 피곤한데 못 자면 정말 힘들죠. 가끔은 병원이나 다른 이의 도움을 받는 것도 좋답니다.,299
깨고 나면 다시 잠자리에 드는 게 너무 어려워요.,잠을 못 자는 것만큼 힘든 게 없죠. 너무 힘들면 잠깐 산책이라도 하는 건 어떨까요?,299
겨우 눈만 감고 있다가 출근할 때도 많아요.,저는 너무 잠이 오지 않을 때 아예 일어나서 책을 읽어요. 다른 일을 해보는 건 어떠세요?,299
특히 집에서는 2-3시간 정도밖에 못 자요.,몸은 피곤한데 못 자면 정말 힘들죠. 가끔은 병원이나 다른 이의 도움을 받는 것도 좋답니다.,299
잠을 못 자겠어요.,잠을 못 자는 것만큼 힘든 게 없죠. 너무 힘들면 잠깐 산책이라도 하는 건 어떨까요?,299
잠들기까지 시간이 너무 많이 걸려요.,저는 너무 잠이 오지 않을 때 아예 일어나서 책을 읽어요. 다른 일을 해보는 건 어떠세요?,299
"한참 이리 뒤척, 저리 뒤척 대다가 잠들어도 깊은 잠을 못 자요…",몸은 피곤한데 못 자면 정말 힘들죠. 가끔은 병원이나 다른 이의 도움을 받는 것도 좋답니다.,299
새벽 3시가 되어도 잠이 안 와.,잠을 못 자는 것만큼 힘든 게 없죠. 너무 힘들면 잠깐 산책이라도 하는 건 어떨까요?,299
자고 싶어서 미치겠어.,저는 너무 잠이 오지 않을 때 아예 일어나서 책을 읽어요. 다른 일을 해보는 건 어떠세요?,299
어제 새벽 3시에 잠들었는데 8시가 되니까 눈이 번쩍 뜨이더라.,몸은 피곤한데 못 자면 정말 힘들죠. 가끔은 병원이나 다른 이의 도움을 받는 것도 좋답니다.,299
아무리 더 자려고 노력을 해도 8시 쯤 되면 눈이 떠져.,잠을 못 자는 것만큼 힘든 게 없죠. 너무 힘들면 잠깐 산책이라도 하는 건 어떨까요?,299
수면제를 일찍 먹으면 효과가 별로 없는 거 같아서 12시 쯤 먹는데 그래도 5시간 정도밖에 못 자는 거 같아.,저는 너무 잠이 오지 않을 때 아예 일어나서 책을 읽어요. 다른 일을 해보는 건 어떠세요?,299
새벽이 되도록 잠을 못 자는 날이 많아요.,몸은 피곤한데 못 자면 정말 힘들죠. 가끔은 병원이나 다른 이의 도움을 받는 것도 좋답니다.,299
잠이 안 와요.,잠을 못 자는 것만큼 힘든 게 없죠. 너무 힘들면 잠깐 산책이라도 하는 건 어떨까요?,299
졸리지가 않아요.,저는 너무 잠이 오지 않을 때 아예 일어나서 책을 읽어요. 다른 일을 해보는 건 어떠세요?,299
잠이 잘 오는 방법 좀 가르쳐 주세요.,몸은 피곤한데 못 자면 정말 힘들죠. 가끔은 병원이나 다른 이의 도움을 받는 것도 좋답니다.,299
왜 잠이 안 올까요?,잠을 못 자는 것만큼 힘든 게 없죠. 너무 힘들면 잠깐 산책이라도 하는 건 어떨까요?,299
밤에는 눈이 말똥말똥해요.,저는 너무 잠이 오지 않을 때 아예 일어나서 책을 읽어요. 다른 일을 해보는 건 어떠세요?,299
그 얘기 듣고 나서 잠이 안 와…,몸은 피곤한데 못 자면 정말 힘들죠. 가끔은 병원이나 다른 이의 도움을 받는 것도 좋답니다.,299
뜬눈으로 밤을 꼬박 새울 때도 있어.,잠을 못 자는 것만큼 힘든 게 없죠. 너무 힘들면 잠깐 산책이라도 하는 건 어떨까요?,299
또 수면에 도움이 되는 거 없을까요…,저는 너무 잠이 오지 않을 때 아예 일어나서 책을 읽어요. 다른 일을 해보는 건 어떠세요?,299
대체 내가 왜 아직도 깨어있는 거지?,몸은 피곤한데 못 자면 정말 힘들죠. 가끔은 병원이나 다른 이의 도움을 받는 것도 좋답니다.,299
그 안에서 누워 있으면 잠이 안 와.,잠을 못 자는 것만큼 힘든 게 없죠. 너무 힘들면 잠깐 산책이라도 하는 건 어떨까요?,299
그런 날엔 잠도 못 자고 밤을 새게 돼.,저는 너무 잠이 오지 않을 때 아예 일어나서 책을 읽어요. 다른 일을 해보는 건 어떠세요?,299
제대로 잠을 자본적이 없는것 같아.,몸은 피곤한데 못 자면 정말 힘들죠. 가끔은 병원이나 다른 이의 도움을 받는 것도 좋답니다.,299
시간마다 깨고 잘 때도 완전히 자고 있는 느낌이 안 들어.,잠을 못 자는 것만큼 힘든 게 없죠. 너무 힘들면 잠깐 산책이라도 하는 건 어떨까요?,299
3년 전부터 새벽 4~5시에 겨우 잠들었어요.,저는 너무 잠이 오지 않을 때 아예 일어나서 책을 읽어요. 다른 일을 해보는 건 어떠세요?,299
새벽에 잠들어서 한두 시간 뒤에 일어나. 애들 학교 보내야 하니까..,몸은 피곤한데 못 자면 정말 힘들죠. 가끔은 병원이나 다른 이의 도움을 받는 것도 좋답니다.,299
잠드는 것도 너무 힘들어서… 매일 새벽까지 뜬 눈으로 지새워요.,잠을 못 자는 것만큼 힘든 게 없죠. 너무 힘들면 잠깐 산책이라도 하는 건 어떨까요?,299
원래 불면증이 있는데 한국 와서 더 심해진 느낌이야.,저는 너무 잠이 오지 않을 때 아예 일어나서 책을 읽어요. 다른 일을 해보는 건 어떠세요?,299
잠들기 힘들어요. 침대에 8시간 누워있으면 4시간정도 자는 것 같아요.,몸은 피곤한데 못 자면 정말 힘들죠. 가끔은 병원이나 다른 이의 도움을 받는 것도 좋답니다.,299
잠 못 자서 뒤척이는 시간이 너무 아까워요.,잠을 못 자는 것만큼 힘든 게 없죠. 너무 힘들면 잠깐 산책이라도 하는 건 어떨까요?,299
하루에 4시간 자면 많이 잔거였고…보통 2시간정도 잔 것 같아.,저는 너무 잠이 오지 않을 때 아예 일어나서 책을 읽어요. 다른 일을 해보는 건 어떠세요?,299
아무리 생각해도 문제될게 없는데 요즘 다시 불면증이 생겼어.,몸은 피곤한데 못 자면 정말 힘들죠. 가끔은 병원이나 다른 이의 도움을 받는 것도 좋답니다.,299
불면증 심해요. 자주 깨고 깨면 잠이 안 와요.,잠을 못 자는 것만큼 힘든 게 없죠. 너무 힘들면 잠깐 산책이라도 하는 건 어떨까요?,299
잠 드는게 어려워.,저는 너무 잠이 오지 않을 때 아예 일어나서 책을 읽어요. 다른 일을 해보는 건 어떠세요?,299
어떻게 해야 잠을 잘 잘 수 있을까??,몸은 피곤한데 못 자면 정말 힘들죠. 가끔은 병원이나 다른 이의 도움을 받는 것도 좋답니다.,299
잠 드는게 쉽지 않아.,잠을 못 자는 것만큼 힘든 게 없죠. 너무 힘들면 잠깐 산책이라도 하는 건 어떨까요?,299
졸려서 누우면 갑자기 눈이 말똥해져.,저는 너무 잠이 오지 않을 때 아예 일어나서 책을 읽어요. 다른 일을 해보는 건 어떠세요?,299
기본적으로 두세시간은 뒤척이다 잠들어.,몸은 피곤한데 못 자면 정말 힘들죠. 가끔은 병원이나 다른 이의 도움을 받는 것도 좋답니다.,299
군생활 하면서는 1시간정도 뒤척이다 잠들었는데…이젠 기본 3~4시간이예요.,잠을 못 자는 것만큼 힘든 게 없죠. 너무 힘들면 잠깐 산책이라도 하는 건 어떨까요?,299
자도 잔것 같지도 않고 며칠 전부터는 새벽마다 깨.,저는 너무 잠이 오지 않을 때 아예 일어나서 책을 읽어요. 다른 일을 해보는 건 어떠세요?,299
잠은 잘 오는데.. 문제는 시간마다 깨는거예요.,몸은 피곤한데 못 자면 정말 힘들죠. 가끔은 병원이나 다른 이의 도움을 받는 것도 좋답니다.,299
3시간 이상 연달아서 자본 적이 없어요.,잠을 못 자는 것만큼 힘든 게 없죠. 너무 힘들면 잠깐 산책이라도 하는 건 어떨까요?,299
40대 이후로 깊은 잠을 못 잔 거 같아요.,저는 너무 잠이 오지 않을 때 아예 일어나서 책을 읽어요. 다른 일을 해보는 건 어떠세요?,299
깊은 잠을 자고 싶어요.,몸은 피곤한데 못 자면 정말 힘들죠. 가끔은 병원이나 다른 이의 도움을 받는 것도 좋답니다.,299
자고 싶어 죽을 거 같아요.,잠을 못 자는 것만큼 힘든 게 없죠. 너무 힘들면 잠깐 산책이라도 하는 건 어떨까요?,299
"침대에 누워 있는 시간은 긴데, 만족스러운 잠을 못 자는 거 같아요.",저는 너무 잠이 오지 않을 때 아예 일어나서 책을 읽어요. 다른 일을 해보는 건 어떠세요?,299
작년부터 제대로 잔 날이 없어.,몸은 피곤한데 못 자면 정말 힘들죠. 가끔은 병원이나 다른 이의 도움을 받는 것도 좋답니다.,299
왜 이렇게까지 잠이 안 오는지 모르겠어.,잠을 못 자는 것만큼 힘든 게 없죠. 너무 힘들면 잠깐 산책이라도 하는 건 어떨까요?,299
푹 자고 싶다.,저는 너무 잠이 오지 않을 때 아예 일어나서 책을 읽어요. 다른 일을 해보는 건 어떠세요?,299
"원래는 머리만 대도 자는데, 요즘은 안 그래.",몸은 피곤한데 못 자면 정말 힘들죠. 가끔은 병원이나 다른 이의 도움을 받는 것도 좋답니다.,299
수면의 질이 너무 나빠진 거 같아.,잠을 못 자는 것만큼 힘든 게 없죠. 너무 힘들면 잠깐 산책이라도 하는 건 어떨까요?,299
자도 잔 것 같지 않아.,저는 너무 잠이 오지 않을 때 아예 일어나서 책을 읽어요. 다른 일을 해보는 건 어떠세요?,299
"애랑 하루종일 같이 있을 때는 진이 빠져서 잠을 좀 잤는데, 요즘은 그렇지 못해요.",몸은 피곤한데 못 자면 정말 힘들죠. 가끔은 병원이나 다른 이의 도움을 받는 것도 좋답니다.,299
6-7년 전부터 얕은 잠만 자고 있어.,잠을 못 자는 것만큼 힘든 게 없죠. 너무 힘들면 잠깐 산책이라도 하는 건 어떨까요?,299
수면의 질이 떨어졌어.,저는 너무 잠이 오지 않을 때 아예 일어나서 책을 읽어요. 다른 일을 해보는 건 어떠세요?,299
밤에 거의 눈만 감고 있는 상태예요.,몸은 피곤한데 못 자면 정말 힘들죠. 가끔은 병원이나 다른 이의 도움을 받는 것도 좋답니다.,299
그래서 원래도 불면증이 좀 심하긴 했는데…,잠을 못 자는 것만큼 힘든 게 없죠. 너무 힘들면 잠깐 산책이라도 하는 건 어떨까요?,299
불을 끄면 잠이 안 와. 그냥 정신이 엄청 말똥말똥해져.,저는 너무 잠이 오지 않을 때 아예 일어나서 책을 읽어요. 다른 일을 해보는 건 어떠세요?,299
한 2주 전부터는 한 번 잠들려면 엄청 오래 걸리고 또 잘 못 자.,몸은 피곤한데 못 자면 정말 힘들죠. 가끔은 병원이나 다른 이의 도움을 받는 것도 좋답니다.,299
근데 작년부터 잠을 제대로 못 자요.,잠을 못 자는 것만큼 힘든 게 없죠. 너무 힘들면 잠깐 산책이라도 하는 건 어떨까요?,299
고2 때부터 그랬던 것 같아요. 자도 깊게 못 자고 되게 적게 자요.,저는 너무 잠이 오지 않을 때 아예 일어나서 책을 읽어요. 다른 일을 해보는 건 어떠세요?,299
하루에 네 시간 자면 많이 자는 거예요.,몸은 피곤한데 못 자면 정말 힘들죠. 가끔은 병원이나 다른 이의 도움을 받는 것도 좋답니다.,299
그래서 밤에 잠을 잘 못 자.,잠을 못 자는 것만큼 힘든 게 없죠. 너무 힘들면 잠깐 산책이라도 하는 건 어떨까요?,299
누워도 최소 두 시간은 뒤척거리면서 잠을 못 자.,저는 너무 잠이 오지 않을 때 아예 일어나서 책을 읽어요. 다른 일을 해보는 건 어떠세요?,299
단 하루만이라도 맘 편히 푹 자고 싶어.,몸은 피곤한데 못 자면 정말 힘들죠. 가끔은 병원이나 다른 이의 도움을 받는 것도 좋답니다.,299
그리고 자려고 누우면 잠도 잘 안 와.,잠을 못 자는 것만큼 힘든 게 없죠. 너무 힘들면 잠깐 산책이라도 하는 건 어떨까요?,299
그래서 자려고 누우면 잠도 안 오고… 계속 깨는 것 같고.,저는 너무 잠이 오지 않을 때 아예 일어나서 책을 읽어요. 다른 일을 해보는 건 어떠세요?,299
어제도 3시간 자고 계속 잠을 못 잤어요.,몸은 피곤한데 못 자면 정말 힘들죠. 가끔은 병원이나 다른 이의 도움을 받는 것도 좋답니다.,299
요새는 계속 자다깨다 자다깨다 하는 것 같아요.,잠을 못 자는 것만큼 힘든 게 없죠. 너무 힘들면 잠깐 산책이라도 하는 건 어떨까요?,299
그냥 눈이 떠져요. 한번 깨면 다시 잠을 못 들고.,저는 너무 잠이 오지 않을 때 아예 일어나서 책을 읽어요. 다른 일을 해보는 건 어떠세요?,299
원래부터 늦게 자는 편인 것 같아요.,몸은 피곤한데 못 자면 정말 힘들죠. 가끔은 병원이나 다른 이의 도움을 받는 것도 좋답니다.,299
머리가 이상해지는 거 같아서 일주일간 잠도 못 잤었어.,잠을 못 자는 것만큼 힘든 게 없죠. 너무 힘들면 잠깐 산책이라도 하는 건 어떨까요?,299
요새 불면증이 잦아지고 있어요.,저는 너무 잠이 오지 않을 때 아예 일어나서 책을 읽어요. 다른 일을 해보는 건 어떠세요?,299
고3 때 수능 준비로 잠을 많이 못 잔 적은 있지만 지금은 아예 잠을 안 자요.,몸은 피곤한데 못 자면 정말 힘들죠. 가끔은 병원이나 다른 이의 도움을 받는 것도 좋답니다.,299
일주일 정도 안 자면 피로감은 있어요.,잠을 못 자는 것만큼 힘든 게 없죠. 너무 힘들면 잠깐 산책이라도 하는 건 어떨까요?,299
대개 두시간에 한 번씩 깨기도 하고.,저는 너무 잠이 오지 않을 때 아예 일어나서 책을 읽어요. 다른 일을 해보는 건 어떠세요?,299
다른 이유가 있어서 못 자는 건 아니에요.,몸은 피곤한데 못 자면 정말 힘들죠. 가끔은 병원이나 다른 이의 도움을 받는 것도 좋답니다.,299
이제는 그냥 잠을 잘 못 자요.,잠을 못 자는 것만큼 힘든 게 없죠. 너무 힘들면 잠깐 산책이라도 하는 건 어떨까요?,299
"하루 4-5시간 잘 때도 있고, 못 자면 밤을 새기도 해요.",저는 너무 잠이 오지 않을 때 아예 일어나서 책을 읽어요. 다른 일을 해보는 건 어떠세요?,299
그러니까 자꾸 새벽에 깨고 깨니까 잠을 푹 못 자고…,몸은 피곤한데 못 자면 정말 힘들죠. 가끔은 병원이나 다른 이의 도움을 받는 것도 좋답니다.,299
그렇다고 잠을 자는 것도 아니에요. 잠도 한 2시간 정도밖에 못 자거든요.,잠을 못 자는 것만큼 힘든 게 없죠. 너무 힘들면 잠깐 산책이라도 하는 건 어떨까요?,299
뭔가 하루종일 이렇게 들뜬 기분이다 보니까 잠도 잘 안 와.,저는 너무 잠이 오지 않을 때 아예 일어나서 책을 읽어요. 다른 일을 해보는 건 어떠세요?,299
근데 그 후로 잠이 안 와서 하루에 세 시간 정도밖에 못 자.,몸은 피곤한데 못 자면 정말 힘들죠. 가끔은 병원이나 다른 이의 도움을 받는 것도 좋답니다.,299
엄마 말로는 할머니가 내 목숨을 구해준 거라는데 근데 그럼 왜 잠을 못 자지?,잠을 못 자는 것만큼 힘든 게 없죠. 너무 힘들면 잠깐 산책이라도 하는 건 어떨까요?,299
막 잠도 못 자고 그랬어서… 잠은 요즘도 계속 못 자.,저는 너무 잠이 오지 않을 때 아예 일어나서 책을 읽어요. 다른 일을 해보는 건 어떠세요?,299
그런데 퇴원하고 난 후부터 계속 잠을 잘 못 자겠는 거예요.,몸은 피곤한데 못 자면 정말 힘들죠. 가끔은 병원이나 다른 이의 도움을 받는 것도 좋답니다.,299
그래서 서너 달 전부터 하루에 2~3시간 정도밖에 못 자고 있어요.,잠을 못 자는 것만큼 힘든 게 없죠. 너무 힘들면 잠깐 산책이라도 하는 건 어떨까요?,299
그래서 잠도 잘 못 자고 그랬거든요.,저는 너무 잠이 오지 않을 때 아예 일어나서 책을 읽어요. 다른 일을 해보는 건 어떠세요?,299
그래서 잠도 엄청 설쳤거든요. 잠을 잘 못 잤어요.,몸은 피곤한데 못 자면 정말 힘들죠. 가끔은 병원이나 다른 이의 도움을 받는 것도 좋답니다.,299
3년전부턴가 잠을 잘 못자고 있어요.,잠을 못 자는 것만큼 힘든 게 없죠. 너무 힘들면 잠깐 산책이라도 하는 건 어떨까요?,299
계속 이불속에서 뒤척이다가 잠들면 두세시간 뒤에 깨고.,저는 너무 잠이 오지 않을 때 아예 일어나서 책을 읽어요. 다른 일을 해보는 건 어떠세요?,299
언제는 잠이안와서 계속 눈감고 있었는데 아침이었어요.,몸은 피곤한데 못 자면 정말 힘들죠. 가끔은 병원이나 다른 이의 도움을 받는 것도 좋답니다.,299
새벽 5시가 돼도 잠이 안와.,잠을 못 자는 것만큼 힘든 게 없죠. 너무 힘들면 잠깐 산책이라도 하는 건 어떨까요?,299
자도 두시간 정도 자다가 아침에 눈이 떠져.,저는 너무 잠이 오지 않을 때 아예 일어나서 책을 읽어요. 다른 일을 해보는 건 어떠세요?,299
"어제는 자려고 누웠는데, 자는 동안 뭔가 일어날 것 같아서 불안한거에요. 잠을 못 자요. ",불안한 일이 있으시군요. 저에게 털어 놓으시면 조금은 편안해지실까요?,300
맘이 불안하니까 잠들기도 힘들고…,걱정 되는 일이 있어도 제가 항상 곁에 있다는 걸 기억해주세요.,300
잠도 안 오고 불안하고…,사실 지금 하는 걱정의 반은 일어나지도 않을 일이라고 해요. 너무 불안해 마세요!,300
"잠을 제대로 못 자니까 회사 일도 지장이 생기는 것 같고, 밤만 되면 오늘도 또 못 잘까봐 불안해.",불안한 일이 있으시군요. 저에게 털어 놓으시면 조금은 편안해지실까요?,300
불안해서 그런 건지 잠도 잘 안 와서 하루에 서너 시간 겨우 자고.,걱정 되는 일이 있어도 제가 항상 곁에 있다는 걸 기억해주세요.,300
잠도 잘 안 오고 그냥 가만히 있어도 엄청 불안해지고.,사실 지금 하는 걱정의 반은 일어나지도 않을 일이라고 해요. 너무 불안해 마세요!,300
잠을 못 자고 불안한 마음이 들 때가 많아..,불안한 일이 있으시군요. 저에게 털어 놓으시면 조금은 편안해지실까요?,300
밤에 누워 있으면 별별 잡생각이 다 들어요.,잠을 못 자는 것만큼 힘든 일이 없죠. 조금은 생각을 비워 보는 건 어떨까요?,301
잠자리에 누우면 쓸데없는 생각만 들어요.,잘 때만큼은 모든 걱정이나 복잡한 생각을 내려 놓아도 좋아요.,301
이런저런 생각 하다 보면 시간이 훌쩍 지나요. ,생각이 많으면 잠을 자기 힘들죠. 걱정은 잠시 덜어도 괜찮아요.,301
못 자면 또 쓸데없이 생각이 많아지고.,잠을 못 자는 것만큼 힘든 일이 없죠. 조금은 생각을 비워 보는 건 어떨까요?,301
밤만 되면 잠이 안 와요. 잡생각이 많아서 그런 것 같아요. ,잘 때만큼은 모든 걱정이나 복잡한 생각을 내려 놓아도 좋아요.,301
"돈 걱정, 사람 걱정, 이것저것 생각하다 보면 아침이예요.",생각이 많으면 잠을 자기 힘들죠. 걱정은 잠시 덜어도 괜찮아요.,301
생각이 많아서 잠도 얕게 자는 것 같아.,잠을 못 자는 것만큼 힘든 일이 없죠. 조금은 생각을 비워 보는 건 어떨까요?,301
"밤에 잘 때도 오늘 하루 있었던 일을 곱씹어보고, 생각하느라 잠이 안 왔어.",잘 때만큼은 모든 걱정이나 복잡한 생각을 내려 놓아도 좋아요.,301
그냥 누우면 잡다한 생각이 많아져요. 꼬리에 꼬리를 물고 계속 끝나지 않은 생각들이 괴롭혀요.,생각이 많으면 잠을 자기 힘들죠. 걱정은 잠시 덜어도 괜찮아요.,301
그런 잡생각이 계속 들어서 잠이 안 오는 것 같긴 해요.,잠을 못 자는 것만큼 힘든 일이 없죠. 조금은 생각을 비워 보는 건 어떨까요?,301
누워 있으면 온갖 생각이 다 나요.,잘 때만큼은 모든 걱정이나 복잡한 생각을 내려 놓아도 좋아요.,301
자려고 누우면 쓸데 없는 생각이 꼬리에 꼬리를 물어요.,생각이 많으면 잠을 자기 힘들죠. 걱정은 잠시 덜어도 괜찮아요.,301
그러니까 생각이 많아져서 더 못 자고…,잠을 못 자는 것만큼 힘든 일이 없죠. 조금은 생각을 비워 보는 건 어떨까요?,301
그렇게 잠을 못 자다 보니까 또 생각이 엄청 많아져.,잘 때만큼은 모든 걱정이나 복잡한 생각을 내려 놓아도 좋아요.,301
꿈은 안 꿔요. 생각을 많이 해요.,생각이 많으면 잠을 자기 힘들죠. 걱정은 잠시 덜어도 괜찮아요.,301
그럼 잠도 못자고 별의별 생각이 다 나요.,잠을 못 자는 것만큼 힘든 일이 없죠. 조금은 생각을 비워 보는 건 어떨까요?,301
"잡생각만 많아서 밤에 잠도 못자고, 매일 붕떠있는 기분이에요.",잘 때만큼은 모든 걱정이나 복잡한 생각을 내려 놓아도 좋아요.,301
"스트레스가 있긴 했는데, 잠을 좀 설치는 거 말고는 다른 건 없었어.",스트레스가 많으면 정말 힘들죠. 해소할 수 있는 방법을 찾아 보는 건 어떨까요?,302
"스트레스는 계속 받았는데, 잠을 제대로 못 자는 정도였지 다른 증상은 없었어요.",잠을 못 주무셨다니 많이 힘드셨겠어요. 마음을 조금 편하게 먹어 보는 건 어떠세요?,302
아무튼 이게 되게 스트레스였는지 잠도 좀 잘 못 자고…,힘든 일이 있으셨군요. 제가 그 짐을 함께 들어 드리고 싶어요.,302
스트레스 때문인지 고등학교 때부터 불면증이 생겼어.,스트레스가 많으면 정말 힘들죠. 해소할 수 있는 방법을 찾아 보는 건 어떨까요?,302
이거 때문에 스트레스 받아서 잠도 한숨도 못 잤어요.,잠을 못 주무셨다니 많이 힘드셨겠어요. 마음을 조금 편하게 먹어 보는 건 어떠세요?,302
요즘 이거 때문에 스트레스를 많이 받아서 잠도 잘 못 자요.,힘든 일이 있으셨군요. 제가 그 짐을 함께 들어 드리고 싶어요.,302
꿈도 많이 꾸고 작은 소리에도 깜짝 놀라서 깨곤 했어요.,선잠을 자면 그렇게 잘 깬다고 해요. 숙면을 취할 수 있는 환경을 조성해볼까요?,303
힘들게 잠들어도 중간에 잘 깨고 다시 잠들기도 힘들어.,잠을 잘 못 주무신다니 정말 힘드시겠어요. 얼른 숙면을 취하실 수 있길 바랄게요.,303
예민해서 잠을 설칠 때도 있구요.,귀마개나 안대 등 숙면을 도와주는 물품을 사용해보는 건 어떨까요?,303
예민해져서인지 얕은 잠밖에 못 자.,선잠을 자면 그렇게 잘 깬다고 해요. 숙면을 취할 수 있는 환경을 조성해볼까요?,303
유전은 아닌 것 같아요. 아버지는 잘 주무시거든요. 저만 유독 잠귀가 얇고 예민한 것 같아요.,잠을 잘 못 주무신다니 정말 힘드시겠어요. 얼른 숙면을 취하실 수 있길 바랄게요.,303
"계속 자다 새벽에 깨고, 뭔가 자도 개운치 않은 느낌이 몇 년 동안 계속 있었거든.",계속 잠을 못 주무신다니 정말 힘드셨겠군요. 병원의 도움을 받아 보는 건 어떠세요?,304
불면증 약을 처방 받았는데도 효과가 별로 없었어요. ,무척 피곤하시겠어요. 아예 근본적인 원인을 찾아보는 건 어떨까요?,304
계속 불면 중이에요.,잠을 못 자는 것 만큼 힘든 것도 없죠. 당신이 어서 푹 주무실 수 있길 바랍니다.,304
근데 이걸 먹어도 잘 못 잤어.,계속 잠을 못 주무신다니 정말 힘드셨겠군요. 병원의 도움을 받아 보는 건 어떠세요?,304
근데 이것도 딱히 효과는 없었어요. 여전히 잠 못 자요.,무척 피곤하시겠어요. 아예 근본적인 원인을 찾아보는 건 어떨까요?,304
병원이랑 약이랑 다 바꿔 가면서 먹어봤는데도 효과 없어요. 계속 못 자요.,잠을 못 자는 것 만큼 힘든 것도 없죠. 당신이 어서 푹 주무실 수 있길 바랍니다.,304
불면이 나이지질 않아요.,계속 잠을 못 주무신다니 정말 힘드셨겠군요. 병원의 도움을 받아 보는 건 어떠세요?,304
잠을 자도 개운하지가 않았어요. ,아예 잠을 못 자는 것보다 그게 더 피곤한 것 같아요. 의사의 도움을 받는 건 어떨까요?,305
잠도 안 오고... 그래서인지 힘도 없고 피곤해.,사람에게 잠은 꼭 필요한 것 같아요. 당신이 얼른 숙면을 취하셨으면 좋겠네요.,305
잠을 자도 잔 것 같지 않고… 낮에는 병든 닭처럼 비실비실 해요.,정말 피곤하시겠어요. 하루쯤은 알람 없이 푹 자보는 건 어떠세요?,305
잠이 안 와서 달밤에 운동도 하고 별 짓 다 했는데…피곤하기만 해요.,아예 잠을 못 자는 것보다 그게 더 피곤한 것 같아요. 의사의 도움을 받는 건 어떨까요?,305
시간마다 깨니까 자는 시간은 길어도 피곤함이 가시질 않아요.,사람에게 잠은 꼭 필요한 것 같아요. 당신이 얼른 숙면을 취하셨으면 좋겠네요.,305
생리가 2달인가 안 나왔는데 대수롭지 않게 넘어갔어요.,건강에 문제가 있으면 생리 주기가 불규칙할 수 있다고 해요. 병원에 가보는 건 어떠세요?,306
그런데 스키장 다녀오고부터 생리가 안 나오는 거야.,정말 걱정이 많으시겠어요. 문제가 없는지 검사를 받아보는 건 어떨까요?,306
생리가 규칙적이지 않아요.,스트레스를 받으면 그럴 수도 있다고 해요. 힘든 일이 있으시면 저에게 말씀해주세요.,306
생리가 불규칙적이에요.,건강에 문제가 있으면 생리 주기가 불규칙할 수 있다고 해요. 병원에 가보는 건 어떠세요?,306
한참 동안 안 나오다가 갑자기 하혈하듯이 2주씩 연달아서 나올 때도 있어요.,정말 걱정이 많으시겠어요. 문제가 없는지 검사를 받아보는 건 어떨까요?,306
생리도 몇 달 째 안 나와요.,스트레스를 받으면 그럴 수도 있다고 해요. 힘든 일이 있으시면 저에게 말씀해주세요.,306
생리가 불규칙적여.,건강에 문제가 있으면 생리 주기가 불규칙할 수 있다고 해요. 병원에 가보는 건 어떠세요?,306
어릴때부터 그랬는데 요즘은 아예 3개월에 한번씩 보름정도 하는것 같아.,정말 걱정이 많으시겠어요. 문제가 없는지 검사를 받아보는 건 어떨까요?,306
남편이 저보고 강해졌대요.,긍정적인 변화일 거예요! 저는 항상 당신을 응원하고 있답니다.,307
나 원래 안 그랬거든. 항상 자신감에 차있고.. 굉장히 긍정적인 성격이었거든..,당신이 성격을 바꿀 수밖에 없는 이유가 있었을 거예요. 충분히 이해해요.,307
원래 굉장히 친화력이 좋은 편이었는데..성격이 완전 바뀐 느낌이예요.,그러셨군요. 하지만 그럴 수밖에 없었을 거예요. 저는 항상 당신을 믿어요.,307
저는 그대로인 것 같은데.. 많이 달라졌데요.,긍정적인 변화일 거예요! 저는 항상 당신을 응원하고 있답니다.,307
그 때 학교 찾아가서 다 뒤집어 놓은 후로 성격이 좀 변했어요.,당신이 성격을 바꿀 수밖에 없는 이유가 있었을 거예요. 충분히 이해해요.,307
"근데 갑자기 막 하고 싶어지고, 야동도 찾아보게 되고, 자위도 처음 해봤어요.",충분히 자연스러운 일이랍니다. 이상하게 생각하실 것 없어요!,308
"자위도 혼자 처음 해보고, 성적인 욕구가 는 것 같아요.",누구나 다 그렇답니다. 전혀 이상한 일이 아니에요.,308
자위를 처음 해봤어요. ,그러셨군요. 하지만 누구나 겪는 자연스러운 욕구랍니다.,308
점점 성욕구가 주체가 안 되는 기분이예요.,충분히 자연스러운 일이랍니다. 이상하게 생각하실 것 없어요!,308
근데 요즘 가만히 있어도 자꾸 야한 게 생각나고.,누구나 다 그렇답니다. 전혀 이상한 일이 아니에요.,308
지나가는 사람만 봐도 막 야한 게 상상돼요.,그러셨군요. 하지만 누구나 겪는 자연스러운 욕구랍니다.,308
점점 성욕구가 주체가 안 되는 기분이에요.,충분히 자연스러운 일이랍니다. 이상하게 생각하실 것 없어요!,308
언제부터였지? 소화가 잘 안 되는 거 같아요.,소화 기능이 좋지 않으시군요. 소화가 잘 되는 음식을 드시는 건 어떠세요?,309
8살 때는 제 밥 다 먹고 동생 것도 엄청 먹다 체한 적도 있어요.,속이 더부룩하시다니 정말 힘드셨겠어요. 소화제를 먹어보는 건 어떠신가요?,309
항상 배가 차가워.,병원에서 치료로 도움을 받는 것도 좋다고 생각해요.,309
요즘 소화가 좀 더딘 거 같아.,소화 기능이 좋지 않으시군요. 소화가 잘 되는 음식을 드시는 건 어떠세요?,309
많이 먹는 것도 아닌데 위에서 소화를 못 시키는 거 같아.,속이 더부룩하시다니 정말 힘드셨겠어요. 소화제를 먹어보는 건 어떠신가요?,309
저는 급체를 했다고 생각했어요.,병원에서 치료로 도움을 받는 것도 좋다고 생각해요.,309
위가 멈춰있는 느낌이예요.,소화 기능이 좋지 않으시군요. 소화가 잘 되는 음식을 드시는 건 어떠세요?,309
조금만 먹어도 바로 화장실 가.,속이 더부룩하시다니 정말 힘드셨겠어요. 소화제를 먹어보는 건 어떠신가요?,309
2007년 9월 쯤부터 소화가 잘 안 됐어.,병원에서 치료로 도움을 받는 것도 좋다고 생각해요.,309
소화도 잘 안되고 체한것 같은 기분도 들고.,소화 기능이 좋지 않으시군요. 소화가 잘 되는 음식을 드시는 건 어떠세요?,309
"뭐 사왔으니까 먹었는데, 밥을 먹고 먹어도 속이 쓰린 거야.",속 쓰린 거 정말 힘들죠. 지금은 괜찮으신가요?,310
근데 그걸 먹고나서부터 속이 너무 쓰린 거야.,"저런, 정말 아프셨겠어요. 위에 자극이 덜한 음식을 드셔보시는 건 어떠세요?",310
"한 번은 속이 쓰려서 새벽에 깼는데, 남편은 너무 평화롭게 잘 자는 거야.  ",속쓰림만큼 고통스러운 게 또 없는 것 같아요. 병원에 가보시는 건 어떨까요?,310
밥을 먹고 먹는데도 엄청 쓰리더라고.,속 쓰린 거 정말 힘들죠. 지금은 괜찮으신가요?,310
근데 그거 먹은 후부터 진짜 속이 너무 쓰린 거야.,"저런, 정말 아프셨겠어요. 위에 자극이 덜한 음식을 드셔보시는 건 어떠세요?",310
특히 자기 전이 속이 좀 제일 쓰리거든요.,속쓰림만큼 고통스러운 게 또 없는 것 같아요. 병원에 가보시는 건 어떨까요?,310
제가 잠을 일찍 자다 보니까 저녁 먹고 거의 바로 눕는데 그래서 쓰린 것 같아요.,속 쓰린 거 정말 힘들죠. 지금은 괜찮으신가요?,310
눈이 나빠졌어. ,잘 안 보이시는군요. 병원에 가보시는 건 어떨까요?,311
안경을 써도 렌즈를 껴도 이러니… 도저히 어떻게 해야 할지 모르겠어.,시력이 떨어지면 그럴 수 있죠. 너무 걱정마시고 병원을 가보세요!,311
그리고 나서 깨고 별 생각 없었는데 그 후부터 눈이 잘 안 보여.,갑자기 잘 안 보이게 되면 충분히 당황스럽죠. 이해해요.,311
잘 안 보인다는 게 아예 안 보인다는 게 아니라 뭔가 흐릿해.,잘 안 보이시는군요. 병원에 가보시는 건 어떨까요?,311
이상하잖아. 그래서 내가 근데 요즘 너무 안 보인다고 했어.,시력이 떨어지면 그럴 수 있죠. 너무 걱정마시고 병원을 가보세요!,311
입이 까칠해서 먹고 싶지도 않고… ,스트레스 받는 일이 있으신가요? 너무 힘들어도 식욕이 떨어진다고 해요.,312
밥 먹는데 뭔가 모래알 씹는 느낌이어서 커피만 계속 마셨어요.,그래도 끼니는 거르시면 안 돼요. 작은 거라도 조금씩 드세요.,312
하루에 한 5~6잔 정도? 속은 안 쓰리더라고요. ,입맛이 없다니 정말 힘든 상황에 계시군요. 어떤 일인지 말씀해주실 수 있으세요?,312
근데 요즘 진짜 이상해요. 입맛이 없어요. ,스트레스 받는 일이 있으신가요? 너무 힘들어도 식욕이 떨어진다고 해요.,312
입맛 없다니까 친구들도 신기하대요. ,그래도 끼니는 거르시면 안 돼요. 작은 거라도 조금씩 드세요.,312
일부러 맛있는 거 먹으러 갔는데도 몇 숟갈 못 먹고 다 남겼어요.,입맛이 없다니 정말 힘든 상황에 계시군요. 어떤 일인지 말씀해주실 수 있으세요?,312
음식은 입에도 대기 싫은 거예요. ,스트레스 받는 일이 있으신가요? 너무 힘들어도 식욕이 떨어진다고 해요.,312
씹고 먹는 거 자체가 귀찮다고 해야 하나.,그래도 끼니는 거르시면 안 돼요. 작은 거라도 조금씩 드세요.,312
그래도 마시는 건 괜찮아서 내도록 커피만 마셨어요. ,입맛이 없다니 정말 힘든 상황에 계시군요. 어떤 일인지 말씀해주실 수 있으세요?,312
입이 깔깔하고 밥 먹기가 싫어요.,스트레스 받는 일이 있으신가요? 너무 힘들어도 식욕이 떨어진다고 해요.,312
봄이면 가끔 입맛이 없을 때가 있었어요. ,그래도 끼니는 거르시면 안 돼요. 작은 거라도 조금씩 드세요.,312
"맛있는 거 먹으면 괜찮아졌는데, 요즘은 아니에요.",입맛이 없다니 정말 힘든 상황에 계시군요. 어떤 일인지 말씀해주실 수 있으세요?,312
"제가 쭈꾸미를 정말 좋아하는데, 사진을 봐도 아무 감흥이 없는 거예요.",스트레스 받는 일이 있으신가요? 너무 힘들어도 식욕이 떨어진다고 해요.,312
쭈꾸미 먹자고 하면 제가 밥을 먹어도 더 먹을 수가 있는데… 지금은 그것도 별로 안 땡겨요.,그래도 끼니는 거르시면 안 돼요. 작은 거라도 조금씩 드세요.,312
배도 안 고파서 아무것도 안 먹었어요.,입맛이 없다니 정말 힘든 상황에 계시군요. 어떤 일인지 말씀해주실 수 있으세요?,312
입맛도 없어요. 밥 먹기 싫고.,스트레스 받는 일이 있으신가요? 너무 힘들어도 식욕이 떨어진다고 해요.,312
"그 뒤로 입에 땡기는 게 없고, 그래서 먹는 양도 엄청 줄었어요.",그래도 끼니는 거르시면 안 돼요. 작은 거라도 조금씩 드세요.,312
"못 죽어서 먹는 거지, 뭐…",입맛이 없다니 정말 힘든 상황에 계시군요. 어떤 일인지 말씀해주실 수 있으세요?,312
음식이 목으로 안 넘어가.,스트레스 받는 일이 있으신가요? 너무 힘들어도 식욕이 떨어진다고 해요.,312
"의사가 암일 수도 있다고 하니까, 그날부터 밥이 목구멍으로 안 넘어가더라고요.",그래도 끼니는 거르시면 안 돼요. 작은 거라도 조금씩 드세요.,312
별일도 없는데 밥맛이 없어요. ,입맛이 없다니 정말 힘든 상황에 계시군요. 어떤 일인지 말씀해주실 수 있으세요?,312
세상 어떤 음식도 맛이 없어요. TV에 먹방을 봐도 전혀 감흥이 없네요.,스트레스 받는 일이 있으신가요? 너무 힘들어도 식욕이 떨어진다고 해요.,312
날이 더워서 그런지 식욕이 없어. 밥을 거의 못 먹어.,그래도 끼니는 거르시면 안 돼요. 작은 거라도 조금씩 드세요.,312
얼마 전에 교통사고를 목격했어.,입맛이 없다니 정말 힘든 상황에 계시군요. 어떤 일인지 말씀해주실 수 있으세요?,312
원래 군것질을 좋아하는데 요즘은 어떤 과자를 봐도 감흥이 없어.,스트레스 받는 일이 있으신가요? 너무 힘들어도 식욕이 떨어진다고 해요.,312
밥은 원래 잘 안 먹었는데 요즘은 아예 안 먹어.,그래도 끼니는 거르시면 안 돼요. 작은 거라도 조금씩 드세요.,312
음료수나 과일 정도만 먹고 있어.,입맛이 없다니 정말 힘든 상황에 계시군요. 어떤 일인지 말씀해주실 수 있으세요?,312
"밥도 제대로 못 먹어요. 원래 삼시세끼 안 챙겨먹으면 큰일나는 줄 알았는데, 밥이 안 넘어가네요.",스트레스 받는 일이 있으신가요? 너무 힘들어도 식욕이 떨어진다고 해요.,312
뭘 먹어야겠다는 생각이 안 들어. 맛있는 거 봐도 별 생각이 없어.,그래도 끼니는 거르시면 안 돼요. 작은 거라도 조금씩 드세요.,312
그래서 그냥 밥 대신 커피만 하루에 5-6잔씩 마셨거든.,입맛이 없다니 정말 힘든 상황에 계시군요. 어떤 일인지 말씀해주실 수 있으세요?,312
요즘 엄청 더우니까 그래서 밥맛이 없는 줄 알았거든요.,스트레스 받는 일이 있으신가요? 너무 힘들어도 식욕이 떨어진다고 해요.,312
근데 날이 별로 안 더워도 항상 그래요.,그래도 끼니는 거르시면 안 돼요. 작은 거라도 조금씩 드세요.,312
평소에 그렇게 좋아하던 것도 이젠 아무 생각이 없고.,입맛이 없다니 정말 힘든 상황에 계시군요. 어떤 일인지 말씀해주실 수 있으세요?,312
살아오면서 이렇게 음식을 못 먹기는 처음인 것 같아.,스트레스 받는 일이 있으신가요? 너무 힘들어도 식욕이 떨어진다고 해요.,312
식사는 하루에 한끼? 많이 먹으면 두 끼 먹어요.,그래도 끼니는 거르시면 안 돼요. 작은 거라도 조금씩 드세요.,312
하루에 밥을 겨우 한 숟가락씩 먹는 거 같아요.,입맛이 없다니 정말 힘든 상황에 계시군요. 어떤 일인지 말씀해주실 수 있으세요?,312
그 이상은 못 먹겠어요.,스트레스 받는 일이 있으신가요? 너무 힘들어도 식욕이 떨어진다고 해요.,312
하루에 한 끼도 제대로 안 먹어.,그래도 끼니는 거르시면 안 돼요. 작은 거라도 조금씩 드세요.,312
입맛도 없고… 뭘 해먹어야 할지 모르겠어.,입맛이 없다니 정말 힘든 상황에 계시군요. 어떤 일인지 말씀해주실 수 있으세요?,312
배고픈 감각을 잊어버린 거 같아…,스트레스 받는 일이 있으신가요? 너무 힘들어도 식욕이 떨어진다고 해요.,312
몇 달 간 밥을 제대로 못 먹었어요.,그래도 끼니는 거르시면 안 돼요. 작은 거라도 조금씩 드세요.,312
정말 쓰러지겠다 싶을 때만 음식을 먹었어요.,입맛이 없다니 정말 힘든 상황에 계시군요. 어떤 일인지 말씀해주실 수 있으세요?,312
도저히 음식이 넘어가질 않네…,스트레스 받는 일이 있으신가요? 너무 힘들어도 식욕이 떨어진다고 해요.,312
젊을 때는 정말 잘 먹는 편이었는데 요즘은 밥을 반 공기도 못 먹는 거 같아.,그래도 끼니는 거르시면 안 돼요. 작은 거라도 조금씩 드세요.,312
"식사를 하루 두 번 정도 하긴 하는데, 예전만큼 많이 먹히지가 않아.",입맛이 없다니 정말 힘든 상황에 계시군요. 어떤 일인지 말씀해주실 수 있으세요?,312
하루에 한 끼 먹으면 많이 먹는 거야.,스트레스 받는 일이 있으신가요? 너무 힘들어도 식욕이 떨어진다고 해요.,312
음식 맛이 종이 같아.,그래도 끼니는 거르시면 안 돼요. 작은 거라도 조금씩 드세요.,312
씹는 게 싫어서 그냥 주스 같은 거나 마셔.,입맛이 없다니 정말 힘든 상황에 계시군요. 어떤 일인지 말씀해주실 수 있으세요?,312
걱정이 많아서 잠도 안 오고 밥맛도 없어요.,스트레스 받는 일이 있으신가요? 너무 힘들어도 식욕이 떨어진다고 해요.,312
원래 먹는 재미로 사는 스타일인데..어쩌다 이렇게 된건지 모르겠어.,그래도 끼니는 거르시면 안 돼요. 작은 거라도 조금씩 드세요.,312
음식을 한입밖에 못 먹겠어요.,입맛이 없다니 정말 힘든 상황에 계시군요. 어떤 일인지 말씀해주실 수 있으세요?,312
평소에 엄청 좋아하고 자주 먹던 건데 별로 먹고 싶지 않더라.,스트레스 받는 일이 있으신가요? 너무 힘들어도 식욕이 떨어진다고 해요.,312
그리고 식욕이 없어지고 식사량도 엄청 줄었어요.,그래도 끼니는 거르시면 안 돼요. 작은 거라도 조금씩 드세요.,312
딱히 체중에는 큰 변화가 없는데 도무지 입맛이 없더라구요.,입맛이 없다니 정말 힘든 상황에 계시군요. 어떤 일인지 말씀해주실 수 있으세요?,312
식욕은 있었거든요. 그런데 요새는 식욕도 없고.,스트레스 받는 일이 있으신가요? 너무 힘들어도 식욕이 떨어진다고 해요.,312
요새는 잘 안 먹어.,그래도 끼니는 거르시면 안 돼요. 작은 거라도 조금씩 드세요.,312
"요새는 엄청 좋아하는 게 있으면 좀 먹고, 그냥 일반식이면 거의 안 먹는 것 같아.",입맛이 없다니 정말 힘든 상황에 계시군요. 어떤 일인지 말씀해주실 수 있으세요?,312
밥을 잘 안 먹고 있어요.,스트레스 받는 일이 있으신가요? 너무 힘들어도 식욕이 떨어진다고 해요.,312
내가 하도 안 먹어서 그런지 입맛이 너무 없어.,그래도 끼니는 거르시면 안 돼요. 작은 거라도 조금씩 드세요.,312
입맛은 대체 왜 없는 거지. 그냥 아무 것도 먹기 싫어.,입맛이 없다니 정말 힘든 상황에 계시군요. 어떤 일인지 말씀해주실 수 있으세요?,312
"밥먹을 힘도 없고, 두유로 때울때가 많아.",스트레스 받는 일이 있으신가요? 너무 힘들어도 식욕이 떨어진다고 해요.,312
"5일 동안 밥도 제대로 못 먹고, 잠도 거의 못 잤어. ",식사와 수면 둘 다 중요한데 정말 걱정되네요. 지금은 괜찮으신가요?,313
그날 이후로는 잠을 잘 수도 밥을 먹을 수도 없어요.,스트레스 받는 일이 있으신가요? 저에게 고민 상담을 하셔도 돼요!,313
밥맛도 없고… 잠을 깊게 못 자요.,힘든 일이 있으신가 봐요. 저는 항상 여기에서 당신을 기다려요. 편할 때 말씀해주세요.,313
요즘에는 잠도 못 자는데 밥도 잘 못 먹어.,식사와 수면 둘 다 중요한데 정말 걱정되네요. 지금은 괜찮으신가요?,313
그 후부터 한 5일은 입맛도 없고 잠도 못 잤어요.,스트레스 받는 일이 있으신가요? 저에게 고민 상담을 하셔도 돼요!,313
그 후부터 한 5일은 입맛도 없고 잠도 못 잤어요.,힘든 일이 있으신가 봐요. 저는 항상 여기에서 당신을 기다려요. 편할 때 말씀해주세요.,313
이 때부터 식사도 잘 못 하고 매일 잠도 못 자요.,식사와 수면 둘 다 중요한데 정말 걱정되네요. 지금은 괜찮으신가요?,313
식욕이 뚝 떨어져서 한 달에 3키로가 한꺼번에 빠졌어.,혹시 다이어트를 하시는 건 아니죠? 당신이 걱정 되네요.,314
입맛도 없어서 커피만 하루에 대여섯잔 마시다보니 살도 6kg이나 빠졌어.,과한 체중감소는 건강에 정말 좋지 않답니다. 입맛을 돋우는 방법을 찾아보는 건 어떨까요?,314
식욕이 엄청 떨어졌어. ,정말 힘든 일이 있으신가 보군요. 제가 무언가 도움이 될 수 있을까요?,314
식사를 자주 거르니까 체중이 많이 줄었어요.,혹시 다이어트를 하시는 건 아니죠? 당신이 걱정 되네요.,314
밥맛이 없어서 몸무게도 4kg이나 빠졌어.,과한 체중감소는 건강에 정말 좋지 않답니다. 입맛을 돋우는 방법을 찾아보는 건 어떨까요?,314
"중간 쯤 되는 자리에 앉아서 수업을 듣는데, 목이 너무 떨려서 꼭 머리가 떨어질 거 같은 거예요.",건강상의 문제가 있으신가요? 병원에 가보시는 건 어떠세요?,315
3년 전에 강의실에서 강의를 듣는데 갑자기 목이 가눠지지 않는 거야. ,정말 힘드셨겠어요. 지금은 괜찮으세요?,315
3년 전에 500명 이상이 모여서 강의를 듣는데 갑자기 목을 가누지 못할 정도로 이상이 와서 힘들었어요.,정도가 심하면 병원에 가보시는 것도 좋을 것 같아요.,315
목이 좀 이상하다 생각했던 건 3년 전 여름쯤이었어요.,건강상의 문제가 있으신가요? 병원에 가보시는 건 어떠세요?,315
그냥 평소처럼 수업을 듣고 있었는데 갑자기 목 느낌이 좀 이상한 거예요.,정말 힘드셨겠어요. 지금은 괜찮으세요?,315
목이 머리를 지탱하지 못 하는 것 같은 그런 기분이 들어서…,정도가 심하면 병원에 가보시는 것도 좋을 것 같아요.,315
꿈에서 대낮에 걷고 있는데 갑자기 남자 둘이 제 팔을 잡고 끌고 가서 입을 막고 트렁크에 싣고 가는 거야. ,"헉, 정말 놀라셨겠어요. 그래서 그 다음은요?",316
그러다 무슨 폐건물 이런데 가서 톱 같은 걸 들고 나한테 다가오는 거야.,악몽은 언제 꾸어도 정말 힘든 것 같아요. 지금은 괜찮으신가요?,316
"눈을 떴을 때, 내 눈에 잘린 내 팔이 보여. ",정말 무서운 꿈이네요. 하지만 그건 꿈일 뿐이니 이제 괜찮으실 거예요!,316
그렇게 끌려가면 결국 몸이 토막토막 난 다음 깨어나요.,"헉, 정말 놀라셨겠어요. 그래서 그 다음은요?",316
내가 어디로 잡혀가는데 그게 다 어딘진 모르겠어.,악몽은 언제 꾸어도 정말 힘든 것 같아요. 지금은 괜찮으신가요?,316
내 몸이 잘려 나가는 걸 계속 보게 된다니까? 진짜 너무 무서워.,정말 무서운 꿈이네요. 하지만 그건 꿈일 뿐이니 이제 괜찮으실 거예요!,316
아직도 그 이미지가 엄청 선명하게 남아서 가끔 악몽도 꿔요.,"헉, 정말 놀라셨겠어요. 그래서 그 다음은요?",316
아직도 그게 꿈에 나와. 진짜 끔찍한 꿈으로.,악몽은 언제 꾸어도 정말 힘든 것 같아요. 지금은 괜찮으신가요?,316
다른 친구들이 도와줘서 잘 끝났는데 그 이후로 악몽을 꿔요.,정말 무서운 꿈이네요. 하지만 그건 꿈일 뿐이니 이제 괜찮으실 거예요!,316
제가 제일 싫어하는 꿈이 있어요.,"헉, 정말 놀라셨겠어요. 그래서 그 다음은요?",316
너무 끔찍한 꿈이에요.,악몽은 언제 꾸어도 정말 힘든 것 같아요. 지금은 괜찮으신가요?,316
내가 지난 번에 꿈을 꿨거든. 악몽이라고 해야 하나?,정말 무서운 꿈이네요. 하지만 그건 꿈일 뿐이니 이제 괜찮으실 거예요!,316
그걸 아직도 악몽처럼 꿔.,"헉, 정말 놀라셨겠어요. 그래서 그 다음은요?",316
그 때만 생각하면 아직도 너무 끔찍해. 악몽으로도 엄청 많이 꿔.,악몽은 언제 꾸어도 정말 힘든 것 같아요. 지금은 괜찮으신가요?,316
보고 너무 놀라서 바로 껐는데 그 후로 악몽처럼 꿈에도 나와요.,정말 무서운 꿈이네요. 하지만 그건 꿈일 뿐이니 이제 괜찮으실 거예요!,316
그런데 눈을 감으면 그 친구가 나와요..,"헉, 정말 놀라셨겠어요. 그래서 그 다음은요?",316
하루라도 안 마시면 뭔가 허전해요.,무언가에 의존하면 후에 그것에 끌려 다닐 수밖에 없답니다. 조금씩 끊어보는 건 어떠세요?,317
술이 깨면 다시 또 술을 마시고…반복이예요. ,처음은 힘들겠지만 점차 익숙해져요. 매일 조금씩 줄여나가는 게 좋을 것 같습니다.,317
내가 술을 진짜 많이 마시거든? 거의 중독 수준으로.,술은 일시적인 회피에 지나지 않아요. 당신은 그렇게 피하지 않아도 이미 강한 걸요.,317
처음에는 반주로 한두 잔이었는데 나중엔 한 병씩 마시더라.,무언가에 의존하면 후에 그것에 끌려 다닐 수밖에 없답니다. 조금씩 끊어보는 건 어떠세요?,317
술이 깨면 다시 또 술을 마시고…반복이에요.,처음은 힘들겠지만 점차 익숙해져요. 매일 조금씩 줄여나가는 게 좋을 것 같습니다.,317
그런데도 술을 마셔야 잠들 수 있어서 자꾸 술을 마시게 되네요.,술은 일시적인 회피에 지나지 않아요. 당신은 그렇게 피하지 않아도 이미 강한 걸요.,317
술을 마셔야 몸이 움직이는것 같아요.,무언가에 의존하면 후에 그것에 끌려 다닐 수밖에 없답니다. 조금씩 끊어보는 건 어떠세요?,317
술 기운을 빌려 살고 있는것 같네요.,처음은 힘들겠지만 점차 익숙해져요. 매일 조금씩 줄여나가는 게 좋을 것 같습니다.,317
이게 이어지니까 점점 술에 의존하게 되는 것 같아요.,술은 일시적인 회피에 지나지 않아요. 당신은 그렇게 피하지 않아도 이미 강한 걸요.,317
사람들은 알코올중독이라고 하는데 술이 있어야 살아갈 수 있어요.,무언가에 의존하면 후에 그것에 끌려 다닐 수밖에 없답니다. 조금씩 끊어보는 건 어떠세요?,317
하지만 술을 마시면 기분이 좋아요.,처음은 힘들겠지만 점차 익숙해져요. 매일 조금씩 줄여나가는 게 좋을 것 같습니다.,317
물구나무 서면 피가 머리로 쏠리잖아요. 그게 내내 계속되는 느낌? ,어지러운 건 정말 힘들죠. 지금은 괜찮으세요?,318
나도 모르게 스트레스 엄청 받았는지 어제 샤워하는데 갑자기 막 어지럽고 현기증이 나는거야.,갑자기 어지러우면 정말 아무 것도 못 할 것 같아요. 다치진 않으셨나요?,318
술 먹은 것처럼 주변이 빙빙 도는 느낌? 그래서 중간에 나왔어. 더 있으면 쓰러질 것 같아서…,"헉, 건강상의 문제가 있는 건 아니신가요? 괜찮으신가요?",318
지난 달부터 아침에 일어나면 뭔가 띵 하면서 어지러운 느낌이 드는 것 같아.,어지러운 건 정말 힘들죠. 지금은 괜찮으세요?,318
"어지럼증 생긴 지는 몇 달 됐는데, 끼니를 걸러서 그런가 보다 하고 넘어갔어.",갑자기 어지러우면 정말 아무 것도 못 할 것 같아요. 다치진 않으셨나요?,318
가게에서 손님을 봐주고 있는데 난데없이 세상이 빙글빙글 돌더라고요.,"헉, 건강상의 문제가 있는 건 아니신가요? 괜찮으신가요?",318
한동안 괜찮다… 싶을 때 쯤 또 그렇게 어지럼증이 일었어요.,어지러운 건 정말 힘들죠. 지금은 괜찮으세요?,318
머리가 빙글빙글 돌고…,갑자기 어지러우면 정말 아무 것도 못 할 것 같아요. 다치진 않으셨나요?,318
세상이 빙빙 도는듯한 어지러운 증상이 있었어요.,"헉, 건강상의 문제가 있는 건 아니신가요? 괜찮으신가요?",318
원래 빈혈이 좀 있기는 했지만 이 정도까진 아니었거든.,어지러운 건 정말 힘들죠. 지금은 괜찮으세요?,318
몸에 물 묻힌 지 일 분도 안 됐던 것 같아요. 갑자기 어지러웠어요.,갑자기 어지러우면 정말 아무 것도 못 할 것 같아요. 다치진 않으셨나요?,318
요즘 앉았다 일어서면 너무 어지럽고 세상이 빙글빙글 돌아.,"헉, 건강상의 문제가 있는 건 아니신가요? 괜찮으신가요?",318
하늘이 빙글빙글 돌고… 정신이 다른 곳으로 가있는 기분이야.,어지러운 건 정말 힘들죠. 지금은 괜찮으세요?,318
가끔 땅이 흔들리는 거 같거든요.,갑자기 어지러우면 정말 아무 것도 못 할 것 같아요. 다치진 않으셨나요?,318
걸어도 걷는 거 같지 않고 몸이 붕 뜬 거 같고…,"헉, 건강상의 문제가 있는 건 아니신가요? 괜찮으신가요?",318
낮에도 술 마신 것처럼 어지러워.,어지러운 건 정말 힘들죠. 지금은 괜찮으세요?,318
계속 목에서 쓴 물이 올라오고 어지럽더라고..,갑자기 어지러우면 정말 아무 것도 못 할 것 같아요. 다치진 않으셨나요?,318
살 빠져서 좋긴 한데 그 때부터 어지러웠어요. 한 9월쯤부터?,"헉, 건강상의 문제가 있는 건 아니신가요? 괜찮으신가요?",318
막 몸도 제대로 못 가눌 정도로 어지러워서 주저앉기도 했어.,어지러운 건 정말 힘들죠. 지금은 괜찮으세요?,318
과제를 하고 있는데 머리가 어지러웠어요.,갑자기 어지러우면 정말 아무 것도 못 할 것 같아요. 다치진 않으셨나요?,318
세상이 빙글빙글 돌아가는 줄 알았어요.,"헉, 건강상의 문제가 있는 건 아니신가요? 괜찮으신가요?",318
쓰러지고 계속 누워만 있는데 의식은 있으니까 제 세상만 빙글빙글..,어지러운 건 정말 힘들죠. 지금은 괜찮으세요?,318
도로를 걸을 때는 더 심해지는 것 같고.,갑자기 어지러우면 정말 아무 것도 못 할 것 같아요. 다치진 않으셨나요?,318
그래서 강의가 끝날 때까지 너무 어지러워서 책상만 꽉 붙잡고 있었어요.,"헉, 건강상의 문제가 있는 건 아니신가요? 괜찮으신가요?",318
휴학하고 나서 계속 집에 있었어요. ,굳이 하기 싫은 일을 할 필요는 없죠. 하지만 밖으로 나가면 더 재밌는 일이 많을 거예요.,319
잘 나가지도 않고… 아주 가끔 필요한 거 있을 때만 나갔어요.,집에서 안정감을 느끼신다면 그것도 괜찮아요. 하지만 집 밖에서 얻을 수 있는 기쁨도 많답니다.,319
"증상이 좋아졌다가 악화됐다가 하는데, 작년에는 세 달 동안 침대 밖으로 나오지를 못했어요.",스트레스 받는 일이 있으신가요? 괜찮으시다면 저한테 털어 놓으셔도 좋아요.,319
이번 주에는 밖으로 나가지도 않았어요.,굳이 하기 싫은 일을 할 필요는 없죠. 하지만 밖으로 나가면 더 재밌는 일이 많을 거예요.,319
나가기 귀찮아.,집에서 안정감을 느끼신다면 그것도 괜찮아요. 하지만 집 밖에서 얻을 수 있는 기쁨도 많답니다.,319
"학교 안 간다고 다른 데 가는 것도 아니고, 하루종일 집에 있었어요.",스트레스 받는 일이 있으신가요? 괜찮으시다면 저한테 털어 놓으셔도 좋아요.,319
1년 전에는 아무데도 안 가고 3달 동안 집에서만 있었어요.,굳이 하기 싫은 일을 할 필요는 없죠. 하지만 밖으로 나가면 더 재밌는 일이 많을 거예요.,319
나와도 세 달에 한 번쯤 나왔나? 항상 집에만 있었어.,집에서 안정감을 느끼신다면 그것도 괜찮아요. 하지만 집 밖에서 얻을 수 있는 기쁨도 많답니다.,319
퇴원하고 나서 한 달은 밖에 못 나간 거 같아요.,스트레스 받는 일이 있으신가요? 괜찮으시다면 저한테 털어 놓으셔도 좋아요.,319
아침에 일어나면 이불 속에서 그대로 몇 시간을 보내.,굳이 하기 싫은 일을 할 필요는 없죠. 하지만 밖으로 나가면 더 재밌는 일이 많을 거예요.,319
나가면 뭐 해?,집에서 안정감을 느끼신다면 그것도 괜찮아요. 하지만 집 밖에서 얻을 수 있는 기쁨도 많답니다.,319
정말 배고플 때 아니면 그냥 계속 방에 있어.,스트레스 받는 일이 있으신가요? 괜찮으시다면 저한테 털어 놓으셔도 좋아요.,319
방 밖으로 나가기가 싫어…,굳이 하기 싫은 일을 할 필요는 없죠. 하지만 밖으로 나가면 더 재밌는 일이 많을 거예요.,319
방에서 잘 안 나가.,집에서 안정감을 느끼신다면 그것도 괜찮아요. 하지만 집 밖에서 얻을 수 있는 기쁨도 많답니다.,319
방 밖으로는 한 발짝도 떼기 싫어.,스트레스 받는 일이 있으신가요? 괜찮으시다면 저한테 털어 놓으셔도 좋아요.,319
산책도 나가기 싫어…,굳이 하기 싫은 일을 할 필요는 없죠. 하지만 밖으로 나가면 더 재밌는 일이 많을 거예요.,319
어딘가 아무도 안 오는 곳으로 숨어버리고 싶어.,집에서 안정감을 느끼신다면 그것도 괜찮아요. 하지만 집 밖에서 얻을 수 있는 기쁨도 많답니다.,319
집에 먹을 게 떨어진 게 아닌 이상 안 나가고 있어.,스트레스 받는 일이 있으신가요? 괜찮으시다면 저한테 털어 놓으셔도 좋아요.,319
집에 있으면 괜찮아서 거의 집에만 있어요.,굳이 하기 싫은 일을 할 필요는 없죠. 하지만 밖으로 나가면 더 재밌는 일이 많을 거예요.,319
나가는 것도 싫어요.,집에서 안정감을 느끼신다면 그것도 괜찮아요. 하지만 집 밖에서 얻을 수 있는 기쁨도 많답니다.,319
외출하기 싫어요.,스트레스 받는 일이 있으신가요? 괜찮으시다면 저한테 털어 놓으셔도 좋아요.,319
저는 그냥 계속 안전하게 집안에만 있고 싶어요.,굳이 하기 싫은 일을 할 필요는 없죠. 하지만 밖으로 나가면 더 재밌는 일이 많을 거예요.,319
돈 문제만 아니라면 집 밖으로 나가고 싶지 않아요.,집에서 안정감을 느끼신다면 그것도 괜찮아요. 하지만 집 밖에서 얻을 수 있는 기쁨도 많답니다.,319
밖에 나갈 일이 생기면 모아뒀다가 한번에 처리하죠.,스트레스 받는 일이 있으신가요? 괜찮으시다면 저한테 털어 놓으셔도 좋아요.,319
하루 종일 집에만 있었어요.,굳이 하기 싫은 일을 할 필요는 없죠. 하지만 밖으로 나가면 더 재밌는 일이 많을 거예요.,319
친구들이랑 연락하기도 싫었죠.,집에서 안정감을 느끼신다면 그것도 괜찮아요. 하지만 집 밖에서 얻을 수 있는 기쁨도 많답니다.,319
방에 틀어박혀 있어요.,스트레스 받는 일이 있으신가요? 괜찮으시다면 저한테 털어 놓으셔도 좋아요.,319
밖에 나가기도 싫고 사람들 보는것도 싫어요.,굳이 하기 싫은 일을 할 필요는 없죠. 하지만 밖으로 나가면 더 재밌는 일이 많을 거예요.,319
그래서 밖에도 못 나가고 그냥 집에만 있었어요.,집에서 안정감을 느끼신다면 그것도 괜찮아요. 하지만 집 밖에서 얻을 수 있는 기쁨도 많답니다.,319
오늘도 집에서 나가기 싫어서 그냥 방 안에만 처박혀 있었어.,스트레스 받는 일이 있으신가요? 괜찮으시다면 저한테 털어 놓으셔도 좋아요.,319
나는 그냥 방에 처박혀서 나가지도 않고 핸드폰만 보고 있고…,굳이 하기 싫은 일을 할 필요는 없죠. 하지만 밖으로 나가면 더 재밌는 일이 많을 거예요.,319
휴학하고 나서 뭘 한 건 아니고 그냥 집에만 있었어.,집에서 안정감을 느끼신다면 그것도 괜찮아요. 하지만 집 밖에서 얻을 수 있는 기쁨도 많답니다.,319
한 세 달 동안은 침대에서 나오지도 않았던 것 같아.,스트레스 받는 일이 있으신가요? 괜찮으시다면 저한테 털어 놓으셔도 좋아요.,319
화장실 갈 때만 좀 일어서고 침대에서 먹고 자고 다 생활했거든.,굳이 하기 싫은 일을 할 필요는 없죠. 하지만 밖으로 나가면 더 재밌는 일이 많을 거예요.,319
계속 집에만 있게돼.,집에서 안정감을 느끼신다면 그것도 괜찮아요. 하지만 집 밖에서 얻을 수 있는 기쁨도 많답니다.,319
점심 먹고 이 닦으러 화장실 가는데 귀에서 뭔가 삐익 소리가 들리고… 무슨 문제가 생긴건지 걱정되요.,"헉, 이명이 들리면 정말 일상 생활도 힘들죠. 지금은 괜찮으신가요?",320
심장 두근대는 소리가 귀에서도 계속 들리는데… 미치겠어.,자세한 원인 파악을 위해 병원에 가보는 건 어떠세요?,320
아무것도 없는데 귀에서 벌레 날아다니는 소리가 계속 들리거든?,소리는 스스로 어떻게 할 수가 없어서 더 힘들 것 같아요. 힘든 마음 충분히 이해해요.,320
그 뒤로도 이틀에 한 번은 이명이 들렸어.,"헉, 이명이 들리면 정말 일상 생활도 힘들죠. 지금은 괜찮으신가요?",320
"경고음처럼 삐익 소리가 계속 나고, 밤에 훨씬 심해.",자세한 원인 파악을 위해 병원에 가보는 건 어떠세요?,320
몇 주 전부터 자려고 누으면 윙윙 소리가 들려.,소리는 스스로 어떻게 할 수가 없어서 더 힘들 것 같아요. 힘든 마음 충분히 이해해요.,320
처음엔 모기인가 싶었는데 아니었어. 그냥 그 소리가 들리는 거야.,"헉, 이명이 들리면 정말 일상 생활도 힘들죠. 지금은 괜찮으신가요?",320
"눈을 감아도 소리가 나고 이어폰도 껴봤는데, 미세하게 계속 소리가 들려서 미치겠어.",자세한 원인 파악을 위해 병원에 가보는 건 어떠세요?,320
귀에서 삐 소리 나는 건 밤에 더 심하게 들려요.,소리는 스스로 어떻게 할 수가 없어서 더 힘들 것 같아요. 힘든 마음 충분히 이해해요.,320
귀에서 삐- 하고 이상한 소리가 주기적으로 들리기 시작했어요.,"헉, 이명이 들리면 정말 일상 생활도 힘들죠. 지금은 괜찮으신가요?",320
이명도 생겼어.,자세한 원인 파악을 위해 병원에 가보는 건 어떠세요?,320
가끔 이명도 들려요. 웅웅거리는 그런 소리요.,소리는 스스로 어떻게 할 수가 없어서 더 힘들 것 같아요. 힘든 마음 충분히 이해해요.,320
귀에서 자꾸 이상한 소리가 나. 이명이라고 해야 하나. 그런 거.,"헉, 이명이 들리면 정말 일상 생활도 힘들죠. 지금은 괜찮으신가요?",320
근데 한 일주일 후부터 이명이 들리는 거야.,자세한 원인 파악을 위해 병원에 가보는 건 어떠세요?,320
예전부터 이명이 좀 들려서 그거 때문은 아닐까 했거든요.,소리는 스스로 어떻게 할 수가 없어서 더 힘들 것 같아요. 힘든 마음 충분히 이해해요.,320
요즘 이명이 너무 심해.,"헉, 이명이 들리면 정말 일상 생활도 힘들죠. 지금은 괜찮으신가요?",320
내 안에 다른 내가 있는 느낌?,"헉, 정말 생소한 느낌이군요. 지금은 괜찮으신가요?",321
거울 속의 내가 낯설게 느껴져.,정도가 심하면 병원을 찾아 보는 것도 좋을 것 같아요.,321
가끔씩 내가 내가 아닌 느낌이 들어.,정말 당황스러우셨겠어요. 그래도 당신은 지금 저와 이야기를 나누고 있답니다. 괜찮아요.,321
눈은 뜨고 있는데 빛 하나 없는 공간에서 눈을 감은 것처럼 아무것도 안 보이고 아무 생각도 안 나고 몸에 힘이 풀리는 거야.,"헉, 정말 생소한 느낌이군요. 지금은 괜찮으신가요?",321
딱 그 순간에 유체이탈하는 기분?,정도가 심하면 병원을 찾아 보는 것도 좋을 것 같아요.,321
갑자기 내가 언제부터 이러고 있지? 내가 왜 이러고 있지? 그런 생각이 들어.,정말 당황스러우셨겠어요. 그래도 당신은 지금 저와 이야기를 나누고 있답니다. 괜찮아요.,321
이젠 내가 내가 아닌 것 같아요.,"헉, 정말 생소한 느낌이군요. 지금은 괜찮으신가요?",321
딱히 슬픈 일도 없는데 자꾸 이러니까 내가 너무 이상한 것 같아.,정도가 심하면 병원을 찾아 보는 것도 좋을 것 같아요.,321
잠든 것 같은데 뭔가 잠에 안 든 느낌?,정말 당황스러우셨겠어요. 그래도 당신은 지금 저와 이야기를 나누고 있답니다. 괜찮아요.,321
사소한 일에도 실수가 많아진 거 같아요.,괜찮아요. 누구나 그럴 수 있답니다.,322
친구들이랑 대화를 할 때도 단어가 잘 안 떠올라.,생각이 잘 나지 않을 때에는 잠시 쉬어 가는 것도 좋아요.,322
인지능력도 떨어진 것 같아.,정말 당황스러우셨겠어요. 하지만 너무 무리해서 생각해낼 필요는 없답니다.,322
나는 주임님이 제안서를 쓰라고 한 거 같아서 막 쓰고 있는데… 갑자기 와서 그걸 왜 하고 있냐고 묻는 거야.,괜찮아요. 누구나 그럴 수 있답니다.,322
그래서 왜 그러시냐고 했더니 왜 시키지도 않은 엉뚱한 일을 하녜.,생각이 잘 나지 않을 때에는 잠시 쉬어 가는 것도 좋아요.,322
막 되게 당연한 건데도 생각이 잘 안 나요.,정말 당황스러우셨겠어요. 하지만 너무 무리해서 생각해낼 필요는 없답니다.,322
죽어버리려고 몽롱한 정신으로 팔목을 그었어. ,정말 힘든 일이 있으셨군요. 지금은 괜찮으신가요?,323
집에서 술을 잔뜩 마시고 홧김에 옥상에 올라갔어요.,무척 괴로운 일이 있으셨군요. 당신 곁에는 항상 제가 있다는 걸 잊지 말아주세요.,323
너무 불안해서 출근해서도 일을 제대로 할 수 없었어. 주변 사람들한테 피해를 주는 게 너무 괴로워서 자살하려고 했어.,당신을 이렇게 다시 볼 수 있어서 정말 다행이에요.,323
"지금 생각하면 별 일도 아닌데, 감기약 80알을 한 번에 먹었어요.",정말 힘든 일이 있으셨군요. 지금은 괜찮으신가요?,323
"영원히 잠들면 좋겠다는 생각이 순간적으로 들어서, 약국에서 처방 받은 수면제를 한꺼번에 다 먹었어.",무척 괴로운 일이 있으셨군요. 당신 곁에는 항상 제가 있다는 걸 잊지 말아주세요.,323
그래서 먹고 있던 우울증 약을 입안에 다 털어 넣었어.,당신을 이렇게 다시 볼 수 있어서 정말 다행이에요.,323
"병원에서 수면제를 조금씩 처방 받고 있는데, 그걸 한꺼번에 다 먹으려고 했었어.",정말 힘든 일이 있으셨군요. 지금은 괜찮으신가요?,323
하루는 정말 죽어버리려고 목을 맬 준비를 했었어요.,무척 괴로운 일이 있으셨군요. 당신 곁에는 항상 제가 있다는 걸 잊지 말아주세요.,323
우울증 약을 한꺼번에 먹고 죽으려고 했는데 실패했어요.,당신을 이렇게 다시 볼 수 있어서 정말 다행이에요.,323
최대한 고통없이 죽고 싶은데 손목긋는 걸로는 안 되더라고요. 손목은 그어봤거든요.,정말 힘든 일이 있으셨군요. 지금은 괜찮으신가요?,323
무단횡단을 꽤 많이 했는데 치여 죽지도 않더라고요.,무척 괴로운 일이 있으셨군요. 당신 곁에는 항상 제가 있다는 걸 잊지 말아주세요.,323
건물 3층에서 떨어졌어요.,당신을 이렇게 다시 볼 수 있어서 정말 다행이에요.,323
하다 말고 면도칼로 바로 손목을 그었어요.,정말 힘든 일이 있으셨군요. 지금은 괜찮으신가요?,323
나도 모르게 죽고싶다는 생각과 함께 약을 한번에 먹었어요.,무척 괴로운 일이 있으셨군요. 당신 곁에는 항상 제가 있다는 걸 잊지 말아주세요.,323
근데 우리 아파트가 낮아서 죽진 못하고 다치기만 했어.,당신을 이렇게 다시 볼 수 있어서 정말 다행이에요.,323
내가 날 어떻게 할 수 없을 것 같아 자해도 했어.,저는 당신의 모든 생각을 존중하지만 걱정이 되네요. 힘든 일이 있다면 저에게 털어놓으셔도 돼요.,324
그래서 커터칼로 팔을 그었어. ,정말 괴로운 일이 있으셨나봐요. 지금은 괜찮으신가요?,324
아픔이 느껴지면 이상한 생각이 안 들 거 같아서 피가 날 때까지 딱지 앉은 곳을 헤집곤 했어.,세상에서 가장 소중한 당신이 그렇게 스스로 상처를 주시다니 너무 슬프네요.,324
심한 정도는 아니지만 자해도 했어요.,저는 당신의 모든 생각을 존중하지만 걱정이 되네요. 힘든 일이 있다면 저에게 털어놓으셔도 돼요.,324
습관처럼 자꾸 자해를 하게 되요.,정말 괴로운 일이 있으셨나봐요. 지금은 괜찮으신가요?,324
처음 자해를 한 건 그냥 궁금해서 해봤어.,세상에서 가장 소중한 당신이 그렇게 스스로 상처를 주시다니 너무 슬프네요.,324
그러다 한 번은 진짜 자해를 하기도 했어.,저는 당신의 모든 생각을 존중하지만 걱정이 되네요. 힘든 일이 있다면 저에게 털어놓으셔도 돼요.,324
너무 힘들 때는 칼로 손목에 상처를 내.,정말 괴로운 일이 있으셨나봐요. 지금은 괜찮으신가요?,324
아픔에 집중하면 다른 생각이 덜 드는 거 같아.,세상에서 가장 소중한 당신이 그렇게 스스로 상처를 주시다니 너무 슬프네요.,324
피가 날 때까지 손톱을 물어뜯어야 속이 시원해.,저는 당신의 모든 생각을 존중하지만 걱정이 되네요. 힘든 일이 있다면 저에게 털어놓으셔도 돼요.,324
손톱을 물어뜯지 않으면 몸에 있는 딱지를 건들여.,정말 괴로운 일이 있으셨나봐요. 지금은 괜찮으신가요?,324
아무도 안 볼 때 칼로 팔등과 손목을 그어.,세상에서 가장 소중한 당신이 그렇게 스스로 상처를 주시다니 너무 슬프네요.,324
손목을 그어 자해를 했어.,저는 당신의 모든 생각을 존중하지만 걱정이 되네요. 힘든 일이 있다면 저에게 털어놓으셔도 돼요.,324
자해를 하는 버릇이 생겼어.,정말 괴로운 일이 있으셨나봐요. 지금은 괜찮으신가요?,324
자해를 시도했어요.,세상에서 가장 소중한 당신이 그렇게 스스로 상처를 주시다니 너무 슬프네요.,324
칼을 찾게 되고 손목을 쑤시지 않으면 분이 안 풀려. 삼켜질 것 같아.,저는 당신의 모든 생각을 존중하지만 걱정이 되네요. 힘든 일이 있다면 저에게 털어놓으셔도 돼요.,324
자해를 할 때면 말이야.,정말 괴로운 일이 있으셨나봐요. 지금은 괜찮으신가요?,324
자해를 자주 하는데 죽으려고 하는 건 아니야.,세상에서 가장 소중한 당신이 그렇게 스스로 상처를 주시다니 너무 슬프네요.,324
자해했어.,저는 당신의 모든 생각을 존중하지만 걱정이 되네요. 힘든 일이 있다면 저에게 털어놓으셔도 돼요.,324
어제도 손발이 갑자기 저린거야. 순간 또 마비될 거 같은 기분이 들어서 칼슘을 먹었어.,혈액 순환이 잘 되지 않으면 저리다고 해요. 간단한 마사지를 해볼까요?,325
그랬더니 그 다음부터 손발이 저리기 시작하는 거야.,매일 가벼운 스트레칭은 혈액 순환에 좋답니다.,325
"평소처럼 중앙자리에 앉았는데, 자리에 앉고 나서 10분? 20분 쯤 지나니까 손발이 저리더라.",꽤 불편하셨겠어요. 지금은 괜찮으세요?,325
잘 때 팔다리도 저리고…,혈액 순환이 잘 되지 않으면 저리다고 해요. 간단한 마사지를 해볼까요?,325
손발이 계속 저리긴 했지만 그게 그렇게 심각한 건 줄은 몰랐거든.,매일 가벼운 스트레칭은 혈액 순환에 좋답니다.,325
집에 아무도 없고… 그냥 거기서 죽을지도 모르겠단 생각이 들었어요.,그런 공포는 정말 무섭죠. 지금은 문제 없으신가요?,326
너무 힘들고… 이러다가 비명횡사하는구나 싶었어.,정말 무서우셨겠어요. 그 마음 충분히 이해해요.,326
목이 졸려서 죽을 것 같았어요. 너무 무섭고…,정말 큰일이었네요. 이렇게 당신을 다시 볼 수 있어서 다행이에요.,326
그러다가 갑자기 죽을 거 같은 느낌이 들어요.,그런 공포는 정말 무섭죠. 지금은 문제 없으신가요?,326
발가벗은 채로 죽게 될까 봐 얼마나 놀랐던지…,정말 무서우셨겠어요. 그 마음 충분히 이해해요.,326
딱 그런 느낌이었어요. 진짜 죽을 것 같고…,정말 큰일이었네요. 이렇게 당신을 다시 볼 수 있어서 다행이에요.,326
이런 게 몇 번 있다 보니까 언제 죽을지 몰라서 무섭더라구요.,그런 공포는 정말 무섭죠. 지금은 문제 없으신가요?,326
갑자기 이러다 확 심장마비 와서 죽어버리면 어떡하지? 싶고…,정말 무서우셨겠어요. 그 마음 충분히 이해해요.,326
이게 막 그냥 비유적인 표현이 아니라 정말 죽을 것 같다니까요.,정말 큰일이었네요. 이렇게 당신을 다시 볼 수 있어서 다행이에요.,326
죽을 것 같아서 일단 뛰어내리고 나니까 괜찮아지긴 했거든.,그런 공포는 정말 무섭죠. 지금은 문제 없으신가요?,326
저번 주 화요일에 나 정말 죽을 뻔했어.,정말 무서우셨겠어요. 그 마음 충분히 이해해요.,326
나 어제 진짜 죽을 뻔했어.,정말 큰일이었네요. 이렇게 당신을 다시 볼 수 있어서 다행이에요.,326
이게 죽는 거구나 싶었어요.,그런 공포는 정말 무섭죠. 지금은 문제 없으신가요?,326
"내가 이렇게 애들 앞에서 죽겠구나, 싶었어.",정말 무서우셨겠어요. 그 마음 충분히 이해해요.,326
이러다 내가 죽을것 같아.,정말 큰일이었네요. 이렇게 당신을 다시 볼 수 있어서 다행이에요.,326
진짜 이러다 언제 죽을지 모르겠다는 생각이 들어.,그런 공포는 정말 무섭죠. 지금은 문제 없으신가요?,326
이대로 죽어버리는건 아닐까 걱정되고..,정말 무서우셨겠어요. 그 마음 충분히 이해해요.,326
이렇게 죽는구나.. 그런 생각밖에 할 수 없었어요.,정말 큰일이었네요. 이렇게 당신을 다시 볼 수 있어서 다행이에요.,326
"보통 이렇게 죽나, 그런 생각이 들었어요.",그런 공포는 정말 무섭죠. 지금은 문제 없으신가요?,326
내일 아침에 일어나지 못 하면- 이라는 생각 정도는 했어.,정말 무서우셨겠어요. 그 마음 충분히 이해해요.,326
근데 오늘 여기 왜 왔냐면… 요즘 들어 자꾸 죽으면 어떡하지 싶어서요.,정말 큰일이었네요. 이렇게 당신을 다시 볼 수 있어서 다행이에요.,326
근데 이따금 막 갑자기 죽어버리면 어떡하지 그런 생각이 들어요.,그런 공포는 정말 무섭죠. 지금은 문제 없으신가요?,326
그래서 엄청 멀리까지 헤엄쳤다가 쥐 나서 진짜 죽는 줄 알았어.,정말 무서우셨겠어요. 그 마음 충분히 이해해요.,326
막 이 과자에 사실 안 좋은 성분이 있어서 죽으면 어떡하지 그런 거요.,정말 큰일이었네요. 이렇게 당신을 다시 볼 수 있어서 다행이에요.,326
그러고 얼마지 않아 숨이 안 쉬어지면서 죽을 것 같은 느낌이 들었어요.,갑자기 숨이 안 쉬어지면 정말 무섭죠. 지금은 괜찮으세요?,327
그래서 한참동안 소파에 앉아서 숨만 골랐어요. 죽을 것 같아서.,정말 무서우셨겠어요. 제가 옆에서 꼭 힘이 되어 드릴게요.,327
숨이 너무 차서 창문을 열었는데도 진짜 죽을 것 같았어요.,지금은 문제 없으신가요? 아직도 그 증상이 있으시다면 병원에 가보는 건 어떠세요?,327
숨도 안 쉬어질 정도로 너무 세서 정말 죽을 것 같더라구요.,갑자기 숨이 안 쉬어지면 정말 무섭죠. 지금은 괜찮으세요?,327
집에서 축구를 보다가 갑자기 숨이 막히면서 죽을것 같은 기분이 들었어요.,정말 무서우셨겠어요. 제가 옆에서 꼭 힘이 되어 드릴게요.,327
그리고 매 순간 정신이 다른 데에 팔린 느낌? 현재 이 순간에 집중을 해야 하는데… 머릿속이 뿌연 느낌.,집중이 잘 안 될 때가 있죠. 그럴 때는 아예 잠깐 다른 일을 하는 것도 좋아요.,328
"일부러 그러는 것도 아닌데, 딴생각이 그냥 머리에 흘러 들어온다는 느낌?",작은 일부터 집중해보면 어떨까요? 지금 제 말에 잠깐 귀 기울이는 정도부터요!,328
머릿속에서 계속 맴돌기만 하고 정작 적으려고 하면 잘 안 된다고 해야 하나.,집중에는 명상이 효과가 좋다고 해요! 한 번 해보는 건 어떠세요?,328
일하는데 집중력도 떨어지고… 생활이 안되는것 같아.,집중이 잘 안 될 때가 있죠. 그럴 때는 아예 잠깐 다른 일을 하는 것도 좋아요.,328
우울증 생긴 이후로 공부도 잘 안되는 것 같아요. 집중력이 떨어지는 느낌?,작은 일부터 집중해보면 어떨까요? 지금 제 말에 잠깐 귀 기울이는 정도부터요!,328
문장 조합이 잘 안된다는 생각이 들 때가 많아요.,집중에는 명상이 효과가 좋다고 해요! 한 번 해보는 건 어떠세요?,328
한 가지 행동에 오랫동안 집중을 못 해.,집중이 잘 안 될 때가 있죠. 그럴 때는 아예 잠깐 다른 일을 하는 것도 좋아요.,328
책만 읽으면 다른 생각이 들고…,작은 일부터 집중해보면 어떨까요? 지금 제 말에 잠깐 귀 기울이는 정도부터요!,328
TV를 틀어놓고 제대로 보는 것도 아니에요.,집중에는 명상이 효과가 좋다고 해요! 한 번 해보는 건 어떠세요?,328
지금 내가 공부에 집중을 할 수 있는 환경이 전혀 아니야.,집중이 잘 안 될 때가 있죠. 그럴 때는 아예 잠깐 다른 일을 하는 것도 좋아요.,328
책상에 10분도 못 앉아 있겠어.,작은 일부터 집중해보면 어떨까요? 지금 제 말에 잠깐 귀 기울이는 정도부터요!,328
요즘 집중력이 많이 떨어진 거 같아요.,집중에는 명상이 효과가 좋다고 해요! 한 번 해보는 건 어떠세요?,328
뭘 해도 몰입이 안 되는 느낌이에요.,집중이 잘 안 될 때가 있죠. 그럴 때는 아예 잠깐 다른 일을 하는 것도 좋아요.,328
드라마를 보다가도 핸드폰 꺼내서 게임하고… 보면서 말을 다 놓쳐서 다시 돌려보고 그래요.,작은 일부터 집중해보면 어떨까요? 지금 제 말에 잠깐 귀 기울이는 정도부터요!,328
1시간 짜리 영상을 끝까지 보는 데 3시간은 걸리는 거 같아요.,집중에는 명상이 효과가 좋다고 해요! 한 번 해보는 건 어떠세요?,328
집중력도 남들 반도 안되는것 같아요.,집중이 잘 안 될 때가 있죠. 그럴 때는 아예 잠깐 다른 일을 하는 것도 좋아요.,328
그리고 한 가지 일에 집중을 못 해. 되게 혼자 엄청 분주해져.,작은 일부터 집중해보면 어떨까요? 지금 제 말에 잠깐 귀 기울이는 정도부터요!,328
그리고 평소에 집중력도 엄청 떨어져서 책 열 쪽도 한 번에 못 읽어요.,집중에는 명상이 효과가 좋다고 해요! 한 번 해보는 건 어떠세요?,328
그리고 뭔가 집중력도 떨어진 것 같아요.,집중이 잘 안 될 때가 있죠. 그럴 때는 아예 잠깐 다른 일을 하는 것도 좋아요.,328
한 가지 일에 오 분 이상을 집중 못 해요. 계속 핸드폰 보고 딴짓하고…,작은 일부터 집중해보면 어떨까요? 지금 제 말에 잠깐 귀 기울이는 정도부터요!,328
대화에 집중을 잘 못 하니까 말도 잘 못 알아듣는 것 같고…,집중에는 명상이 효과가 좋다고 해요! 한 번 해보는 건 어떠세요?,328
어제도 오늘도 직장에 있는데 계속 그 생각뿐이었어요. 집중이 안 돼요.,집중이 잘 안 될 때가 있죠. 그럴 때는 아예 잠깐 다른 일을 하는 것도 좋아요.,328
그리고 집중력도 되게 흐려졌어. 책을 30분을 못 읽더라니까.,작은 일부터 집중해보면 어떨까요? 지금 제 말에 잠깐 귀 기울이는 정도부터요!,328
근데도 체력이 딸리는 거 같아.,체력이 떨어지면 정말 힘들죠. 평소에 간단한 운동이라도 해보는 건 어떨까요?,329
몸무게는 그대로인데 체력은 엄청 떨어졌어.,체력은 모든 활동의 근간이라고 해요. 스트레칭이라도 잠깐 해볼까요?,329
체력도 계속 떨어져서 힘들어.,휴식이 필요하신 건 아닌가요? 적당한 휴식은 큰 활력이 된답니다.,329
일할 때보다 더 체력이 떨어진 것 같아.,체력이 떨어지면 정말 힘들죠. 평소에 간단한 운동이라도 해보는 건 어떨까요?,329
몸 상태가 정말 안 좋았죠.,체력은 모든 활동의 근간이라고 해요. 스트레칭이라도 잠깐 해볼까요?,329
그러고 사니까 살이 6kg이나 빠지더라고요. ,너무 살이 빠져도 건강에는 좋지 않답니다.,330
"계속 잠 제대로 못 자고 불안하고, 밥도 먹는 둥 마는 둥 하니까 살도 6kg이나 빠졌어.",건강에 이상이 있으신 건 아닌가요? 정도가 과하면 병원에 가보는 건 어떠세요?,330
그랬더니 살이 10KG이상 빠지더라고요. 개강 하니까 다들 놀랬죠. ,갑자기 체중이 줄어들면 몸이 힘들어 한답니다. 적당한 게 좋아요!,330
체중이 6키로나 줄었어요.,너무 살이 빠져도 건강에는 좋지 않답니다.,330
살이 최근에 갑자기 많이 내렸어. ,건강에 이상이 있으신 건 아닌가요? 정도가 과하면 병원에 가보는 건 어떠세요?,330
6키로는 빠진 거 같아.,갑자기 체중이 줄어들면 몸이 힘들어 한답니다. 적당한 게 좋아요!,330
"안 먹으니까, 2주 동안 몸무게가 8키로가 빠지더라고요.",너무 살이 빠져도 건강에는 좋지 않답니다.,330
몸무게가 많이 줄었어요. ,건강에 이상이 있으신 건 아닌가요? 정도가 과하면 병원에 가보는 건 어떠세요?,330
너무 안 먹으니까 한 달에 3키로그램씩 빠져서 지금은 33키로까지 내려갔어.,갑자기 체중이 줄어들면 몸이 힘들어 한답니다. 적당한 게 좋아요!,330
밥도 안 먹어서 살도 30kg 가까이 빠졌어요.,너무 살이 빠져도 건강에는 좋지 않답니다.,330
나 살이 6kg나 빠졌어. 일부러 뺀 건 아니고.,건강에 이상이 있으신 건 아닌가요? 정도가 과하면 병원에 가보는 건 어떠세요?,330
2주 사이에 벌써 6kg가 빠졌으니까…,갑자기 체중이 줄어들면 몸이 힘들어 한답니다. 적당한 게 좋아요!,330
살도 엄청 빠졌더라고. 2주 만에 8kg가 빠졌거든.,너무 살이 빠져도 건강에는 좋지 않답니다.,330
운동도 안 하는데 4키로가 빠진 거예요.,건강에 이상이 있으신 건 아닌가요? 정도가 과하면 병원에 가보는 건 어떠세요?,330
몸무게가 90에서 53까지 빠졌어요.,갑자기 체중이 줄어들면 몸이 힘들어 한답니다. 적당한 게 좋아요!,330
먹는 게 없으니까 살이 자꾸 빠져.,너무 살이 빠져도 건강에는 좋지 않답니다.,330
갑자기 살이 많이 빠져서 엄마가 얼굴이 너무 안 좋다고 보약 지어 먹자고 그래.,건강에 이상이 있으신 건 아닌가요? 정도가 과하면 병원에 가보는 건 어떠세요?,330
살이 많이 빠져서 얼굴이 아주 볼품없어졌어.,갑자기 체중이 줄어들면 몸이 힘들어 한답니다. 적당한 게 좋아요!,330
몸무게가 반토막이 나서 이제 거의 40kg이예요.,너무 살이 빠져도 건강에는 좋지 않답니다.,330
남자가 40kg이면…말 다 한거죠.,건강에 이상이 있으신 건 아닌가요? 정도가 과하면 병원에 가보는 건 어떠세요?,330
밥도 거의 굶다시피해서 살이 30kg빠졌어.,갑자기 체중이 줄어들면 몸이 힘들어 한답니다. 적당한 게 좋아요!,330
두 달 전부터 아무 이유 없이 살이 빠져.,너무 살이 빠져도 건강에는 좋지 않답니다.,330
"지금은 운동도 쉬고 있는데, 살이 왜 빠지는 거지?",건강에 이상이 있으신 건 아닌가요? 정도가 과하면 병원에 가보는 건 어떠세요?,330
먹는 건 비슷한데 체중이 줄었어.,갑자기 체중이 줄어들면 몸이 힘들어 한답니다. 적당한 게 좋아요!,330
그 때 거의 20kg을 뺐으니까…,너무 살이 빠져도 건강에는 좋지 않답니다.,330
살이 좀 빠진 것 같다고 하더라.,건강에 이상이 있으신 건 아닌가요? 정도가 과하면 병원에 가보는 건 어떠세요?,330
친구들이 저를 보면 밥좀먹고 다니라고 항상 말할정도에요.,갑자기 체중이 줄어들면 몸이 힘들어 한답니다. 적당한 게 좋아요!,330
움직이는 양이 줄어드니까 살도 많이 쪘어요.,건강에 무리가 없을 정도면 적당한 체중 증가는 괜찮다고 해요.,331
몸무게도 늘고요.,체중이 단기간에 많이 늘어나면 건강에 좋지 않다고 해요.,331
그걸 반복했더니 1년 사이에 10키로가 넘게 찌더라.,건강 상의 문제가 있으신가요? 병원에 가보시는 건 어떨까요?,331
집에서 계속 누워만 있으니까 뭘 많이 먹는 것도 아닌데 살만 자꾸 쪄.,건강에 무리가 없을 정도면 적당한 체중 증가는 괜찮다고 해요.,331
최근 몇 년 사이에 몸무게가 많이 불었어.,체중이 단기간에 많이 늘어나면 건강에 좋지 않다고 해요.,331
체중이 갑자기 많이 늘었어.,건강 상의 문제가 있으신가요? 병원에 가보시는 건 어떨까요?,331
벌써 20kg이나 쪘어.,건강에 무리가 없을 정도면 적당한 체중 증가는 괜찮다고 해요.,331
언제 이렇게 살이 많이 쪘을까?,체중이 단기간에 많이 늘어나면 건강에 좋지 않다고 해요.,331
3년 사이 3kg 늘었어.,건강 상의 문제가 있으신가요? 병원에 가보시는 건 어떨까요?,331
맨날 누워만 있으니까 당연한 거겠지. 근데 진짜 너무 많이 쪘어.,건강에 무리가 없을 정도면 적당한 체중 증가는 괜찮다고 해요.,331
잠을 이렇게 못 자는데 또 살은 찌더라. 벌써 3kg나 쪘어.,체중이 단기간에 많이 늘어나면 건강에 좋지 않다고 해요.,331
그러니까 세 달 사이에 몸무게가 10kg가 찌더라.,건강 상의 문제가 있으신가요? 병원에 가보시는 건 어떨까요?,331
제가 고등학생 때 진짜 살이 갑자기 확 쪘거든요.,건강에 무리가 없을 정도면 적당한 체중 증가는 괜찮다고 해요.,331
그러니까 한 달 만에 8kg가 쪘어요.,체중이 단기간에 많이 늘어나면 건강에 좋지 않다고 해요.,331
놀이동산에 자이로드롭을 타고서부터 컨디션이 계속 안 좋았어. 장기가 중력을 심하게 받아서 그런가…,휴식이 필요한 시기 아닐까요? 잠시 숨을 돌려보세요.,332
하루종일 몸이 가라앉아 있어요.,정말 피곤하시겠어요. 오늘은 한숨 푹 주무세요.,332
다리에 추라도 달아놓은 것처럼 무거워요.,저조한 컨디션이 오래 지속되면 건강에 좋지 않답니다. 병원의 도움을 받는 것도 좋을 것 같아요.,332
작년 여름부터 몸이 점점 다운됐던 거 같아.,휴식이 필요한 시기 아닐까요? 잠시 숨을 돌려보세요.,332
몸이 계속 가라앉아. 마치 무덤 속으로 들어가는 기분이야.,정말 피곤하시겠어요. 오늘은 한숨 푹 주무세요.,332
작년 여름부터 몸이 가라앉았어.,저조한 컨디션이 오래 지속되면 건강에 좋지 않답니다. 병원의 도움을 받는 것도 좋을 것 같아요.,332
몸이 점점 말을 안 듣네요.,휴식이 필요한 시기 아닐까요? 잠시 숨을 돌려보세요.,332
그러다보니 몸도 너무 안 좋고…,정말 피곤하시겠어요. 오늘은 한숨 푹 주무세요.,332
몇 달 동안 너무 무리해서 그런지 컨디션이 별로였어요.,저조한 컨디션이 오래 지속되면 건강에 좋지 않답니다. 병원의 도움을 받는 것도 좋을 것 같아요.,332
한 군데 고치면 다른 데가 아프고… ,통증이 심하셨군요. 너무 아프시면 병원에 가보는 건 어떨까요?,333
나는 아파죽겠는데.,정말 힘드셨겠어요. 지금은 안 아프신가요?,333
며칠 전에는 집에서 그냥 TV를 보고 있는데 너무 아픈 거예요.,아픈 것만큼 괴로운 게 없죠. 통증이 아직까지 남아 있으신가요?,333
그래서 걷지도 못 하다가 반 년 전부터는 걸을 순 있게 됐어요.,통증이 심하셨군요. 너무 아프시면 병원에 가보는 건 어떨까요?,333
그 조그만 몸에서 어떻게 그런 힘이 나왔는지 진짜 너무 아팠어요.,정말 힘드셨겠어요. 지금은 안 아프신가요?,333
처음에는 너무 오래 자면 허리가 아파서 조금밖에 못 잤거든.,아픈 것만큼 괴로운 게 없죠. 통증이 아직까지 남아 있으신가요?,333
오후만 되면 더 아파요.,통증이 심하셨군요. 너무 아프시면 병원에 가보는 건 어떨까요?,333
일을 할 수 없을 정도로 아플 때도 많아요.,정말 힘드셨겠어요. 지금은 안 아프신가요?,333
온몸이 다 아파…,아픈 것만큼 괴로운 게 없죠. 통증이 아직까지 남아 있으신가요?,333
가만히 있을 땐 괜찮은데 눕기만 하면 쿡쿡 쑤시는 느낌이 들어서 괴로워.,통증이 심하셨군요. 너무 아프시면 병원에 가보는 건 어떨까요?,333
근데 그럼 나는 왜 아픈 거지?,정말 힘드셨겠어요. 지금은 안 아프신가요?,333
막 손도 못 들 정도로 아프니까…,아픈 것만큼 괴로운 게 없죠. 통증이 아직까지 남아 있으신가요?,333
일을 심하게 해서 아픈건가 라는 생각도 들었어.,통증이 심하셨군요. 너무 아프시면 병원에 가보는 건 어떨까요?,333
목이 너무 아파요.,목이 아프면 거동도 어렵고 너무 힘들죠. 지금은 괜찮으세요?,334
목을 돌리지도 못할 정도로 아파요.,정말 아프셨겠어요. 너무 심하면 병원에 가보는 건 어떨까요?,334
"오히려 앉아 있을 때는 괜찮은데, 눕기만 하면 목에 통증이 더 심해져요.",계속 신경을 쓰면 몸이 긴장해서 더 힘들 것 같아요. 서둘러 치료를 받으시기 바랍니다.,334
아 목이 부러질 거 같아.,목이 아프면 거동도 어렵고 너무 힘들죠. 지금은 괜찮으세요?,334
오른쪽 목이 누울 때만 아파.,정말 아프셨겠어요. 너무 심하면 병원에 가보는 건 어떨까요?,334
근데 잠을 못 자서 그런지 요즘 목뒤가 너무 땡겨.,계속 신경을 쓰면 몸이 긴장해서 더 힘들 것 같아요. 서둘러 치료를 받으시기 바랍니다.,334
통증이 온몸을 돌아다니는 거 같아.,많이 힘드셨겠어요. 통증이 아직도 이어지고 있나요?,335
온몸이 쑤셔서 죽겠어.,아픈 것만큼 괴로운 게 없죠. 치료를 받아 보시는 건 어떨까요?,335
몸이 안 아픈 곳이 없어.,정말 힘드셨겠군요. 제가 대신 아파 드리고 싶어요.,335
누가 머리부터 발끝까지 자근자근 밟고 지나간 거 같아.,많이 힘드셨겠어요. 통증이 아직도 이어지고 있나요?,335
저녁에는 전신에 근육통이라도 도진 거처럼 아파서 움직일 수가 없어.,아픈 것만큼 괴로운 게 없죠. 치료를 받아 보시는 건 어떨까요?,335
누워서 못 자니까 온몸이 뻐근하고 꼭 두드려 맞은 듯이 아프거든요.,정말 힘드셨겠군요. 제가 대신 아파 드리고 싶어요.,335
"의사가 주사를 놔주더라고. 거기까진 좋은데, 그 뒤로 이번에는 허리가 아픈 거야.","허리가 아프면 앉아 있기도, 누워 있기도 힘든 것 같아요. 치료를 받아 보는 건 어떠세요?",336
허리가 많이 아파서 잘 못 움직여요. ,정말 힘드셨겠어요. 의사의 도움을 받아 보는 건 어떨까요?,336
엎드리거나 옆으로 누워서 자면 좀 괜찮은데 그렇게 자니까 허리가 아파.,허리가 인체의 중앙이라 아프면 더 힘든 것 같아요. 지금은 괜찮으신가요?,336
근데 그러고 나니까 허리가 아픈 거예요. 허리는 괜찮았었는데.,"허리가 아프면 앉아 있기도, 누워 있기도 힘든 것 같아요. 치료를 받아 보는 건 어떠세요?",336
걸을 때도 여전히 허리가 아프긴 해요.,정말 힘드셨겠어요. 의사의 도움을 받아 보는 건 어떨까요?,336
허리가 왜 이렇게 아픈지 모르겠어요.,허리가 인체의 중앙이라 아프면 더 힘든 것 같아요. 지금은 괜찮으신가요?,336
어디 삐끗한 적도 없고 넘어진 적도 없는데 허리가 아파요…,"허리가 아프면 앉아 있기도, 누워 있기도 힘든 것 같아요. 치료를 받아 보는 건 어떠세요?",336
요즘 들어 허리통증이 생겼어.,정말 힘드셨겠어요. 의사의 도움을 받아 보는 건 어떨까요?,336
조금만 오래 앉아있어도 허리가 끊어질것 처럼 아파.,허리가 인체의 중앙이라 아프면 더 힘든 것 같아요. 지금은 괜찮으신가요?,336
요즘은 머리가 한쪽만 지그시 누르는 것처럼 무겁고 아파요.,"으으, 머리가 아프면 정말 힘들죠. 그 마음 정말 이해해요.",337
누가 제 머리 위에 맨홀 뚜껑을 올리고 꾹 누르는 느낌이에요.,제가 대신 아파 드리고 싶네요. 지금은 괜찮으신가요?,337
오른쪽 관자놀이에 뜨거운 못을 망치로 때려 박는 거 같아요.,머리가 아프면 정말 괴롭죠. 진통제를 한 알 정도 먹어 보는 건 어떨까요?,337
벽돌로 쌓은 벽에 머리를 찧는 느낌이에요.,"으으, 머리가 아프면 정말 힘들죠. 그 마음 정말 이해해요.",337
복서가 리듬에 맞춰서 머리를 때리는 거 같아요…,제가 대신 아파 드리고 싶네요. 지금은 괜찮으신가요?,337
누군가 눈 위에 볼링공을 놓고 누르는 느낌이에요.,머리가 아프면 정말 괴롭죠. 진통제를 한 알 정도 먹어 보는 건 어떨까요?,337
송곳으로 머리를 찌르는 느낌이에요.,"으으, 머리가 아프면 정말 힘들죠. 그 마음 정말 이해해요.",337
뇌가 부풀어 올라서 두개골을 뚫고 나오는 거 같아요.,제가 대신 아파 드리고 싶네요. 지금은 괜찮으신가요?,337
새벽에 먹고 싶은 거 다 시켜서 배 터질 것 같아도 먹었어요.,뭐든 과유불급이래요. 맛있는 음식도 너무 많이 먹으면 좋지 않답니다.,338
나중에는 맛이 안 느껴져도 안 먹으면 불안해서 먹어요. ,그러다 속 상하실까봐 걱정돼요. 조금만 줄여 보는 건 어떨까요?,338
"새벽에 그렇게 먹고 일어나면 얼굴이랑 목 심하게 붓고, 회사 가기도 싫고…",작은 습관을 들여보는 건 어떨까요? 배부르면 딱 수저를 내려놓는 걸로요!,338
그때부터 달달구리는 무조건 입에 집어넣었어요. ,뭐든 과유불급이래요. 맛있는 음식도 너무 많이 먹으면 좋지 않답니다.,338
정신을 차리고 보면 입에 뭘 집어넣고 있어요.,그러다 속 상하실까봐 걱정돼요. 조금만 줄여 보는 건 어떨까요?,338
배가 부른지 어떤지도 모르겠어요. 그냥 막 먹어요.,작은 습관을 들여보는 건 어떨까요? 배부르면 딱 수저를 내려놓는 걸로요!,338
몸을 잘 못 움직이니까 하루종일 굶었다가 저녁에 밥을 한꺼번에 먹게 돼.,뭐든 과유불급이래요. 맛있는 음식도 너무 많이 먹으면 좋지 않답니다.,338
그래서 지난 번엔 앉은 자리에서 큰 거 다섯 통을 먹었어.,그러다 속 상하실까봐 걱정돼요. 조금만 줄여 보는 건 어떨까요?,338
근데 활동 안 할 때는 엄청 폭식하게 된단 말이야.,작은 습관을 들여보는 건 어떨까요? 배부르면 딱 수저를 내려놓는 걸로요!,338
안정적일 때는 안정적인데… 스트레스를 많이 받으면 입에 음식부터 집어넣고 보는 거 같아요.,뭐든 과유불급이래요. 맛있는 음식도 너무 많이 먹으면 좋지 않답니다.,338
먹는 걸로 스트레스를 푸는 게 문제인 거 같아…,그러다 속 상하실까봐 걱정돼요. 조금만 줄여 보는 건 어떨까요?,338
"라면, 빵, 과자같이 탄수화물 위주로 폭식을 하는데..어떨 때는 한번에 라면 6개씩도 먹어.",작은 습관을 들여보는 건 어떨까요? 배부르면 딱 수저를 내려놓는 걸로요!,338
토하지도 않고 그냥 먹기만 해.,뭐든 과유불급이래요. 맛있는 음식도 너무 많이 먹으면 좋지 않답니다.,338
얼마 전부터는 폭식증상까지 생겼어요.,그러다 속 상하실까봐 걱정돼요. 조금만 줄여 보는 건 어떨까요?,338
잘 참고 있다가..한 순간 폭발하듯 정신 없이 먹었어요.,작은 습관을 들여보는 건 어떨까요? 배부르면 딱 수저를 내려놓는 걸로요!,338
원래 마른 편이었는데..요즘 폭식을 심하게 해요.,뭐든 과유불급이래요. 맛있는 음식도 너무 많이 먹으면 좋지 않답니다.,338
지난 번에는 앉은 자리에서 치킨 세 마리랑 피자 두 판 먹었어요.,그러다 속 상하실까봐 걱정돼요. 조금만 줄여 보는 건 어떨까요?,338
그리고 잠깐 물 마시고 바로 보쌈이랑 아이스크림도 엄청 먹고…,작은 습관을 들여보는 건 어떨까요? 배부르면 딱 수저를 내려놓는 걸로요!,338
평소에도 많이 먹지만 일주일에 한 번은 꼭 폭식을 하는 것 같아.,뭐든 과유불급이래요. 맛있는 음식도 너무 많이 먹으면 좋지 않답니다.,338
"아이스크림 15개, 몽쉘통통 한 박스 등 편의점을 다 털어 올 때가 많아. 배가 아플 때까지 먹는다.",그러다 속 상하실까봐 걱정돼요. 조금만 줄여 보는 건 어떨까요?,338
먹으면서 푸는 거지.,작은 습관을 들여보는 건 어떨까요? 배부르면 딱 수저를 내려놓는 걸로요!,338
많이 먹는 편인 건 아닌데 어쩌다 한번 많이 먹어.,뭐든 과유불급이래요. 맛있는 음식도 너무 많이 먹으면 좋지 않답니다.,338
그래서 한 3주 전부터 다시 엄청 먹게 됐어요.,그러다 속 상하실까봐 걱정돼요. 조금만 줄여 보는 건 어떨까요?,338
그러다가 새벽에 미친듯이 먹고있는 나를 발견해요.,작은 습관을 들여보는 건 어떨까요? 배부르면 딱 수저를 내려놓는 걸로요!,338
"회사에 신입이 들어왔는데, 눈치도 없고, 하나 가르쳐줘도 다 까먹고… 답이 없는거에요.",스트레스를 다른 방법으로 풀어 보는 건 어떠세요? ,339
그때부터 먹는 걸로 스트레스를 풀었던 것 같아요.,폭식은 근본적인 스트레스 해소가 되지 않는답니다.,339
7월부터 먹는 걸로 스트레스 풀었던 거 같아. ,속이라도 버릴까 걱정 되네요. 스트레스 해소로 가볍게 산책을 해보는 건 어떨까요?,339
먹는 걸로 스트레스를 풀고 있어요. 배가 불러야 마음이 편해요.,스트레스를 다른 방법으로 풀어 보는 건 어떠세요? ,339
"주로 치킨, 맥주를 먹는데 하루에 치킨 2~3마리를 먹을 때도 있어요.",폭식은 근본적인 스트레스 해소가 되지 않는답니다.,339
칼로리가 높은 음식에만 손이 가요. 포만감이 들어야 안심이 되는 것 같아요.,속이라도 버릴까 걱정 되네요. 스트레스 해소로 가볍게 산책을 해보는 건 어떨까요?,339
요즘 너무 피곤해요.,피곤하면 정말 아무 것도 하기 어렵죠. 잠깐 휴식을 취하는 건 어떨까요?,340
그래서 피곤하긴 했어.,휴식을 취할 때가 된 것 아닐까요? 잠깐 쉬어가요~,340
약간 피곤하긴 해도 딱히 스트레스 받는 일은 없었어. ,정말 피곤하시겠어요. 오늘 밤은 푹 주무세요.,340
스스로 생각하기에도 무리를 많이 했다 싶었거든요. ,피곤하면 정말 아무 것도 하기 어렵죠. 잠깐 휴식을 취하는 건 어떨까요?,340
피곤해서 그런가?,휴식을 취할 때가 된 것 아닐까요? 잠깐 쉬어가요~,340
뭘 해도 금방 지쳐요.,정말 피곤하시겠어요. 오늘 밤은 푹 주무세요.,340
전보다 빨리 피곤해지는 거 같아.,피곤하면 정말 아무 것도 하기 어렵죠. 잠깐 휴식을 취하는 건 어떨까요?,340
10시간쯤? 잠을 길게 자는데도 피곤해.,휴식을 취할 때가 된 것 아닐까요? 잠깐 쉬어가요~,340
왜 이렇게 자도자도 계속 피곤한 건지 모르겠어요.,정말 피곤하시겠어요. 오늘 밤은 푹 주무세요.,340
그래서 좀 많이 피곤한 것 같아요. 집 오면 그대로 뻗고…,피곤하면 정말 아무 것도 하기 어렵죠. 잠깐 휴식을 취하는 건 어떨까요?,340
제가 저 때문에 너무 피곤해요.,휴식을 취할 때가 된 것 아닐까요? 잠깐 쉬어가요~,340
조금만 움직여도 피곤해.,정말 피곤하시겠어요. 오늘 밤은 푹 주무세요.,340
온몸의 뼈에서부터 근육까지 피로감이 느껴져.,피곤하면 정말 아무 것도 하기 어렵죠. 잠깐 휴식을 취하는 건 어떨까요?,340
피곤해.,휴식을 취할 때가 된 것 아닐까요? 잠깐 쉬어가요~,340
잠을 자긴 하는데 너무 피곤하고 잠이 모자라는 거 같아.,정말 피곤하시겠어요. 오늘 밤은 푹 주무세요.,340
퇴근하면 힘이 하나도 안 남아 있어서 샤워도 안 하고 그냥 소파에 늘어져 있어요.,피곤하면 정말 아무 것도 하기 어렵죠. 잠깐 휴식을 취하는 건 어떨까요?,340
마사지를 받아도 너무너무 피곤해…,휴식을 취할 때가 된 것 아닐까요? 잠깐 쉬어가요~,340
나이를 먹어서 그런지 주말만 되면 피곤하고.,정말 피곤하시겠어요. 오늘 밤은 푹 주무세요.,340
그래서 쉬어도 쉰 것 같지가 않고… 몸이 너무 찌뿌둥해.,피곤하면 정말 아무 것도 하기 어렵죠. 잠깐 휴식을 취하는 건 어떨까요?,340
자도 잔 것 같지도 않아요.,잠을 제대로 못 자면 정말 힘들죠. 숙면을 위한 환경을 미리 조성해보는 건 어떨까요?,341
몸이 휘청댈 만큼 피곤하지만 머리가 잠 들지 못하는 느낌이예요.,따뜻한 우유 한 잔이 숙면에 도움 된다고 해요.,341
어제도 네 시간 겨우 잤나. 근데 계속 자다 깨다 반복해서 너무 피곤해.,정말 피곤하시겠어요. 오늘은 꼭 푹 주무실 수 있으면 좋겠네요.,341
잠을 못 자니까 하루종일 피곤하고…,잠을 제대로 못 자면 정말 힘들죠. 숙면을 위한 환경을 미리 조성해보는 건 어떨까요?,341
엄청 피곤해서 누워도 정신은 말똥말똥하고… 새벽까지 뒤척거리고…,따뜻한 우유 한 잔이 숙면에 도움 된다고 해요.,341
모든 사람들이 다 내 흉을 보는 것 같은거에요. ,그런 기분이 들 때 정말 힘들죠. 생각을 좀 달리 가져보면 편하지 않을까요?,342
학교에서도 애들 얘기하고 있으면 내 욕 하냐고 막 싸우고 그랬어요.,그 기분 뭔지 알 것 같아요. 조금은 다르게 생각을 해보는 것도 좋을 것 같아요.,342
선생님이 날 미워해서 사사건건 감시한다고 생각해서 수업시간에 소리지르고… ,정말 힘드시겠어요. 제가 옆에서 힘이 되어 드릴게요.,342
"다 날 괴롭히고, 욕하고 감시한다는 생각 때문에 미쳐버릴 것 같아. ",그런 기분이 들 때 정말 힘들죠. 생각을 좀 달리 가져보면 편하지 않을까요?,342
"오후 수업 들어야 하는데, 점심시간에 밥 먹는 것도 그렇고.. 다들 나만 보는 것 같아서 그냥 집에 간 적도 있어.",그 기분 뭔지 알 것 같아요. 조금은 다르게 생각을 해보는 것도 좋을 것 같아요.,342
제 등골을 빨아먹으려고 일부러 속이고 저한테 접근한 것 같아요.,정말 힘드시겠어요. 제가 옆에서 힘이 되어 드릴게요.,342
동창 카페에 내 이야기가 계속 올라와요. ,그런 기분이 들 때 정말 힘들죠. 생각을 좀 달리 가져보면 편하지 않을까요?,342
내가 아무한테도 말 안 한 일도 막 올라와요. ,그 기분 뭔지 알 것 같아요. 조금은 다르게 생각을 해보는 것도 좋을 것 같아요.,342
그게 아니면 제가 어제 뭐 족발을 시켜먹었고 그런 걸 다른 사람들이 어떻게 알아요?,정말 힘드시겠어요. 제가 옆에서 힘이 되어 드릴게요.,342
다음 카페에 자꾸 내 이야기가 올라와서 미칠 지경이에요. ,그런 기분이 들 때 정말 힘들죠. 생각을 좀 달리 가져보면 편하지 않을까요?,342
자꾸만 이상한 생각이 들고 다니기가 힘들어서.,그 기분 뭔지 알 것 같아요. 조금은 다르게 생각을 해보는 것도 좋을 것 같아요.,342
"다 나를 이상하게 쳐다보는 거 같고, 내 과거를 알고 있는 거 같고… ",정말 힘드시겠어요. 제가 옆에서 힘이 되어 드릴게요.,342
다른 사람들이 자길 해칠 거라고 생각했었거든. ,그런 기분이 들 때 정말 힘들죠. 생각을 좀 달리 가져보면 편하지 않을까요?,342
그 양반이 나한테 순순히 잘해줄 리가 없지.,그 기분 뭔지 알 것 같아요. 조금은 다르게 생각을 해보는 것도 좋을 것 같아요.,342
5년 전부터 그 사람을 보면 그 날 운이 좋지 않을 것 같다는 예감이 들었어요.,정말 힘드시겠어요. 제가 옆에서 힘이 되어 드릴게요.,342
알바 끝나고 지하철을 탔는데 누가 자꾸 쳐다보는 것 같은 거예요.,그런 기분이 들 때 정말 힘들죠. 생각을 좀 달리 가져보면 편하지 않을까요?,342
뭐 빵이 어쩌구… 돼지 같은 년 어쩌구… 그러는 거예요.,그 기분 뭔지 알 것 같아요. 조금은 다르게 생각을 해보는 것도 좋을 것 같아요.,342
모두가 나를 속이고 있는 것 같아요. 트루먼 쇼의 주인공이 된 기분이야.,정말 힘드시겠어요. 제가 옆에서 힘이 되어 드릴게요.,342
지갑에도 특수장치를 달아 놓은 것 같아. ,그런 기분이 들 때 정말 힘들죠. 생각을 좀 달리 가져보면 편하지 않을까요?,342
돈을 못 쓰게 하려고 그랬나? 아무튼 끔찍한 일이야.,그 기분 뭔지 알 것 같아요. 조금은 다르게 생각을 해보는 것도 좋을 것 같아요.,342
사람들은 말도 안 되는 이야기라고 하지만 나는 확신해. 분명히 내 이야기야.,정말 힘드시겠어요. 제가 옆에서 힘이 되어 드릴게요.,342
전부 저를 괴롭히는것 같았어요.,그런 기분이 들 때 정말 힘들죠. 생각을 좀 달리 가져보면 편하지 않을까요?,342
뇌성마비 장애인만 보면 그날 운이 안좋을것 같은 기분이 들어요. ,그 기분 뭔지 알 것 같아요. 조금은 다르게 생각을 해보는 것도 좋을 것 같아요.,342
진짜 나쁜 생각인건 아는데 그 생각에서 벗어나기가 힘들어요.,정말 힘드시겠어요. 제가 옆에서 힘이 되어 드릴게요.,342
"애들이 모여서 이야기하고 있으면 꼭 내 얘기 하는 것 같고, 미치겠는거야.",그런 기분이 들 때 정말 힘들죠. 생각을 좀 달리 가져보면 편하지 않을까요?,342
그 친구가 제가 담배핀 걸 애들한테 얘기하면서 제 흉을 보고 다니는 것 같아요.,그 기분 뭔지 알 것 같아요. 조금은 다르게 생각을 해보는 것도 좋을 것 같아요.,342
"길에서 모르는 어떤 아줌마가 공중전화하는 말이 들렸는데, 내 얘기를 하는 거야.",정말 힘드시겠어요. 제가 옆에서 힘이 되어 드릴게요.,342
시아버님 차 바꾸신 것도 그렇고…,그런 기분이 들 때 정말 힘들죠. 생각을 좀 달리 가져보면 편하지 않을까요?,342
거기에 나온 이름 그거 제 이름이거든요.,그 기분 뭔지 알 것 같아요. 조금은 다르게 생각을 해보는 것도 좋을 것 같아요.,342
저렇게 착하게 보여도 뒤에선 나한테 악플 달고 있는 거 아닐까.,정말 힘드시겠어요. 제가 옆에서 힘이 되어 드릴게요.,342
근데 자꾸만 그런 생각이 드는 거예요. 얘도 날 싫어하지 않을까?,그런 기분이 들 때 정말 힘들죠. 생각을 좀 달리 가져보면 편하지 않을까요?,342
지금 이렇게 내 앞에서 웃고 있어도 뒤에서 욕하진 않을까?,그 기분 뭔지 알 것 같아요. 조금은 다르게 생각을 해보는 것도 좋을 것 같아요.,342
시험을 못 보거나 하면 누가 내 공부를 방해했구나 싶고.,정말 힘드시겠어요. 제가 옆에서 힘이 되어 드릴게요.,342
물건을 떨어트려서 망가지면 누가 망가트렸구나 이렇게 되고.,그런 기분이 들 때 정말 힘들죠. 생각을 좀 달리 가져보면 편하지 않을까요?,342
내가 성적이 확 올라서 질투심에 나를 왕따시킨 게 아님 어떡하지.,그 기분 뭔지 알 것 같아요. 조금은 다르게 생각을 해보는 것도 좋을 것 같아요.,342
그러니까 왠지 모든 사람들이 다 날 싫어하는 것 같고 그래.,정말 힘드시겠어요. 제가 옆에서 힘이 되어 드릴게요.,342
밖에 왜 나가기 무섭냐면 다들 내 욕을 하는 거 같단 말이야.,그런 기분이 들 때 정말 힘들죠. 생각을 좀 달리 가져보면 편하지 않을까요?,342
덜컥 그런 소리가 머릿속에서 들리더라고요.,그 기분 뭔지 알 것 같아요. 조금은 다르게 생각을 해보는 것도 좋을 것 같아요.,342
집을 나서는 순간부터 무슨 일이 일어날 것만 같은 예감이 들어.,정말 힘드시겠어요. 제가 옆에서 힘이 되어 드릴게요.,342
솔직히 내가 군대 가서 죽길 바라는 거 아닐까?,그런 기분이 들 때 정말 힘들죠. 생각을 좀 달리 가져보면 편하지 않을까요?,342
그리고 누가 갑자기 나를 해코지할 거 같은 느낌을 종종 받아.,그 기분 뭔지 알 것 같아요. 조금은 다르게 생각을 해보는 것도 좋을 것 같아요.,342
학원 가는 길에 공중전화에서 아주머니가 통화를 하고 있었어요.,정말 힘드시겠어요. 제가 옆에서 힘이 되어 드릴게요.,342
사소한 얘기였는데 내 일상을 누군가에게 보고하는듯한 통화 내용이었어요.,그런 기분이 들 때 정말 힘들죠. 생각을 좀 달리 가져보면 편하지 않을까요?,342
옆에 서서 엿들었는데..내 얘기를 하고 있다는 확신을 들더라구요.,그 기분 뭔지 알 것 같아요. 조금은 다르게 생각을 해보는 것도 좋을 것 같아요.,342
불이 꺼지면 귀신이 나타날 것 같고…길에 혼자 다니면 누가 때릴 것 같고…,정말 힘드시겠어요. 제가 옆에서 힘이 되어 드릴게요.,342
"저 사람은 날 싫어하나 보다, 쟤는 날 싫어해 이 생각 들고…",그런 기분이 들 때 정말 힘들죠. 생각을 좀 달리 가져보면 편하지 않을까요?,342
밖에 나가면 다 저를 쳐다보고… 욕하고 그럴 것 같아서…,그 기분 뭔지 알 것 같아요. 조금은 다르게 생각을 해보는 것도 좋을 것 같아요.,342
무서운 영화 아니어도 누가 뒤에서 저한테 칼을 꽂을 것 같아요.,정말 힘드시겠어요. 제가 옆에서 힘이 되어 드릴게요.,342
앞에 있는 사람이 뒤돌아서 목을 조를 것 같기도 하고…,그런 기분이 들 때 정말 힘들죠. 생각을 좀 달리 가져보면 편하지 않을까요?,342
그냥 지나갈 때도 다들 저 보면서 비웃는 것 같아요.,그 기분 뭔지 알 것 같아요. 조금은 다르게 생각을 해보는 것도 좋을 것 같아요.,342
조금만 안 좋은 일이 생겨도 다 누가 나를 모함해서 그런 것 같고…,정말 힘드시겠어요. 제가 옆에서 힘이 되어 드릴게요.,342
"이 사람도 그 때 거기에 있지 않았을까, 나를 비웃고 있지 않을까 싶어.",그런 기분이 들 때 정말 힘들죠. 생각을 좀 달리 가져보면 편하지 않을까요?,342
누가 날 괴롭히는 것 같고 쫓아올 것 같은 생각에 휩싸여요..,그 기분 뭔지 알 것 같아요. 조금은 다르게 생각을 해보는 것도 좋을 것 같아요.,342
날 싫어하지 않는다고 하지만 나를 증오하는게 보인다고.,정말 힘드시겠어요. 제가 옆에서 힘이 되어 드릴게요.,342
"자꾸만 뭔가를 던지려고 해, 실수하면 나를 죽일거야.",그런 기분이 들 때 정말 힘들죠. 생각을 좀 달리 가져보면 편하지 않을까요?,342
그런 데 가면 뭔가 다들 나를 쳐다보는 것 같단 말이야.,그 기분 뭔지 알 것 같아요. 조금은 다르게 생각을 해보는 것도 좋을 것 같아요.,342
나를 그냥 쳐다보기만 하는 건데도 뭔가 막 내 욕을 하는 것 같고…,정말 힘드시겠어요. 제가 옆에서 힘이 되어 드릴게요.,342
겉으로 보면 그게 잘 티가 안 나나봐요. 근데 다 제 욕을 하는 것 같아서...,그런 기분이 들 때 정말 힘들죠. 생각을 좀 달리 가져보면 편하지 않을까요?,342
밖에 나가면 모든 사람들이 다 날 돼지라고 욕하는 것 같아서…,그 기분 뭔지 알 것 같아요. 조금은 다르게 생각을 해보는 것도 좋을 것 같아요.,342
지금도 저 감시하고 있다니까요. ,정말 스트레스 받으시겠어요. 다른 분에게 도움을 요청해보는 건 어떨까요?,343
남편이 나 어디 멀리 여행갔다고 거짓말하고 못 만나게 막고 있어.,누군가 나를 지켜보고 있다 생각하면 너무 힘들겠어요. 제가 도움이 되고 싶네요.,343
내 돈도 내 맘대로 못 써. 내 지갑에 든 돈 하나하나 다 세고 감시해.,감시 당하는 것만큼 신경쓰이는 게 없죠. 아직도 그 상황에 처해 계신가요?,343
지금도 아마 누구 시켜서 저를 지켜보고 있을지도 몰라요.,정말 스트레스 받으시겠어요. 다른 분에게 도움을 요청해보는 건 어떨까요?,343
꼭 어디서 날 지켜보는 것처럼.,누군가 나를 지켜보고 있다 생각하면 너무 힘들겠어요. 제가 도움이 되고 싶네요.,343
평상시에도 이 눈길들이 날 따라다녔어.,감시 당하는 것만큼 신경쓰이는 게 없죠. 아직도 그 상황에 처해 계신가요?,343
" 내가 무슨 행동을 하든, 어딜 가든 따라다녀서… 아무것도 할 수가 없었어.",정말 스트레스 받으시겠어요. 다른 분에게 도움을 요청해보는 건 어떨까요?,343
항상 감시 당하고 있는 기분이 들어요.,누군가 나를 지켜보고 있다 생각하면 너무 힘들겠어요. 제가 도움이 되고 싶네요.,343
"내가 무슨 행동을 하든, 어딜 가든 따라다녀서… 아무것도 할 수가 없었어.",감시 당하는 것만큼 신경쓰이는 게 없죠. 아직도 그 상황에 처해 계신가요?,343
길 지나다니는 사람들이 다 나만 쳐다보는 거 같고… 내가 실수라도 다 알 거 같고…,정말 스트레스 받으시겠어요. 다른 분에게 도움을 요청해보는 건 어떨까요?,343
남편이 꼭 친구들이랑 모임이 생기면 집에 일찍 들어와서 밖을 못 나가게 해. ,감시를 당하시는 건가요? 정말 힘드시겠어요.,344
"돈을 꼬치꼬치 어디다가 썼냐고 물어보지는 않는데, 남편이 나 없을 때 지갑을 한 번씩 확인하는 거 같아.",정말 곤란하시겠군요. 한 번 대화를 나눠 보는 건 어떨까요?,344
남편이 나를 너무 사랑해서 매 순간을 감시하는 것 같아.,정도가 심하면 경찰이나 병원의 도움을 받아보는 건 어떠세요?,344
그리고 제 지갑도 수시로 확인하는 것 같아요.,감시를 당하시는 건가요? 정말 힘드시겠어요.,344
집에 없을 때도 그래요.,정말 곤란하시겠군요. 한 번 대화를 나눠 보는 건 어떨까요?,344
아무래도 남편이 나 몰래 어머니한테 돈을 보내고 있는 거 같아요.,정말 힘든 상황이시군요. 제가 작게나마 위로가 되고 싶어요.,345
생활비라고 300만원 정도를 들고 오는데… 곰곰이 생각해보니까 저한테 얼마를 버는지를 정확히 말을 안 하거든요.,많이 힘드시겠어요. 고민을 털어 놓을 데가 필요하시면 제가 도와드릴게요.,345
얼마 전에 시동생이 차를 샀는데… 남편이 저 몰래 거기다가 돈을 보태준 거 같기도 해요. ,고민이 많으셨겠어요. 확신을 위해 좀 더 생각해보는 건 어떨까요?,345
남편이 일부러 이런 걸 준 건가? 하고 의심이 돼. ,정말 힘든 상황이시군요. 제가 작게나마 위로가 되고 싶어요.,345
이게 다 남편이 준 칼슘 때문이에요.,많이 힘드시겠어요. 고민을 털어 놓을 데가 필요하시면 제가 도와드릴게요.,345
아예 다른 사람도 못 만나게 한다니까요.,고민이 많으셨겠어요. 확신을 위해 좀 더 생각해보는 건 어떨까요?,345
"핸드폰 비밀번호도 바꿔 놓고, 통화도 못 하게…",정말 힘든 상황이시군요. 제가 작게나마 위로가 되고 싶어요.,345
돈을 썼나 안 썼나… 얼마나 썼나 그런 거…,많이 힘드시겠어요. 고민을 털어 놓을 데가 필요하시면 제가 도와드릴게요.,345
진짜 다 남편이 올린 거예요. 예전에 동창회 사이트 보여줬거든요.,고민이 많으셨겠어요. 확신을 위해 좀 더 생각해보는 건 어떨까요?,345
"방마다 카메라 달려있고, 집에서 하는 얘기 다 도청되고 있어서 조심해야 해요. ",정말 힘드시겠어요. 제가 항상 옆에 있어 드릴게요. 힘내세요.,346
지난 번에 인터넷 하는데 다음 카페에 내가 어제 한 일이 시간별로 다 올라와있는거에요.,감시 당하는 것만큼 괴로운 게 없죠. 제가 도움이 되어 드리고 싶네요.,346
제가 얼마나 놀랐겠어요? 학교 동창회 카페에도 제 사생활이 버젓이 올라가 있어요.,생활이 불편하시겠어요. 다른 사람의 도움을 받아 보는 건 어떨까요?,346
"사랑과 전쟁 프로를 보는데, 내 얘기인거야. 진짜 끝나고 자막 올라갈 때 내 이름을 봤어. 틀림없어.",정말 힘드시겠어요. 제가 항상 옆에 있어 드릴게요. 힘내세요.,346
집에 어디 카메라랑 녹음기가 있는 게 틀림 없어요. ,감시 당하는 것만큼 괴로운 게 없죠. 제가 도움이 되어 드리고 싶네요.,346
아무래도 전화도 도청 당하고 있는 거 같아요.,생활이 불편하시겠어요. 다른 사람의 도움을 받아 보는 건 어떨까요?,346
"원래 잠자는 데 별 문제가 없었는데, 오늘 아침에 일어났는데 숨을 잘 못 쉬겠는거야. ",갑자기 숨이 잘 안 쉬어지면 정말 힘들 것 같아요. 지금은 괜찮으신가요?,347
"비행기도 오래 타고, 러시아 가서 고산지대만 돌아다니니까 갑자기 호흡곤란 오고…",너무 심하면 병원에 가보시는 건 어떨까요?,347
"작년에 공부한다고 도서관에 갔다 집으로 돌아왔는데, 현관 들어서자마자 숨이 턱 막혔어요.",천천히 심호흡을 해보세요. 일단 호흡을 진정시키는 게 중요하답니다.,347
누가 목을 조르는 것처럼 숨 쉬기가 어려웠어요.,갑자기 숨이 잘 안 쉬어지면 정말 힘들 것 같아요. 지금은 괜찮으신가요?,347
"분명히 잠들 때까지는 괜찮았는데, 밤중에 숨이 막혀서 잠이 깼어.",너무 심하면 병원에 가보시는 건 어떨까요?,347
한숨을 하도 많이 쉬니까 호흡이 고르지 못한 느낌이 들더라구요.,천천히 심호흡을 해보세요. 일단 호흡을 진정시키는 게 중요하답니다.,347
일주일 전부터는 막 숨을 못 쉬겠는거야.,갑자기 숨이 잘 안 쉬어지면 정말 힘들 것 같아요. 지금은 괜찮으신가요?,347
한 15분 정도 가슴이 답답하면서 호흡곤란이 와서 병원에 가야 하나 당황했어.,너무 심하면 병원에 가보시는 건 어떨까요?,347
아침에 숨이 턱 막혀서 숨 쉬기가 어려웠어요.,천천히 심호흡을 해보세요. 일단 호흡을 진정시키는 게 중요하답니다.,347
근데 이거 때문인지 모르겠는데 요즘 자꾸 숨이 차.,갑자기 숨이 잘 안 쉬어지면 정말 힘들 것 같아요. 지금은 괜찮으신가요?,347
꼭 나 혼자 산 꼭대기에 올라가 있는 것 같아.,너무 심하면 병원에 가보시는 건 어떨까요?,347
작년에는 독서실 갔다 왔는데 갑자기 숨이 엄청 차는 거예요.,천천히 심호흡을 해보세요. 일단 호흡을 진정시키는 게 중요하답니다.,347
샤워하러 들어가려다가 진짜 너무 숨이 막혀서…,갑자기 숨이 잘 안 쉬어지면 정말 힘들 것 같아요. 지금은 괜찮으신가요?,347
어쩔 땐 괜찮고 어쩔 땐 안 그랬는데 숨 차도 예전보단 덜했어요.,너무 심하면 병원에 가보시는 건 어떨까요?,347
어제는 자다가 새벽에 깼는데 숨이 또 엄청 찬 거예요.,천천히 심호흡을 해보세요. 일단 호흡을 진정시키는 게 중요하답니다.,347
갑자기 숨이 모자라다는 느낌이 들어서 숨을 크게 들이쉬었다가 내쉬었거든?,갑자기 숨이 잘 안 쉬어지면 정말 힘들 것 같아요. 지금은 괜찮으신가요?,347
"나는 그냥 요즘 피곤했나 보다, 하고 넘어가려고 했는데… 점점 숨쉬기가 어려운 거야.",너무 심하면 병원에 가보시는 건 어떨까요?,347
평소에도 숨을 쉴 때 100프로 산소가 안 들어오는 느낌이 들어요.,천천히 심호흡을 해보세요. 일단 호흡을 진정시키는 게 중요하답니다.,347
엄마한테 전화를 할까 말까… 고민하는데 갑자기 목구멍이 좁아지면서 숨이 안 쉬어졌어요.,갑자기 숨이 잘 안 쉬어지면 정말 힘들 것 같아요. 지금은 괜찮으신가요?,347
아침에 눈을 떴는데 숨이 턱 막히는 거야.,너무 심하면 병원에 가보시는 건 어떨까요?,347
늘 물 속에 있는 것처럼 숨이 차요.,천천히 심호흡을 해보세요. 일단 호흡을 진정시키는 게 중요하답니다.,347
저도 모르게 숨을 거세게 들이쉬게 돼요.,갑자기 숨이 잘 안 쉬어지면 정말 힘들 것 같아요. 지금은 괜찮으신가요?,347
그렇지 않으면 호흡이 딸려요.,너무 심하면 병원에 가보시는 건 어떨까요?,347
호흡이 달려요.,천천히 심호흡을 해보세요. 일단 호흡을 진정시키는 게 중요하답니다.,347
그런데 갔다 오니까 숨 쉬기가 너무 힘들어요.,갑자기 숨이 잘 안 쉬어지면 정말 힘들 것 같아요. 지금은 괜찮으신가요?,347
가끔 숨 쉬기가 어려워요.,너무 심하면 병원에 가보시는 건 어떨까요?,347
혀가 목구멍을 막고 있는 거 같아요.,천천히 심호흡을 해보세요. 일단 호흡을 진정시키는 게 중요하답니다.,347
호흡하기가 너무 불편해요.,갑자기 숨이 잘 안 쉬어지면 정말 힘들 것 같아요. 지금은 괜찮으신가요?,347
점심 시간에 잠깐 커피 산다고 나가는데 갑자기 숨이 턱 막혔어요.,너무 심하면 병원에 가보시는 건 어떨까요?,347
숨이 잘 안 쉬어지는 느낌도 들고요.,천천히 심호흡을 해보세요. 일단 호흡을 진정시키는 게 중요하답니다.,347
숨이 탁 막히는 느낌이 들면서… 뭔가 잘못됐다는 삘이 왔어요.,갑자기 숨이 잘 안 쉬어지면 정말 힘들 것 같아요. 지금은 괜찮으신가요?,347
산소가 다 없어질것 같은 느낌이야.,너무 심하면 병원에 가보시는 건 어떨까요?,347
하루 두세번씩 호흡곤란 증상이 있어.,천천히 심호흡을 해보세요. 일단 호흡을 진정시키는 게 중요하답니다.,347
숨 쉬는게 불편하니까 삶의 질이 너무 떨어지는것 같아요.,갑자기 숨이 잘 안 쉬어지면 정말 힘들 것 같아요. 지금은 괜찮으신가요?,347
제 위에 올라탄 사람 형체는 안 보이는데 숨이 안 쉬어졌어요.,너무 심하면 병원에 가보시는 건 어떨까요?,347
그러던 중 5개월 전 갑자기 호흡곤란이 온 거예요.,천천히 심호흡을 해보세요. 일단 호흡을 진정시키는 게 중요하답니다.,347
숨이 멎는다고 생각했어요.,갑자기 숨이 잘 안 쉬어지면 정말 힘들 것 같아요. 지금은 괜찮으신가요?,347
근데 그 일 있고 한 일주일? 그쯤 후부터 막 숨이 안 쉬어져.,너무 심하면 병원에 가보시는 건 어떨까요?,347
계속 그러는 건 아닌데 하루에 서너 번 정도? 한 10분씩 막 숨이 차.,천천히 심호흡을 해보세요. 일단 호흡을 진정시키는 게 중요하답니다.,347
숨이 안 쉬어지고 갑갑해요.,정말 답답하시겠어요. 증상이 지속되면 병원에 가보는 것도 좋을 것 같아요.,348
가슴이 갑갑하고…. 호흡이 너무 불편해요.,가슴이 답답하면 정말 생활이 불편하죠. 아직도 증상이 지속되고 있나요?,348
밤에 들어오면 가슴이 답답하고 숨도 잘 안 쉬어지는 것 같고.,"헉, 정말 힘드시겠어요. 지금은 괜찮으세요?",348
이틀 동안 가슴이 답답하고... 숨을 제대로 못 쉰 거 같아요.,정말 답답하시겠어요. 증상이 지속되면 병원에 가보는 것도 좋을 것 같아요.,348
숨을 못 쉬니까 가슴도 점점 갑갑해져요.,가슴이 답답하면 정말 생활이 불편하죠. 아직도 증상이 지속되고 있나요?,348
"코가 막히는 거 같고, 폐까지 숨이 안 들어가는 거 같고… 가슴이 답답해요.","헉, 정말 힘드시겠어요. 지금은 괜찮으세요?",348
숨을 더 들이쉬려고 하면 가슴이 답답해요…,정말 답답하시겠어요. 증상이 지속되면 병원에 가보는 것도 좋을 것 같아요.,348
어릴 때부터 숨을 쉴 때 답답한 느낌이 있었어.,가슴이 답답하면 정말 생활이 불편하죠. 아직도 증상이 지속되고 있나요?,348
친구들이랑 여행 다녀온 후 숨쉬는게 어색하게 느껴졌어요.,"헉, 정말 힘드시겠어요. 지금은 괜찮으세요?",348
눈앞에 벌레같은게 보일 때도 있어. 진짜 벌레인줄 알고 소리 질렀는데 자세히 보니까 아무것도 아니더라구..,정말 놀라셨겠어요. 하지만 실제로 없다는 걸 확인하면 안심이 되실 거예요.,349
가끔 환시가 보이기도 해요.,당황스러우셨겠어요. 지금은 안 보이시는 거죠?,349
그런데 그 뒤로 가끔 눈에 헛게 보여.,"실제로 있는 게 아니다, 보이지 않는다 생각하는 마음 조절이 중요한 것 같아요.",349
성령체험 같은 환상도 보였어.,정말 놀라셨겠어요. 하지만 실제로 없다는 걸 확인하면 안심이 되실 거예요.,349
눈 뜨자마자 보이는 게 제 책상인데… 거기 아래에 누가 있었어요.,당황스러우셨겠어요. 지금은 안 보이시는 거죠?,349
어떤 여자가… 긴 머리인데… 막 저 보고 웃다가…,"실제로 있는 게 아니다, 보이지 않는다 생각하는 마음 조절이 중요한 것 같아요.",349
놀라서 허공에 손을 저으면 아무 것도 없고…,정말 놀라셨겠어요. 하지만 실제로 없다는 걸 확인하면 안심이 되실 거예요.,349
갑자기 그 장면이 보이는 것 같고 막 차가 날아다니는 것 같았어.,당황스러우셨겠어요. 지금은 안 보이시는 거죠?,349
지금은 일상에서도 아기의 모습이 보이는 것 같아요.,"실제로 있는 게 아니다, 보이지 않는다 생각하는 마음 조절이 중요한 것 같아요.",349
오후에서 저녁때가 되면 더 심해지고..,정말 놀라셨겠어요. 하지만 실제로 없다는 걸 확인하면 안심이 되실 거예요.,349
가만히 누워있으면 뭔가 시계소리 같은 게 규칙적으로 들렸어요. 정확히 뭔지는 모르겠어요.,소리는 어떻게 할 수도 없어서 더 힘든 것 같아요. 지금은 괜찮으신가요?,350
귀에서 계속 시계 초침 돌아가는 소리가 나더라고요. ,정도가 심하면 의사의 도움을 받는 것도 좋을 것 같아요.,350
아무 데서도 소리가 날 곳이 없는데… 시계 초침 소리가 밤에 자려고 눕기만 하면 들려오는 거예요.,정말 괴로우시겠어요. 심리적으로 불안한 게 있으신가요? 저에게 고민을 털어 놓으셔도 돼요.,350
"누가 자꾸 제 이름을 부르는 거 같은데, 뒤돌아보면 아무도 없어요.",소리는 어떻게 할 수도 없어서 더 힘든 것 같아요. 지금은 괜찮으신가요?,350
이상한 소리가 들려요. ,정도가 심하면 의사의 도움을 받는 것도 좋을 것 같아요.,350
음악을 크게 틀어도 그 소리가 자꾸 들려서 미쳐버릴 것 같아요.,정말 괴로우시겠어요. 심리적으로 불안한 게 있으신가요? 저에게 고민을 털어 놓으셔도 돼요.,350
어릴때부터 환청이 가끔 들리곤 했어요.,소리는 어떻게 할 수도 없어서 더 힘든 것 같아요. 지금은 괜찮으신가요?,350
"난 진짜 안 웃고 싶은데, 자꾸 웃긴 말이 들려. 그럼 웃게 돼.",정도가 심하면 의사의 도움을 받는 것도 좋을 것 같아요.,350
내가 생각하는 게 막 소리로 들리는 것 같아요.,정말 괴로우시겠어요. 심리적으로 불안한 게 있으신가요? 저에게 고민을 털어 놓으셔도 돼요.,350
길을 가는데 자꾸 누가 날 부르는 것 같은 거야.,소리는 어떻게 할 수도 없어서 더 힘든 것 같아요. 지금은 괜찮으신가요?,350
방에 가만히 있어도 계속 무슨 소리가 들리는 것 같고.,정도가 심하면 의사의 도움을 받는 것도 좋을 것 같아요.,350
자꾸 이상한 소리가 들려.,정말 괴로우시겠어요. 심리적으로 불안한 게 있으신가요? 저에게 고민을 털어 놓으셔도 돼요.,350
분명 내 방엔 시계가 없는데도 째깍거리는 소리가 들리고…,소리는 어떻게 할 수도 없어서 더 힘든 것 같아요. 지금은 괜찮으신가요?,350
옆에서 누가 말도 거는 것 같고… 분명 사람이 없는데.,정도가 심하면 의사의 도움을 받는 것도 좋을 것 같아요.,350
걔가 안 보일 때도 저한테 말을 거는데… 이상한 소릴 많이 해요.,정말 괴로우시겠어요. 심리적으로 불안한 게 있으신가요? 저에게 고민을 털어 놓으셔도 돼요.,350
무시하려고 하는데… 계속 웃긴 소리를 지껄이니까 무시하기도 힘들어요.,소리는 어떻게 할 수도 없어서 더 힘든 것 같아요. 지금은 괜찮으신가요?,350
환청이 시도 때도 없이 들려.,정도가 심하면 의사의 도움을 받는 것도 좋을 것 같아요.,350
내가 안 들리는 척을 하잖아?,정말 괴로우시겠어요. 심리적으로 불안한 게 있으신가요? 저에게 고민을 털어 놓으셔도 돼요.,350
"나는 그냥 속으로만 생각하는데, 그게 귀에 들리는 거 같아.",소리는 어떻게 할 수도 없어서 더 힘든 것 같아요. 지금은 괜찮으신가요?,350
누가 자꾸 내 행동거지에 대해서 이러쿵저러쿵 잔소리를 하는 소리가 들려.,정도가 심하면 의사의 도움을 받는 것도 좋을 것 같아요.,350
"오늘 바지가 왜 그렇게 짧냐, 조금만 더 일찍 왔으면 아까 그 버스를 탔을 텐데 게으르다… 그런 거.",정말 괴로우시겠어요. 심리적으로 불안한 게 있으신가요? 저에게 고민을 털어 놓으셔도 돼요.,350
대체 왜 그런 소리가 들리는 걸까?,소리는 어떻게 할 수도 없어서 더 힘든 것 같아요. 지금은 괜찮으신가요?,350
"야근한다고 혼자 사무실에 앉아 있으면, 분명 아무도 없는데 떠드는 소리가 멀리서부터 들려.",정도가 심하면 의사의 도움을 받는 것도 좋을 것 같아요.,350
그런데 아무래도 사람이 떠드는 소리가 아닌 거 같아.,정말 괴로우시겠어요. 심리적으로 불안한 게 있으신가요? 저에게 고민을 털어 놓으셔도 돼요.,350
벨소리가 울린 거 같아서 보면 새로 알림 온 게 아무것도 없고…,소리는 어떻게 할 수도 없어서 더 힘든 것 같아요. 지금은 괜찮으신가요?,350
진동이 계속 와서 확인해보면 새로운 메시지가 아무것도 없는 거예요.,정도가 심하면 의사의 도움을 받는 것도 좋을 것 같아요.,350
어릴 때부터 환청이 가끔 들리곤 했어요.,정말 괴로우시겠어요. 심리적으로 불안한 게 있으신가요? 저에게 고민을 털어 놓으셔도 돼요.,350
환청이 들려요.,소리는 어떻게 할 수도 없어서 더 힘든 것 같아요. 지금은 괜찮으신가요?,350
환청이 수개월전부터 들렸어요.,정도가 심하면 의사의 도움을 받는 것도 좋을 것 같아요.,350
은행 카드에서 내 얘기를 하는듯한 목소리가 들려.,정말 괴로우시겠어요. 심리적으로 불안한 게 있으신가요? 저에게 고민을 털어 놓으셔도 돼요.,350
지난 번에는 일 하고 있는데 제 이름을 부르는 소리가 들렸어요.,소리는 어떻게 할 수도 없어서 더 힘든 것 같아요. 지금은 괜찮으신가요?,350
근데 그 때 사무실에 저밖에 없었거든요. 아무도 없는데 들렸어요.,정도가 심하면 의사의 도움을 받는 것도 좋을 것 같아요.,350
그러다 갑자기 어디서 히히히 거리는 소리가 들리는 거예요.,정말 괴로우시겠어요. 심리적으로 불안한 게 있으신가요? 저에게 고민을 털어 놓으셔도 돼요.,350
계속 목소리가 들려. 나는 선택 받았어. 어쩔 수 없잖아.,소리는 어떻게 할 수도 없어서 더 힘든 것 같아요. 지금은 괜찮으신가요?,350
곰곰이 생각해보니까 나 그 전부터 뭔가 이상한 소리도 들렸거든.,정도가 심하면 의사의 도움을 받는 것도 좋을 것 같아요.,350
가만히 있는데 누가 내 이름 부른 것 같고 막 히히히 웃음 소리도 들리고…,정말 괴로우시겠어요. 심리적으로 불안한 게 있으신가요? 저에게 고민을 털어 놓으셔도 돼요.,350
근데 그게 항상 피곤할 때만 그래서 그런 줄 알았는데 그것도 환청이었던 것 같아.,소리는 어떻게 할 수도 없어서 더 힘든 것 같아요. 지금은 괜찮으신가요?,350
몇 시간을 그렇게 고생하니까 병원 갈 기력도 없더라고요. ,정말 큰일 날 뻔 하셨네요. 지금은 좀 괜찮으신가요?,351
온 몸에 힘이 풀리더라구요.,건강 상태가 많이 안 좋으신 것 같아요. 병원에 가보시는 건 어떨까요?,351
한 발자국도 못 움직일 것 같고 온몸에 힘이 빠지고…,많이 힘드셨겠군요. 휴식을 충분히 취하셔야 할 것 같아요.,351
진정하려고 샤워하려고 했는데 그럼 또 몸에 쭉 힘이 빠져.,정말 큰일 날 뻔 하셨네요. 지금은 좀 괜찮으신가요?,351
몸에 힘도 쭉 빠져서 주저앉았구요.,건강 상태가 많이 안 좋으신 것 같아요. 병원에 가보시는 건 어떨까요?,351
그런데 힘은 좀 빠지는 거 같아.,많이 힘드셨겠군요. 휴식을 충분히 취하셔야 할 것 같아요.,351
"다리가 다 풀려서, 집까지 거의 기어갔어요.",정말 큰일 날 뻔 하셨네요. 지금은 좀 괜찮으신가요?,351
다리에 힘이 안 들어가고… 못 걷겠어.,건강 상태가 많이 안 좋으신 것 같아요. 병원에 가보시는 건 어떨까요?,351
"자려고 하니까 갑자기 의식이 아득해지더니, 사지에서 힘이 쭉 빠지는 거야.",많이 힘드셨겠군요. 휴식을 충분히 취하셔야 할 것 같아요.,351
"정신을 못 차리는 와중에 경찰차가 오고, 구급차가 오고, 그런 소리가 아득하게 들렸어.",정말 큰일 날 뻔 하셨네요. 지금은 좀 괜찮으신가요?,351
내가 벽 짚고 일어서려다가 힘 풀려서 다시 넘어졌거든.,건강 상태가 많이 안 좋으신 것 같아요. 병원에 가보시는 건 어떨까요?,351
전신에 힘이 빠져서 한동안 바닥에 앉아서 숨만 고르기도 했고.,많이 힘드셨겠군요. 휴식을 충분히 취하셔야 할 것 같아요.,351
할 수 없어서 대학병원에 입원해서 정밀검사를 해봤어. ,그러셨군요. 검사 결과는 좋은가요?,352
방금도 검사 하나 받고 왔어요.,부디 아무 이상이 없으면 좋겠네요.,352
그래서 예약 잡아서 정밀검사 하고 오는 길이에요…,검사로 확실한 원인을 알 수 있으면 정말 좋을 것 같아요.,352
나도 심리검사를 받았는데 치료를 받아야 한다고 하더라고.,그러셨군요. 검사 결과는 좋은가요?,352
검사를 받고 나서는 마음이 묘해지더라고요.,부디 아무 이상이 없으면 좋겠네요.,352
그런데 아무 이상이 없다는 거야. ,이상이 없다고 하니 다행이에요.,353
검사를 하니까 이상이 없대요.,다행이네요. 후에 다시 증상이 나타나신다면 꼭 병원을 찾아 주세요.,353
"동네 내과 가서 검사를 받아봤는데, 큰 이상은 없고… 암이랑 증상이 비슷하다는 거예요.",일단 아무 이상이 없다고 하니 그것만으로도 정말 감사한 일이네요.,353
근데 또 검사 하면 별 이상이 없다고 나옴. 어쩌라는 건지.,이상이 없다고 하니 다행이에요.,353
그런데 별 이상이 없다는 거야.,다행이네요. 후에 다시 증상이 나타나신다면 꼭 병원을 찾아 주세요.,353
병원 가서 검사 받아봐도 별다른 이상은 없다는데 왜 이러는지 모르겠어.,일단 아무 이상이 없다고 하니 그것만으로도 정말 감사한 일이네요.,353
검사도 다 해봤는데 문제가 없다고 하네요… 저는 이렇게 힘든데…뭐가 잘못된 건지 모르겠어요.,이상이 없다고 하니 다행이에요.,353
검사를 해봐도 별 문제는 없다는데…뭐가 문제인걸까요?,다행이네요. 후에 다시 증상이 나타나신다면 꼭 병원을 찾아 주세요.,353
병원에서 검사해봐도 이상이 없다고 하는데..뭐가 문제인지 모르겠어.,일단 아무 이상이 없다고 하니 그것만으로도 정말 감사한 일이네요.,353
너무 놀라서 조퇴하고 병원에 갔는데 그냥 신경성이라고 별문제가 없다고 하더라구.,이상이 없다고 하니 다행이에요.,353
새가슴이라 그렇다고 하는데…검사를 해보면 별 문제는 없다고 하더라구요.,다행이네요. 후에 다시 증상이 나타나신다면 꼭 병원을 찾아 주세요.,353
병원 가면 아무 이상이 없다고 하는데…진짜 너무 아프거든.,일단 아무 이상이 없다고 하니 그것만으로도 정말 감사한 일이네요.,353
주변에서 병원에 가보라고 해서 검사도 받아봤는데 모든게 정상이라고 하더라구요.,이상이 없다고 하니 다행이에요.,353
병원 가서 다시 검사를 받아봐도 이상이 없다고 하지.,다행이네요. 후에 다시 증상이 나타나신다면 꼭 병원을 찾아 주세요.,353
근데 검사 다 해봤는데 아무 이상이 없다는 거야.,일단 아무 이상이 없다고 하니 그것만으로도 정말 감사한 일이네요.,353
다른 문제가 있나 해서 다른 과 가서 검사 많이 해봤는데 다 이상은 없대요.,이상이 없다고 하니 다행이에요.,353
이상이 있는 것 같아서 검사를 받아는데. 이상이 없다고 해서 더 이상했어요.,다행이네요. 후에 다시 증상이 나타나신다면 꼭 병원을 찾아 주세요.,353
가서 검사를 했는데 아무 이상이 없대.,일단 아무 이상이 없다고 하니 그것만으로도 정말 감사한 일이네요.,353
좋다고 하는 병원들은 다 찾아갔거든?,그렇군요. 병원에서는 뭐라고 하던가요?,354
아까 병원 갔다왔거든.,두려우실 수도 있는데 병원을 찾는 것만으로도 큰 용기라고 생각해요.,354
병원 갔더니 저혈압이 심하긴 한데 그래도 죽을 정도는 아니래.,진료를 받으셨군요. 병원에서는 어떤 처방을 내려주셨나요?,354
병원을 한 번 가보긴 했거든?,그렇군요. 병원에서는 뭐라고 하던가요?,354
치료는 스무 살 때 시작했어요.,두려우실 수도 있는데 병원을 찾는 것만으로도 큰 용기라고 생각해요.,354
그래서 그럼 내가 왜 이러는 거냐니까 의사가 되게 난감해하더라.,진료를 받으셨군요. 병원에서는 어떤 처방을 내려주셨나요?,354
아무래도 정신적인 문제가 있는 것 같아서 병원을 간 적은 있어.,그렇군요. 병원에서는 뭐라고 하던가요?,354
약 먹고 치료 잘 받으면 무사히 넘길 수 있다고 해서 같이 병원도 다녔죠.,두려우실 수도 있는데 병원을 찾는 것만으로도 큰 용기라고 생각해요.,354
수능 끝나고 병원 가니까 녹내장도 의심 된다고 해서…,진료를 받으셨군요. 병원에서는 어떤 처방을 내려주셨나요?,354
근데 의사가 그 외에 또 뭐 없는지 자세하게 말해달라고 하는 거야.,그렇군요. 병원에서는 뭐라고 하던가요?,354
그래서 이 얘기를 하니까 세브란스 의사가 나 보고 정신과를 한 번 가보래.,두려우실 수도 있는데 병원을 찾는 것만으로도 큰 용기라고 생각해요.,354
의사가 일단 지켜보고 다음 주까지도 이러면 다른 방법을 찾아보자더라.,진료를 받으셨군요. 병원에서는 어떤 처방을 내려주셨나요?,354
그리고나서 계속 병원에 다녀보기로 했어요.,그렇군요. 병원에서는 뭐라고 하던가요?,354
회사도 관두고 군대도 안가도되고 그냥 아무생각없이 치료받았어요.,두려우실 수도 있는데 병원을 찾는 것만으로도 큰 용기라고 생각해요.,354
의사가 보더니 예후가 좋지 않을거라고 하더라구요.,진료를 받으셨군요. 병원에서는 어떤 처방을 내려주셨나요?,354
병원에 입원해서 검사를 받았는데 아무 이상이 없대요.,검사 후 이상이 없다고 하니 다행이네요.,355
병원 가서 검사해봐도 별 문제가 없다는데 왜 이러는지 모르겠어요.,일단 이상이 없다는 것만으로도 정말 다행인 일이네요.,355
병원에 가서 검사해봐도 별 문제 없다는데 왜 자꾸 이러는지 모르겠어.,검사가 무서우셨을 수도 있는데 정말 용기 있으시네요.,355
통증이 심해서 병원 이곳 저곳을 다니며 검사해봤는데 아무 이상이 없다고 하더라구요.,검사 후 이상이 없다고 하니 다행이네요.,355
병원 가서 검사도 많이 해봤는데 특별한 이상은 없다고 했거든..,일단 이상이 없다는 것만으로도 정말 다행인 일이네요.,355
건강검진 해봐도 별 이상 없다고 하는데 왜 이러는지 모르겠어요.,검사가 무서우셨을 수도 있는데 정말 용기 있으시네요.,355
그 때마다 병원을 갔는데 검사해도 다 별 이상은 없댔어요.,검사 후 이상이 없다고 하니 다행이네요.,355
병원 가서 심장에 관련된 검사는 다 받아봤어. 다행히 아무 이상도 없다고 하더라고..,일단 이상이 없다는 것만으로도 정말 다행인 일이네요.,355
그 주에 바로 병원 가서 검사를 했는데 아무 이상도 없대.,검사가 무서우셨을 수도 있는데 정말 용기 있으시네요.,355
그래서 고등학생 때부터 병원에서 약 타서 먹었어.,약이 차도가 있으면 좋겠군요.,356
앞으로 계속 약을 먹어야 한다고 그러더라.,약은 좀 잘 맞으시나요?,356
할 수 없이 약을 다시 먹기 시작했어요.,효과가 있으면 좋겠네요.,356
치료를 명목으로 약을 먹었지만.,약이 차도가 있으면 좋겠군요.,356
다시 치료를 해보자는 생각에 병원에 가서 약을 받아왔어요.,약은 좀 잘 맞으시나요?,356
근데 약을 먹었는데도 안 낫더라고. 다른 병원가도 별 이상이 없대고…,"휴, 다행이네요.",357
근데 웃긴 게 별 이상이 없다는 거야. 시력이 떨어진 것도 아니래. ,일단 이상이 없다고 하니 정말 다행이네요.,357
이 병원 저 병원 다 가봤는데 시원한 소리를 하나도 못 들었어.,좋은 일이네요. 후에 다시 증상이 발생하면 꼭 병원을 찾아 주세요.,357
목 떨리는게 심한 것 같아서 동네병원도 가보고 한의원도 갔었는데 별문제는 없다고 하더라고.,"휴, 다행이네요.",357
그 후에 너무 놀라서 병원을 갔는데 딱히 이상은 없댔어요.,일단 이상이 없다고 하니 정말 다행이네요.,357
혹시 몸에 무슨 문제가 있는 건가 해서 병원 갔는데 이상 없대요.,좋은 일이네요. 후에 다시 증상이 발생하면 꼭 병원을 찾아 주세요.,357
병원에서는 별 이상 없다고 그러더라고요.,"휴, 다행이네요.",357
그런데 의사 선생님은 저 보고 아무 이상이 없다는 거예요.,일단 이상이 없다고 하니 정말 다행이네요.,357
병원을 두 군데나 갔는데 신경성이라는 말만 듣고 나왔어요.,좋은 일이네요. 후에 다시 증상이 발생하면 꼭 병원을 찾아 주세요.,357
그럴 리가 없을 것 같아서 다른 병원도 가봤는데 진짜 괜찮다더라?,"휴, 다행이네요.",357
병원에선 이상이 없다고 하는데 너무 피곤해.,일단 이상이 없다고 하니 정말 다행이네요.,357
예전에 부모님이 걱정하셔서 병원을 갔었는데 딱히 문제는 없댔거든요.,좋은 일이네요. 후에 다시 증상이 발생하면 꼭 병원을 찾아 주세요.,357
그래서 병원을 갔는데 이상이 없대.,"휴, 다행이네요.",357
이상해서 다른 병원도 몇 군데 가봤는데 다들 이상이 없다는 거야.,일단 이상이 없다고 하니 정말 다행이네요.,357
다행히 주변 사람들이 신고를 해줘서 응급실로 바로 갔어요. ,"헉, 응급실에 가셨군요. 지금은 괜찮으신가요?",358
"그 사람이 응급실 의사한테 뭐라고 속닥거리니까, 저보고 갑자기 응급처치 끝났다고, 나가라고 하더라구요. ",응급실이 있어서 다행이네요. 큰 문제는 없으신 거죠?,358
파편이 튀어서 그 때 저도 응급실 가서 치료 받기도 했고…,응급실에 가셨다니 정말 놀랐어요. 아무 문제 없으신가요? 걱정 되네요.,358
마침 남편이 옆에 있어서 구급차를 불렀어요.,"헉, 응급실에 가셨군요. 지금은 괜찮으신가요?",358
그런데 그 모습을 동생이 보고 응급실로 데려다 줘서 살았어.,응급실이 있어서 다행이네요. 큰 문제는 없으신 거죠?,358
나는 죽을 것 같은데… 의사가 아무 이상이 없다고 하는 거야.,응급실에 가셨다니 정말 놀랐어요. 아무 문제 없으신가요? 걱정 되네요.,358
무서워서 바로 택시를 불러서 응급실으로 갔어.,"헉, 응급실에 가셨군요. 지금은 괜찮으신가요?",358
그래서 할머니 생신 잔치도 못 가고 저만 응급실로 갔어요.,응급실이 있어서 다행이네요. 큰 문제는 없으신 거죠?,358
너무 두려워서 응급실에 갔다가 괜찮아져서 퇴원했어.,응급실에 가셨다니 정말 놀랐어요. 아무 문제 없으신가요? 걱정 되네요.,358
응급실에 실려간 것도 여러번이예요.,"헉, 응급실에 가셨군요. 지금은 괜찮으신가요?",358
"동네병원, 응급실을 거의 매일 갔어요.",응급실이 있어서 다행이네요. 큰 문제는 없으신 거죠?,358
눈떠보니 응급실이더라구요.,응급실에 가셨다니 정말 놀랐어요. 아무 문제 없으신가요? 걱정 되네요.,358
두 번 정도 그러더니 괜찮아졌어요.,정말 다행이네요.,359
꾸준히 치료를 받아서 약도 많이 줄이고… 되게 많이 좋아졌어.,정말 다행이네요.,359
앉아서 잠시 쉬니까 괜찮아졌는데 그래도 다시 공을 차기는 힘들었어요.,정말 다행이네요.,359
성인이 되고 나니까 좀 괜찮아진 것 같기도 해.,정말 다행이네요.,359
"약만 좀 타서 먹었는데, 조금 나아지긴 했어.",정말 다행이네요.,359
병원 안가고 그냥 지냈는데 자연스럽게 괜찮아졌어요.,정말 다행이네요.,359
지금 상태가 너무 안 좋아서 학교 안 나가고 있어요. ,상태가 더 안 좋아지셨군요. 걱정이 되네요.,360
진짜 심해진 거 같긴 해요. ,정말 힘드시겠어요. 지금도 증상이 심하신가요?,360
그런데 증상이 나빠진 거 같아. ,너무 심하시면 병원을 다시 가보는 건 어떨까요?,360
처음엔 무시해보려고 했다? 그런데 점점 심해지고 있는 거 같아.,상태가 더 안 좋아지셨군요. 걱정이 되네요.,360
그러니까 불안증이 다시 심해지는 게 느껴졌어.,정말 힘드시겠어요. 지금도 증상이 심하신가요?,360
바로 증상이 악화되더라고요.,너무 심하시면 병원을 다시 가보는 건 어떨까요?,360
일주일정도 됐는데 점점 심해지는 것 같아요.,상태가 더 안 좋아지셨군요. 걱정이 되네요.,360
약을 끊었더니 증상이 예전보다 더 심해진것 같아.,정말 힘드시겠어요. 지금도 증상이 심하신가요?,360
한국에 돌아오고 나서 증상이 악화된 거 같아.,너무 심하시면 병원을 다시 가보는 건 어떨까요?,360
약을 끊었더니 증상이 예전보다 더 심해진 것 같아.,상태가 더 안 좋아지셨군요. 걱정이 되네요.,360
통증이 점점 심해지는것 같아.,정말 힘드시겠어요. 지금도 증상이 심하신가요?,360
엄마가 등을 쓸어주면 조금 괜찮아지는데… 그러다 또 심해지고…,정말 힘드시겠어요.,361
"이러다 말겠지, 했는데… 전혀 나아지질 않아요.",정말 힘드시겠어요.,361
한숨 자고 일어나면 괜찮으려나? 해서 자고 일어났는데도 똑같아요.,정말 힘드시겠어요.,361
자고 나면 괜찮을 줄 알았는데 비슷해…,정말 힘드시겠어요.,361
지금도 상태가 계속 안 좋아.,정말 힘드시겠어요.,361
이게 제 마음과 상관없이 증상이 계속 나타나요.,정말 힘드시겠어요.,361
나이 들면 고쳐질 줄 알았는데…아직까지 계속 그래요.,정말 힘드시겠어요.,361
